4
2500
0.885875
0.885875
0.885373
0.885373
0.886522
0.886522
0.887059
0.887059
0.883437
0.883437
0.882882
0.882882
0.883727
0.883727
0.88354
0.88354
0.883103
0.883103
0.883613
0.883613
0.883478
0.883478
0.88361
0.88361
0.884043
0.884043
0.884048
0.884048
0.884206
0.884206
0.88309
0.88309
0.882833
0.882833
0.884529
0.884529
0.883343
0.883343
0.88421
0.88421
0.884711
0.884711
0.883013
0.883013
0.885125
0.885125
0.884594
0.884594
0.884833
0.884833
0.884931
0.884931
0.885138
0.885138
0.888044
0.888044
0.888284
0.888284
0.887254
0.887254
0.887776
0.887776
0.888452
0.888452
0.88787
0.88787
0.887146
0.887146
0.88443
0.88443
0.884154
0.884154
0.884488
0.884488
0.884854
0.884854
0.886923
0.886923
0.884779
0.884779
0.884093
0.884093
0.884058
0.884058
0.884081
0.884081
0.886622
0.886622
0.886299
0.886299
0.886596
0.886596
0.887027
0.887027
0.887153
0.887153
0.88746
0.88746
0.883997
0.883997
0.88399
0.88399
0.884036
0.884036
0.884073
0.884073
0.8841
0.8841
0.884085
0.884085
0.884141
0.884141
0.883842
0.883842
0.883851
0.883851
0.884453
0.884453
0.885967
0.885967
0.885434
0.885434
0.886131
0.886131
0.886311
0.886311
0.888167
0.888167
0.88791
0.88791
0.887872
0.887872
0.887526
0.887526
0.887546
0.887546
0.884945
0.884945
0.883892
0.883892
0.883714
0.883714
0.884263
0.884263
0.884619
0.884619
0.885478
0.885478
0.885856
0.885856
0.884718
0.884718
0.884986
0.884986
0.885813
0.885813
0.88561
0.88561
0.885725
0.885725
0.885952
0.885952
0.88538
0.88538
0.886821
0.886821
0.886788
0.886788
0.886487
0.886487
0.886892
0.886892
0.887086
0.887086
0.886474
0.886474
0.886807
0.886807
0.886674
0.886674
0.88622
0.88622
0.886437
0.886437
0.886455
0.886455
0.886466
0.886466
0.884645
0.884645
0.884439
0.884439
0.886618
0.886618
0.884785
0.884785
0.884079
0.884079
0.884059
0.884059
0.884087
0.884087
0.886735
0.886735
0.886654
0.886654
0.887464
0.887464
0.887371
0.887371
0.88693
0.88693
0.887345
0.887345
0.884047
0.884047
0.884124
0.884124
0.884066
0.884066
0.884065
0.884065
0.884403
0.884403
0.886243
0.886243
0.88602
0.88602
0.884713
0.884713
0.886729
0.886729
0.886831
0.886831
0.886337
0.886337
0.886681
0.886681
0.887036
0.887036
0.887128
0.887128
0.88749
0.88749
0.88726
0.88726
0.887641
0.887641
0.887805
0.887805
0.887857
0.887857
0.887405
0.887405
0.887309
0.887309
0.887706
0.887706
0.887333
0.887333
0.886873
0.886873
0.886991
0.886991
0.886994
0.886994
0.886686
0.886686
0.887071
0.887071
0.887482
0.887482
0.886909
0.886909
0.886959
0.886959
0.886985
0.886985
0.88783
0.88783
0.886443
0.886443
0.886311
0.886311
0.88667
0.88667
0.886943
0.886943
0.88676
0.88676
0.886623
0.886623
0.887205
0.887205
0.886895
0.886895
0.886316
0.886316
0.886791
0.886791
0.887161
0.887161
0.88681
0.88681
0.886972
0.886972
0.886964
0.886964
0.886352
0.886352
0.886763
0.886763
0.886715
0.886715
0.886665
0.886665
0.88673
0.88673
0.886778
0.886778
0.886796
0.886796
0.886301
0.886301
0.886234
0.886234
0.886921
0.886921
0.886747
0.886747
0.886693
0.886693
0.885853
0.885853
0.885874
0.885874
0.886248
0.886248
0.887221
0.887221
0.887345
0.887345
0.887212
0.887212
0.887944
0.887944
0.886297
0.886297
0.885797
0.885797
0.886407
0.886407
0.886288
0.886288
0.886723
0.886723
0.886901
0.886901
0.886901
0.886901
0.886901
0.886901
0.886901
0.886901
0.886901
0.886901
0.886901
0.886901
0.886901
0.886901
0.886901
0.886901
0.886901
0.886901
0.886901
0.886901
0.886901
0.886901
0.886901
0.886901
0.886901
0.886901
0.886901
0.886901
0.886901
0.886901
0.886901
0.886901
0.886901
0.886901
0.886901
0.886901
0.886901
0.886901
0.886901
0.886901
0.886901
0.886901
0.886901
0.886901
0.886901
0.886901
0.886901
0.886901
