4
2500
0.885871
0.885871
0.885669
0.885669
0.885765
0.885765
0.885751
0.885751
0.885819
0.885819
0.885883
0.885883
0.885825
0.885825
0.885825
0.885825
0.885825
0.885825
0.885825
0.885825
0.885948
0.885948
0.886278
0.886278
0.886221
0.886221
0.88648
0.88648
0.886589
0.886589
0.886842
0.886842
0.886878
0.886878
0.886878
0.886878
0.886878
0.886878
0.886878
0.886878
0.886854
0.886854
0.886805
0.886805
0.886919
0.886919
0.886977
0.886977
0.886936
0.886936
0.886768
0.886768
0.886646
0.886646
0.886646
0.886646
0.886646
0.886646
0.886646
0.886646
0.886549
0.886549
0.886205
0.886205
0.886351
0.886351
0.886216
0.886216
0.886081
0.886081
0.886047
0.886047
0.885986
0.885986
0.885986
0.885986
0.885986
0.885986
0.885986
0.885986
0.883606
0.883606
0.883606
0.883606
0.883606
0.883606
0.883606
0.883606
0.883307
0.883307
0.883307
0.883307
0.883307
0.883307
0.883307
0.883307
0.8833
0.8833
0.8833
0.8833
0.8833
0.8833
0.8833
0.8833
0.884535
0.884535
0.884535
0.884535
0.884535
0.884535
0.884535
0.884535
0.885203
0.885203
0.885203
0.885203
0.885203
0.885203
0.885203
0.885203
0.88554
0.88554
0.88554
0.88554
0.88554
0.88554
0.88554
0.88554
0.887304
0.887304
0.887304
0.887304
0.887304
0.887304
0.887304
0.887304
0.887906
0.887906
0.887906
0.887906
0.887906
0.887906
0.887906
0.887906
0.887202
0.887202
0.887202
0.887202
0.887202
0.887202
0.887202
0.887202
0.886901
0.886901
0.886901
0.886901
0.886901
0.886901
0.886901
0.886901
0.886863
0.886863
0.886863
0.886863
0.886863
0.886863
0.886863
0.886863
0.886895
0.886895
0.886895
0.886895
0.886895
0.886895
0.886895
0.886895
0.886673
0.886673
0.886673
0.886673
0.886673
0.886673
0.886673
0.886673
0.887179
0.887179
0.887179
0.887179
0.887179
0.887179
0.887179
0.887179
0.887322
0.887322
0.887322
0.887322
0.887322
0.887322
0.887322
0.887322
0.887053
0.887053
0.887053
0.887053
0.887053
0.887053
0.887053
0.887053
0.887455
0.887455
0.887455
0.887455
0.887455
0.887455
0.887455
0.887455
0.886672
0.886672
0.886672
0.886672
0.886672
0.886672
0.886672
0.886672
0.884771
0.884771
0.884771
0.884771
0.884771
0.884771
0.884771
0.884771
0.884001
0.884001
0.884001
0.884001
0.884001
0.884001
0.884001
0.884001
0.886901
0.886901
0.886901
0.886901
0.886901
0.886901
0.886901
0.886901
0.884001
0.884001
0.884001
0.884001
0.884001
0.884001
0.884001
0.884001
0.885203
0.885203
0.885203
0.885203
0.885203
0.885203
0.885203
0.885203
0.887322
0.887322
0.887322
0.887322
0.887322
0.887322
0.887322
0.887322
0.886044
0.886044
0.886042
0.886042
0.886105
0.886105
0.886125
0.886125
0.886218
0.886218
0.886206
0.886206
0.886141
0.886141
0.886141
0.886141
0.886141
0.886141
0.886141
0.886141
0.886096
0.886096
0.886101
0.886101
0.8863
0.8863
0.88627
0.88627
0.886447
0.886447
0.886635
0.886635
0.886632
0.886632
0.886632
0.886632
0.886632
0.886632
0.886632
0.886632
0.886561
0.886561
0.886521
0.886521
0.886247
0.886247
0.886482
0.886482
0.886416
0.886416
0.886323
0.886323
0.886208
0.886208
0.886208
0.886208
0.886208
0.886208
0.886208
0.886208
0.886278
0.886278
0.88635
0.88635
0.886061
0.886061
0.886305
0.886305
0.886102
0.886102
0.886133
0.886133
0.886112
0.886112
0.886112
0.886112
0.886112
0.886112
0.886112
0.886112
