4
2500
0.886143
0.886143
0.886143
0.886143
0.886143
0.886143
0.886143
0.886143
0.886143
0.886143
0.886143
0.886143
0.886143
0.886143
0.886143
0.886143
0.887668
0.887668
0.887668
0.887668
0.885803
0.885803
0.885803
0.885803
0.887668
0.887668
0.887668
0.887668
0.885803
0.885803
0.885803
0.885803
0.886594
0.886594
0.886594
0.886594
0.887588
0.887588
0.885889
0.885889
0.886594
0.886594
0.886594
0.886594
0.887588
0.887588
0.885889
0.885889
0.88574
0.88574
0.88574
0.88574
0.88574
0.88574
0.88574
0.88574
0.886686
0.886686
0.884759
0.884759
0.886686
0.886686
0.884759
0.884759
0.887828
0.887828
0.887828
0.887828
0.886901
0.886901
0.886901
0.886901
0.883835
0.883835
0.883835
0.883835
0.884001
0.884001
0.884001
0.884001
0.887828
0.887828
0.887828
0.887828
0.886901
0.886901
0.886901
0.886901
0.883835
0.883835
0.883835
0.883835
0.884001
0.884001
0.884001
0.884001
0.887805
0.887805
0.886268
0.886268
0.884869
0.884869
0.885832
0.885832
0.887921
0.887921
0.887921
0.887921
0.887302
0.887302
0.887302
0.887302
0.887499
0.887499
0.887397
0.887397
0.887227
0.887227
0.887455
0.887455
0.887805
0.887805
0.886268
0.886268
0.884869
0.884869
0.885832
0.885832
0.887921
0.887921
0.887921
0.887921
0.887302
0.887302
0.887302
0.887302
0.887499
0.887499
0.887397
0.887397
0.887227
0.887227
0.887455
0.887455
0.882989
0.882989
0.882778
0.882778
0.882989
0.882989
0.882778
0.882778
0.888742
0.888742
0.887699
0.887699
0.888742
0.888742
0.887699
0.887699
0.884994
0.884994
0.884994
0.884994
0.885183
0.885183
0.885183
0.885183
0.884994
0.884994
0.884994
0.884994
0.885183
0.885183
0.885183
0.885183
0.886371
0.886371
0.886607
0.886607
0.883639
0.883639
0.884329
0.884329
0.886371
0.886371
0.886607
0.886607
0.883639
0.883639
0.884329
0.884329
0.886901
0.886901
0.886901
0.886901
0.884001
0.884001
0.884001
0.884001
0.886901
0.886901
0.886901
0.886901
0.884001
0.884001
0.884001
0.884001
0.886268
0.886268
0.885832
0.885832
0.887302
0.887302
0.887302
0.887302
0.887397
0.887397
0.887455
0.887455
0.886268
0.886268
0.885832
0.885832
0.887302
0.887302
0.887302
0.887302
0.887397
0.887397
0.887455
0.887455
0.882778
0.882778
0.882778
0.882778
0.887699
0.887699
0.887699
0.887699
0.885183
0.885183
0.885183
0.885183
0.885183
0.885183
0.885183
0.885183
0.886607
0.886607
0.884329
0.884329
0.886607
0.886607
0.884329
0.884329
