4
2500
0.88769
0.88769
0.88769
0.88769
0.88769
0.88769
0.88769
0.88769
0.88769
0.88769
0.88769
0.88769
0.88769
0.88769
0.88769
0.88769
0.88769
0.88769
0.88769
0.88769
0.88769
0.88769
0.88769
0.88769
0.88769
0.88769
0.88769
0.88769
0.88769
0.88769
0.88769
0.88769
0.88769
0.88769
0.88769
0.88769
0.88769
0.88769
0.88769
0.88769
0.88769
0.88769
0.88769
0.88769
0.88769
0.88769
0.88769
0.88769
0.88769
0.88769
0.88769
0.88769
0.88769
0.88769
0.88769
0.88769
0.885957
0.885957
0.883834
0.883834
0.885415
0.885415
0.88594
0.88594
0.885957
0.885957
0.883834
0.883834
0.883834
0.883834
0.885957
0.885957
0.885957
0.885957
0.883834
0.883834
0.886561
0.886561
0.885156
0.885156
0.883799
0.883799
0.885064
0.885064
0.886561
0.886561
0.885156
0.885156
0.885156
0.885156
0.886561
0.886561
0.886561
0.886561
0.885156
0.885156
0.887576
0.887576
0.886355
0.886355
0.886938
0.886938
0.888301
0.888301
0.887576
0.887576
0.886355
0.886355
0.886355
0.886355
0.887576
0.887576
0.887576
0.887576
0.886355
0.886355
0.887886
0.887886
0.887261
0.887261
0.886708
0.886708
0.886758
0.886758
0.887886
0.887886
0.887261
0.887261
0.887261
0.887261
0.887886
0.887886
0.887886
0.887886
0.887261
0.887261
0.886057
0.886057
0.886057
0.886057
0.886023
0.886023
0.886023
0.886023
0.886023
0.886023
0.886023
0.886023
0.886023
0.886023
0.886023
0.886023
0.886023
0.886023
0.886023
0.886023
0.886366
0.886366
0.886366
0.886366
0.886634
0.886634
0.886634
0.886634
0.886634
0.886634
0.886634
0.886634
0.886634
0.886634
0.886634
0.886634
0.886634
0.886634
0.886634
0.886634
0.886139
0.886139
0.886139
0.886139
0.886425
0.886425
0.886425
0.886425
0.886425
0.886425
0.886425
0.886425
0.886425
0.886425
0.886425
0.886425
0.886425
0.886425
0.886425
0.886425
0.885859
0.885859
0.885859
0.885859
0.88592
0.88592
0.88592
0.88592
0.88592
0.88592
0.88592
0.88592
0.88592
0.88592
0.88592
0.88592
0.88592
0.88592
0.88592
0.88592
0.886749
0.886749
0.886355
0.886355
0.886938
0.886938
0.886734
0.886734
0.886928
0.886928
0.886355
0.886355
0.886355
0.886355
0.886928
0.886928
0.886708
0.886708
0.886355
0.886355
0.88729
0.88729
0.887261
0.887261
0.886708
0.886708
0.887005
0.887005
0.887226
0.887226
0.887261
0.887261
0.887261
0.887261
0.887226
0.887226
0.887323
0.887323
0.887261
0.887261
0.883581
0.883581
0.883834
0.883834
0.885415
0.885415
0.885546
0.885546
0.883909
0.883909
0.883834
0.883834
0.883834
0.883834
0.883909
0.883909
0.883563
0.883563
0.883834
0.883834
0.884928
0.884928
0.885156
0.885156
0.883799
0.883799
0.883936
0.883936
0.885303
0.885303
0.885156
0.885156
0.885156
0.885156
0.885303
0.885303
0.88495
0.88495
0.885156
0.885156
0.886348
0.886348
0.886173
0.886173
0.886151
0.886151
0.886348
0.886348
0.886051
0.886051
0.886112
0.886112
0.885615
0.885615
0.886065
0.886065
0.886165
0.886165
0.886348
0.886348
0.886065
0.886065
0.886079
0.886079
0.886065
0.886065
0.886065
0.886065
0.886015
0.886015
0.886109
0.886109
0.886348
0.886348
0.886401
0.886401
0.885652
0.885652
0.886065
0.886065
0.885928
0.885928
0.886351
0.886351
0.88655
0.88655
0.885928
0.885928
0.886476
0.886476
0.885313
0.885313
0.885392
0.885392
0.886394
0.886394
0.886413
0.886413
0.885928
0.885928
0.885684
0.885684
0.885662
0.885662
0.886394
0.886394
0.886394
0.886394
0.886644
0.886644
0.886545
0.886545
0.885928
0.885928
0.88591
0.88591
0.88541
0.88541
0.886394
0.886394
0.886085
0.886085
0.886085
0.886085
0.885608
0.885608
0.886085
0.886085
0.88625
0.88625
0.886056
0.886056
0.886132
0.886132
0.886416
0.886416
0.88609
0.88609
0.886085
0.886085
0.886207
0.886207
0.886189
0.886189
0.886416
0.886416
0.886416
0.886416
0.885916
0.885916
0.885584
0.885584
0.886085
0.886085
0.885931
0.885931
0.886103
0.886103
0.886416
0.886416
0.88649
0.88649
0.885725
0.885725
0.885431
0.885431
0.88649
0.88649
0.886049
0.886049
0.88623
0.88623
0.886583
0.886583
0.885836
0.885836
0.88569
0.88569
0.88649
0.88649
0.88637
0.88637
0.886342
0.886342
0.885836
0.885836
0.885836
0.885836
0.885919
0.885919
0.885422
0.885422
0.88649
0.88649
0.886723
0.886723
0.886522
0.886522
0.885836
0.885836
0.885574
0.885574
0.885574
0.885574
0.885574
0.885574
0.885574
0.885574
0.886065
0.886065
0.886348
0.886348
0.886348
0.886348
0.886065
0.886065
0.885574
0.885574
0.885574
0.885574
0.886348
0.886348
0.886065
0.886065
0.885293
0.885293
0.885574
0.885574
0.885574
0.885574
0.885293
0.885293
0.886194
0.886194
0.886348
0.886348
0.886065
0.886065
0.886253
0.886253
0.885286
0.885286
0.885286
0.885286
0.885286
0.885286
0.885286
0.885286
0.886394
0.886394
0.885928
0.885928
0.885928
0.885928
0.886394
0.886394
0.885286
0.885286
0.885286
0.885286
0.885928
0.885928
0.886394
0.886394
0.88586
0.88586
0.885286
0.885286
0.885286
0.885286
0.88586
0.88586
0.885977
0.885977
0.885928
0.885928
0.886394
0.886394
0.886397
0.886397
0.886149
0.886149
0.886149
0.886149
0.886149
0.886149
0.886149
0.886149
0.886416
0.886416
0.886085
0.886085
0.886085
0.886085
0.886416
0.886416
0.886149
0.886149
0.886149
0.886149
0.886085
0.886085
0.886416
0.886416
0.886011
0.886011
0.886149
0.886149
0.886149
0.886149
0.886011
0.886011
0.886248
0.886248
0.886085
0.886085
0.886416
0.886416
0.886392
0.886392
0.886576
0.886576
0.886576
0.886576
0.886576
0.886576
0.886576
0.886576
0.885836
0.885836
0.88649
0.88649
0.88649
0.88649
0.885836
0.885836
0.886576
0.886576
0.886576
0.886576
0.88649
0.88649
0.885836
0.885836
0.886378
0.886378
0.886576
0.886576
0.886576
0.886576
0.886378
0.886378
0.886379
0.886379
0.88649
0.88649
0.885836
0.885836
0.88593
0.88593
0.887567
0.887567
0.887464
0.887464
0.885415
0.885415
0.885819
0.885819
0.883408
0.883408
0.885177
0.885177
0.886483
0.886483
0.886998
0.886998
0.886542
0.886542
0.887324
0.887324
0.886246
0.886246
0.886045
0.886045
0.885133
0.885133
0.886253
0.886253
0.886029
0.886029
0.886326
0.886326
0.886107
0.886107
0.886139
0.886139
0.886483
0.886483
0.886213
0.886213
0.886542
0.886542
0.886977
0.886977
0.887464
0.887464
0.887238
0.887238
0.883408
0.883408
0.883217
0.883217
0.885858
0.885858
0.885858
0.885858
0.886723
0.886723
0.886293
0.886293
0.886226
0.886226
0.885919
0.885919
0.88612
0.88612
0.88612
0.88612
0.886401
0.886401
0.885875
0.885875
0.886304
0.886304
0.886015
0.886015
0.886505
0.886505
0.886505
0.886505
0.88591
0.88591
0.886056
0.886056
0.886531
0.886531
0.886644
0.886644
0.886243
0.886243
0.886243
0.886243
0.885931
0.885931
0.886485
0.886485
0.885761
0.885761
0.885916
0.885916
0.886411
0.886411
0.886378
0.886378
0.886378
0.886378
0.886411
0.886411
0.885594
0.885594
0.885293
0.885293
0.885293
0.885293
0.885594
0.885594
0.88623
0.88623
0.88586
0.88586
0.88586
0.88586
0.88623
0.88623
0.886272
0.886272
0.886011
0.886011
0.886011
0.886011
0.886272
0.886272
0.88593
0.88593
0.886043
0.886043
0.886075
0.886075
0.886379
0.886379
0.886253
0.886253
0.886436
0.886436
0.885914
0.885914
0.886194
0.886194
0.886397
0.886397
0.886316
0.886316
0.885962
0.885962
0.885977
0.885977
0.886392
0.886392
0.885865
0.885865
0.886346
0.886346
0.886248
0.886248
0.885819
0.885819
0.883593
0.883593
0.887254
0.887254
0.887263
0.887263
0.883925
0.883925
0.883936
0.883936
0.883601
0.883601
0.883466
0.883466
0.884931
0.884931
0.887291
0.887291
0.885322
0.885322
0.885302
0.885302
0.886899
0.886899
0.886718
0.886718
0.886897
0.886897
0.887299
0.887299
0.886905
0.886905
0.884959
0.884959
0.886979
0.886979
0.886738
0.886738
0.886246
0.886246
0.886112
0.886112
0.885133
0.885133
0.88322
0.88322
0.885313
0.885313
0.886107
0.886107
0.886753
0.886753
0.88623
0.88623
0.886029
0.886029
0.886242
0.886242
0.886056
0.886056
0.883834
0.883834
0.883834
0.883834
0.883834
0.883834
0.88322
0.88322
0.883834
0.883834
0.883408
0.883408
0.885156
0.885156
0.885156
0.885156
0.885156
0.885156
0.886242
0.886242
0.885156
0.885156
0.886483
0.886483
0.886355
0.886355
0.886355
0.886355
0.886355
0.886355
0.886753
0.886753
0.886355
0.886355
0.886542
0.886542
0.887261
0.887261
0.887261
0.887261
0.887261
0.887261
0.887261
0.887261
0.887464
0.887464
0.885415
0.885415
0.883408
0.883408
0.883799
0.883799
0.886483
0.886483
0.886938
0.886938
0.886542
0.886542
0.886708
0.886708
0.886723
0.886723
0.886379
0.886379
0.886401
0.886401
0.886194
0.886194
0.88591
0.88591
0.885977
0.885977
0.885931
0.885931
0.886248
0.886248
0.88612
0.88612
0.886505
0.886505
0.886243
0.886243
0.885858
0.885858
0.88593
0.88593
0.886045
0.886045
0.886253
0.886253
0.886253
0.886253
0.886397
0.886397
0.886326
0.886326
0.886392
0.886392
0.886139
0.886139
0.886355
0.886355
0.886355
0.886355
0.886355
0.886355
0.886542
0.886542
0.886355
0.886355
0.887261
0.887261
0.887261
0.887261
0.887261
0.887261
0.887464
0.887464
0.887261
0.887261
0.883834
0.883834
0.883834
0.883834
0.883834
0.883834
0.883408
0.883408
0.883834
0.883834
0.885156
0.885156
0.885156
0.885156
0.885156
0.885156
0.886483
0.886483
0.885156
0.885156
0.886938
0.886938
0.886708
0.886708
0.885415
0.885415
0.883799
0.883799
0.888117
0.888117
0.885858
0.885858
0.886246
0.886246
0.886045
0.886045
0.886998
0.886998
0.886483
0.886483
0.886505
0.886505
0.886029
0.886029
0.886326
0.886326
0.887324
0.887324
0.886542
0.886542
0.886243
0.886243
0.886107
0.886107
0.886139
0.886139
0.885415
0.885415
0.885177
0.885177
0.883408
0.883408
0.88612
0.88612
0.885133
0.885133
0.886253
0.886253
0.88594
0.88594
0.886112
0.886112
0.886112
0.886112
0.886112
0.886112
0.886112
0.886112
0.886112
0.886112
0.886112
0.886112
0.887438
0.887438
0.887438
0.887438
0.887438
0.887438
0.887438
0.887438
0.885156
0.885156
0.885156
0.885156
0.885156
0.885156
0.885156
0.885156
0.884672
0.884672
0.884672
0.884672
0.884672
0.884672
0.884672
0.884672
0.886719
0.886719
0.886719
0.886719
0.886719
0.886719
0.886719
0.886719
0.887261
0.887261
0.887261
0.887261
0.887261
0.887261
0.887261
0.887261
0.887538
0.887538
0.887538
0.887538
0.887538
0.887538
0.887538
0.887538
0.886616
0.886616
0.886616
0.886616
0.886616
0.886616
0.886616
0.886616
0.886616
0.886616
0.886616
0.886616
