4
2500
0.88384
0.88384
0.883811
0.883811
0.883762
0.883762
0.883724
0.883724
0.883832
0.883832
0.883898
0.883898
0.883807
0.883807
0.883767
0.883767
0.883762
0.883762
0.883769
0.883769
0.883742
0.883742
0.883706
0.883706
0.883591
0.883591
0.883754
0.883754
0.883776
0.883776
0.883623
0.883623
0.883742
0.883742
0.883743
0.883743
0.883732
0.883732
0.883571
0.883571
0.883282
0.883282
0.883658
0.883658
0.883745
0.883745
0.883237
0.883237
0.883069
0.883069
0.88375
0.88375
0.883718
0.883718
0.883446
0.883446
0.883776
0.883776
0.883722
0.883722
0.883756
0.883756
0.883947
0.883947
0.884159
0.884159
0.883806
0.883806
0.883822
0.883822
0.884289
0.884289
0.88457
0.88457
0.883864
0.883864
0.883919
0.883919
0.884757
0.884757
0.884982
0.884982
0.883901
0.883901
0.885188
0.885188
0.885256
0.885256
0.88471
0.88471
0.884816
0.884816
0.88526
0.88526
0.884543
0.884543
0.885267
0.885267
0.884391
0.884391
0.88528
0.88528
0.884149
0.884149
0.885267
0.885267
0.884131
0.884131
0.885265
0.885265
0.884132
0.884132
0.885233
0.885233
0.884145
0.884145
0.885248
0.885248
0.88449
0.88449
0.885254
0.885254
0.884782
0.884782
0.88522
0.88522
0.88518
0.88518
0.885226
0.885226
0.885312
0.885312
0.885239
0.885239
0.885244
0.885244
0.88525
0.88525
0.885131
0.885131
0.885262
0.885262
0.885124
0.885124
0.885272
0.885272
0.885184
0.885184
0.885243
0.885243
0.885155
0.885155
0.885169
0.885169
0.88528
0.88528
0.885212
0.885212
0.885526
0.885526
0.885213
0.885213
0.88581
0.88581
0.88517
0.88517
0.886208
0.886208
0.883686
0.883686
0.883723
0.883723
0.883558
0.883558
0.883302
0.883302
0.883547
0.883547
0.883512
0.883512
0.883522
0.883522
0.883196
0.883196
0.882809
0.882809
0.883192
0.883192
0.882904
0.882904
0.882623
0.882623
0.882392
0.882392
0.882967
0.882967
0.882838
0.882838
0.88293
0.88293
0.882942
0.882942
0.883028
0.883028
0.883155
0.883155
0.883097
0.883097
0.883429
0.883429
0.883183
0.883183
0.883537
0.883537
0.88372
0.88372
0.884073
0.884073
0.884155
0.884155
0.884688
0.884688
0.884645
0.884645
0.885249
0.885249
0.885041
0.885041
0.885474
0.885474
0.88527
0.88527
0.885827
0.885827
0.88551
0.88551
0.885864
0.885864
0.885376
0.885376
0.886104
0.886104
0.885775
0.885775
0.885999
0.885999
0.886431
0.886431
0.886328
0.886328
0.886195
0.886195
0.883873
0.883873
0.883907
0.883907
0.883837
0.883837
0.884001
0.884001
0.883795
0.883795
0.883792
0.883792
0.883743
0.883743
0.883784
0.883784
0.883756
0.883756
0.883811
0.883811
0.883786
0.883786
0.883847
0.883847
0.883858
0.883858
0.883974
0.883974
0.883996
0.883996
0.883983
0.883983
0.883553
0.883553
0.883577
0.883577
0.883498
0.883498
0.883209
0.883209
0.882849
0.882849
0.882635
0.882635
0.882627
0.882627
0.882983
0.882983
0.882969
0.882969
0.883008
0.883008
0.883597
0.883597
0.883759
0.883759
0.884448
0.884448
0.884895
0.884895
0.885394
0.885394
0.885794
0.885794
0.88579
0.88579
0.885983
0.885983
0.886199
0.886199
0.886129
0.886129
0.883714
0.883714
0.883994
0.883994
0.883788
0.883788
0.883584
0.883584
0.883322
0.883322
0.882784
0.882784
0.88318
0.88318
0.883367
0.883367
0.883405
0.883405
0.883881
0.883881
0.88434
0.88434
0.884542
0.884542
0.884868
0.884868
0.884855
0.884855
0.885088
0.885088
0.885495
0.885495
0.885692
0.885692
0.885914
0.885914
0.885929
0.885929
0.88614
0.88614
0.886227
0.886227
0.886095
0.886095
0.886344
0.886344
0.886519
0.886519
0.886499
0.886499
0.886466
0.886466
0.886659
0.886659
0.886472
0.886472
0.886434
0.886434
0.886436
0.886436
0.886473
0.886473
0.88676
0.88676
0.886786
0.886786
0.886666
0.886666
0.886647
0.886647
0.886426
0.886426
0.886164
0.886164
0.885777
0.885777
0.885297
0.885297
0.884772
0.884772
0.884449
0.884449
0.884196
0.884196
0.883965
0.883965
0.883843
0.883843
0.883919
0.883919
0.883965
0.883965
0.883968
0.883968
0.883889
0.883889
0.88402
0.88402
0.884068
0.884068
0.884031
0.884031
0.884195
0.884195
0.884119
0.884119
0.884139
0.884139
0.884477
0.884477
0.884577
0.884577
0.884162
0.884162
0.88417
0.88417
0.884915
0.884915
0.884967
0.884967
0.884256
0.884256
0.884198
0.884198
0.885137
0.885137
0.885471
0.885471
0.884262
0.884262
0.884174
0.884174
0.885722
0.885722
0.885828
0.885828
0.884169
0.884169
0.884047
0.884047
0.885872
0.885872
0.885959
0.885959
0.884059
0.884059
0.884073
0.884073
0.88596
0.88596
0.88581
0.88581
0.884081
0.884081
0.883993
0.883993
0.885656
0.885656
0.885391
0.885391
0.883961
0.883961
0.884924
0.884924
0.885175
0.885175
0.884987
0.884987
0.885215
0.885215
0.885242
0.885242
0.885157
0.885157
0.885491
0.885491
0.885151
0.885151
0.885642
0.885642
0.885166
0.885166
0.88596
0.88596
0.885208
0.885208
0.886178
0.886178
0.88517
0.88517
0.886175
0.886175
0.885228
0.885228
0.886367
0.886367
0.885204
0.885204
0.886402
0.886402
0.885173
0.885173
0.886537
0.886537
0.885178
0.885178
0.886534
0.886534
0.885188
0.885188
0.88655
0.88655
0.885156
0.885156
0.88651
0.88651
0.885211
0.885211
0.886222
0.886222
0.885224
0.885224
0.886091
0.886091
0.885201
0.885201
0.886072
0.886072
0.885174
0.885174
0.886104
0.886104
0.88519
0.88519
0.886298
0.886298
0.885201
0.885201
0.883789
0.883789
0.883767
0.883767
0.884107
0.884107
0.883899
0.883899
0.88395
0.88395
0.883946
0.883946
0.884203
0.884203
0.884726
0.884726
0.885319
0.885319
0.884353
0.884353
0.885365
0.885365
0.886441
0.886441
0.886586
0.886586
0.88591
0.88591
0.887016
0.887016
0.887035
0.887035
0.887601
0.887601
0.88695
0.88695
0.886811
0.886811
0.887462
0.887462
0.887329
0.887329
0.886622
0.886622
0.886872
0.886872
0.88678
0.88678
0.887177
0.887177
0.886634
0.886634
0.886797
0.886797
0.887273
0.887273
0.886735
0.886735
0.887136
0.887136
0.886751
0.886751
0.886774
0.886774
0.886647
0.886647
0.886265
0.886265
0.886282
0.886282
0.886708
0.886708
0.886657
0.886657
0.886115
0.886115
0.883959
0.883959
0.883973
0.883973
0.884025
0.884025
0.884034
0.884034
0.884073
0.884073
0.884074
0.884074
0.884114
0.884114
0.884089
0.884089
0.884119
0.884119
0.884057
0.884057
0.88412
0.88412
0.884043
0.884043
0.884093
0.884093
0.884025
0.884025
0.884044
0.884044
0.884006
0.884006
0.884024
0.884024
0.88399
0.88399
0.88404
0.88404
0.883875
0.883875
0.884028
0.884028
0.884187
0.884187
0.884852
0.884852
0.885608
0.885608
0.886801
0.886801
0.886656
0.886656
0.887075
0.887075
0.887637
0.887637
0.887573
0.887573
0.887012
0.887012
0.886916
0.886916
0.887158
0.887158
0.887115
0.887115
0.886839
0.886839
0.886594
0.886594
0.886209
0.886209
0.886233
0.886233
0.886154
0.886154
0.884187
0.884187
0.884489
0.884489
0.884782
0.884782
0.885156
0.885156
0.885727
0.885727
0.8865
0.8865
0.886692
0.886692
0.88661
0.88661
0.886863
0.886863
0.886779
0.886779
0.886776
0.886776
0.88704
0.88704
0.886698
0.886698
0.886467
0.886467
0.886449
0.886449
0.886344
0.886344
0.886499
0.886499
0.886626
0.886626
0.886502
0.886502
0.886256
0.886256
0.886268
0.886268
0.885837
0.885837
0.885601
0.885601
0.885438
0.885438
0.885507
0.885507
0.885373
0.885373
0.88512
0.88512
0.885004
0.885004
0.884428
0.884428
0.884323
0.884323
0.884249
0.884249
0.88407
0.88407
0.883682
0.883682
0.883143
0.883143
0.88318
0.88318
0.883315
0.883315
0.883723
0.883723
0.883742
0.883742
0.886518
0.886518
0.886596
0.886596
0.886493
0.886493
0.886448
0.886448
0.886653
0.886653
0.886745
0.886745
0.886724
0.886724
0.886807
0.886807
0.886763
0.886763
0.886774
0.886774
0.886824
0.886824
0.886831
0.886831
0.886867
0.886867
0.886853
0.886853
0.886822
0.886822
0.886895
0.886895
0.886825
0.886825
0.887038
0.887038
0.886841
0.886841
0.886987
0.886987
0.886865
0.886865
0.886772
0.886772
0.886866
0.886866
0.886641
0.886641
0.886762
0.886762
0.88648
0.88648
0.886688
0.886688
0.886747
0.886747
0.886573
0.886573
0.886986
0.886986
0.886686
0.886686
0.887145
0.887145
0.886865
0.886865
0.887236
0.887236
0.887024
0.887024
0.88732
0.88732
0.887313
0.887313
0.887598
0.887598
0.887462
0.887462
0.887596
0.887596
0.887443
0.887443
0.88767
0.88767
0.886697
0.886697
0.886763
0.886763
0.886776
0.886776
0.886716
0.886716
0.886681
0.886681
0.886777
0.886777
0.886783
0.886783
0.886823
0.886823
0.88679
0.88679
0.88682
0.88682
0.886746
0.886746
0.886764
0.886764
0.886763
0.886763
0.886836
0.886836
0.886872
0.886872
0.886862
0.886862
0.886858
0.886858
0.886899
0.886899
0.88689
0.88689
0.886908
0.886908
0.886888
0.886888
0.887632
0.887632
0.887722
0.887722
0.887607
0.887607
0.887411
0.887411
0.887784
0.887784
0.88763
0.88763
0.887599
0.887599
0.887383
0.887383
0.887209
0.887209
0.887494
0.887494
0.887516
0.887516
0.887189
0.887189
0.887321
0.887321
0.887516
0.887516
0.887491
0.887491
0.887266
0.887266
0.887576
0.887576
0.88752
0.88752
0.887533
0.887533
0.887899
0.887899
0.888196
0.888196
0.887501
0.887501
0.88751
0.88751
0.888342
0.888342
0.888171
0.888171
0.887511
0.887511
0.887527
0.887527
0.888005
0.888005
0.887937
0.887937
0.887639
0.887639
0.887624
0.887624
0.887912
0.887912
0.887812
0.887812
0.887693
0.887693
0.887697
0.887697
0.887915
0.887915
0.887974
0.887974
0.887761
0.887761
0.88785
0.88785
0.888165
0.888165
0.888455
0.888455
0.887906
0.887906
0.886477
0.886477
0.886595
0.886595
0.886547
0.886547
0.886484
0.886484
0.886428
0.886428
0.886432
0.886432
0.886434
0.886434
0.886495
0.886495
0.886082
0.886082
0.886246
0.886246
0.886114
0.886114
0.885962
0.885962
0.885881
0.885881
0.885995
0.885995
0.886074
0.886074
0.886064
0.886064
0.886292
0.886292
0.886577
0.886577
0.886495
0.886495
0.886586
0.886586
0.886304
0.886304
0.886879
0.886879
0.886724
0.886724
0.88707
0.88707
0.88669
0.88669
0.887265
0.887265
0.887179
0.887179
0.887581
0.887581
0.887723
0.887723
0.887831
0.887831
0.887941
0.887941
0.88768
0.88768
0.887847
0.887847
0.887816
0.887816
0.887473
0.887473
0.887659
0.887659
0.887481
0.887481
0.887501
0.887501
0.887166
0.887166
0.887328
0.887328
0.887369
0.887369
0.886819
0.886819
0.886572
0.886572
0.886525
0.886525
0.886423
0.886423
0.886718
0.886718
0.886417
0.886417
0.886579
0.886579
0.886516
0.886516
0.886496
0.886496
0.886561
0.886561
0.886782
0.886782
0.886316
0.886316
0.887712
0.887712
0.887038
0.887038
0.887616
0.887616
0.887822
0.887822
0.88823
0.88823
0.887975
0.887975
0.887892
0.887892
0.888049
0.888049
0.888349
0.888349
0.887909
0.887909
0.886414
0.886414
0.886594
0.886594
0.886449
0.886449
0.886504
0.886504
0.886451
0.886451
0.886268
0.886268
0.886172
0.886172
0.88636
0.88636
0.886245
0.886245
0.886817
0.886817
0.886766
0.886766
0.887371
0.887371
0.886803
0.886803
0.887881
0.887881
0.88776
0.88776
0.888118
0.888118
0.887965
0.887965
0.887922
0.887922
0.88788
0.88788
0.887714
0.887714
0.888319
0.888319
0.886903
0.886903
0.886765
0.886765
0.886826
0.886826
0.886819
0.886819
0.886734
0.886734
0.886764
0.886764
0.886739
0.886739
0.886728
0.886728
0.886776
0.886776
0.886754
0.886754
0.886817
0.886817
0.886792
0.886792
0.88695
0.88695
0.886872
0.886872
0.886933
0.886933
0.886938
0.886938
0.886691
0.886691
0.886572
0.886572
0.886449
0.886449
0.886277
0.886277
0.886405
0.886405
0.886191
0.886191
0.886123
0.886123
0.886492
0.886492
0.886374
0.886374
0.886894
0.886894
0.886377
0.886377
0.887387
0.887387
0.886804
0.886804
0.887897
0.887897
0.887583
0.887583
0.887694
0.887694
0.887885
0.887885
0.887469
0.887469
0.887565
0.887565
0.887125
0.887125
0.886782
0.886782
0.886899
0.886899
0.886913
0.886913
0.886871
0.886871
0.886656
0.886656
0.886274
0.886274
0.886745
0.886745
0.886919
0.886919
0.886875
0.886875
0.887246
0.887246
0.887636
0.887636
0.88775
0.88775
0.887949
0.887949
0.887767
0.887767
0.88784
0.88784
0.888009
0.888009
0.887894
0.887894
0.888004
0.888004
0.88778
0.88778
0.887704
0.887704
0.887692
0.887692
0.886804
0.886804
0.886764
0.886764
0.886876
0.886876
0.886855
0.886855
0.886586
0.886586
0.886572
0.886572
0.886537
0.886537
0.887063
0.887063
0.887512
0.887512
0.887648
0.887648
0.887633
0.887633
0.887652
0.887652
0.888181
0.888181
0.888205
0.888205
0.888304
0.888304
0.888421
0.888421
0.88815
0.88815
0.888192
0.888192
0.888241
0.888241
0.888505
0.888505
0.888389
0.888389
0.888272
0.888272
0.886463
0.886463
0.886564
0.886564
0.88655
0.88655
0.886626
0.886626
0.88653
0.88653
0.88671
0.88671
0.886714
0.886714
0.88672
0.88672
0.886874
0.886874
0.886778
0.886778
0.886919
0.886919
0.886776
0.886776
0.887054
0.887054
0.886984
0.886984
0.887157
0.887157
0.887021
0.887021
0.887208
0.887208
0.887059
0.887059
0.887316
0.887316
0.887022
0.887022
0.887545
0.887545
0.887067
0.887067
0.887853
0.887853
0.886989
0.886989
0.888028
0.888028
0.886977
0.886977
0.887976
0.887976
0.887101
0.887101
0.887894
0.887894
0.887221
0.887221
0.88806
0.88806
0.887151
0.887151
0.888195
0.888195
0.887208
0.887208
0.888096
0.888096
0.887278
0.887278
0.887953
0.887953
0.887385
0.887385
0.886695
0.886695
0.886821
0.886821
0.886807
0.886807
0.886836
0.886836
0.886919
0.886919
0.88692
0.88692
0.88692
0.88692
0.886938
0.886938
0.887006
0.887006
0.886985
0.886985
0.886918
0.886918
0.886934
0.886934
0.886863
0.886863
0.886861
0.886861
0.886825
0.886825
0.886821
0.886821
0.886795
0.886795
0.886795
0.886795
0.886828
0.886828
0.887886
0.887886
0.88768
0.88768
0.887676
0.887676
0.887836
0.887836
0.888035
0.888035
0.888079
0.888079
0.887887
0.887887
0.887945
0.887945
0.888228
0.888228
0.888264
0.888264
0.888177
0.888177
0.888118
0.888118
0.8883
0.8883
0.888435
0.888435
0.888366
0.888366
0.888241
0.888241
0.888251
0.888251
0.888464
0.888464
0.888538
0.888538
0.888225
0.888225
0.888296
0.888296
0.88852
0.88852
0.888578
0.888578
0.888296
0.888296
0.888341
0.888341
0.888447
0.888447
0.888593
0.888593
0.888281
0.888281
0.888236
0.888236
0.888188
0.888188
0.88824
0.88824
0.888275
0.888275
0.888033
0.888033
0.888244
0.888244
0.888239
0.888239
0.888108
0.888108
0.888455
0.888455
0.887984
0.887984
0.886547
0.886547
0.886499
0.886499
0.886169
0.886169
0.886206
0.886206
0.886261
0.886261
0.886223
0.886223
0.886443
0.886443
0.886146
0.886146
0.887024
0.887024
0.886679
0.886679
0.887245
0.887245
0.887148
0.887148
0.886942
0.886942
0.887272
0.887272
0.886976
0.886976
0.886911
0.886911
0.887407
0.887407
0.887417
0.887417
0.887275
0.887275
0.887331
0.887331
0.886631
0.886631
0.88709
0.88709
0.886228
0.886228
0.886392
0.886392
0.886376
0.886376
0.886715
0.886715
0.886638
0.886638
0.887155
0.887155
0.886326
0.886326
0.88685
0.88685
0.887016
0.887016
0.886522
0.886522
0.886422
0.886422
0.88685
0.88685
0.886791
0.886791
0.886228
0.886228
0.886882
0.886882
0.88663
0.88663
0.886532
0.886532
0.88656
0.88656
0.886583
0.886583
0.886495
0.886495
0.886272
0.886272
0.886721
0.886721
0.886967
0.886967
0.887643
0.887643
0.887817
0.887817
0.888136
0.888136
0.888087
0.888087
0.88813
0.88813
0.88817
0.88817
0.888331
0.888331
0.888311
0.888311
0.88839
0.88839
0.888514
0.888514
0.888228
0.888228
0.888169
0.888169
0.886478
0.886478
0.88655
0.88655
0.886175
0.886175
0.886132
0.886132
0.886434
0.886434
0.886618
0.886618
0.887652
0.887652
0.888047
0.888047
0.887751
0.887751
0.887541
0.887541
0.887319
0.887319
0.887462
0.887462
0.88736
0.88736
0.887525
0.887525
0.887306
0.887306
0.887567
0.887567
0.887455
0.887455
0.887823
0.887823
0.887836
0.887836
0.886867
0.886867
0.886885
0.886885
0.886913
0.886913
0.886929
0.886929
0.886941
0.886941
0.886958
0.886958
0.886953
0.886953
0.886984
0.886984
0.886917
0.886917
0.886991
0.886991
0.88691
0.88691
0.886998
0.886998
0.886897
0.886897
0.886977
0.886977
0.88689
0.88689
0.88694
0.88694
0.886893
0.886893
0.886939
0.886939
0.88698
0.88698
0.886544
0.886544
0.886472
0.886472
0.886329
0.886329
0.886676
0.886676
0.887128
0.887128
0.887634
0.887634
0.887031
0.887031
0.887238
0.887238
0.887517
0.887517
0.887247
0.887247
0.886515
0.886515
0.886353
0.886353
0.886593
0.886593
0.886706
0.886706
0.886453
0.886453
0.886406
0.886406
0.88622
0.88622
0.886502
0.886502
0.886618
0.886618
0.887087
0.887087
0.886992
0.886992
0.887281
0.887281
0.887223
0.887223
0.888122
0.888122
0.887655
0.887655
0.887637
0.887637
0.887957
0.887957
0.887343
0.887343
0.887601
0.887601
0.887518
0.887518
0.8873
0.8873
0.887079
0.887079
0.887226
0.887226
0.887025
0.887025
0.887071
0.887071
0.887691
0.887691
0.887407
0.887407
0.887714
0.887714
0.887062
0.887062
0.886954
0.886954
0.887249
0.887249
0.887654
0.887654
0.887925
0.887925
0.888132
0.888132
0.888308
0.888308
0.888376
0.888376
0.888234
0.888234
0.888262
0.888262
0.88821
0.88821
0.887894
0.887894
0.887816
0.887816
0.887927
0.887927
0.887945
0.887945
0.88816
0.88816
0.888073
0.888073
0.888195
0.888195
0.888379
0.888379
0.886191
0.886191
0.886606
0.886606
0.886956
0.886956
0.886326
0.886326
0.886734
0.886734
0.886021
0.886021
0.886527
0.886527
0.88694
0.88694
0.886824
0.886824
0.886644
0.886644
0.886617
0.886617
0.886239
0.886239
0.886315
0.886315
0.887033
0.887033
0.886909
0.886909
0.885975
0.885975
0.886947
0.886947
0.887048
0.887048
0.887386
0.887386
0.88726
0.88726
0.88738
0.88738
0.886998
0.886998
0.887602
0.887602
0.887653
0.887653
0.887953
0.887953
0.887219
0.887219
0.886457
0.886457
0.888238
0.888238
0.887919
0.887919
0.886868
0.886868
0.88694
0.88694
0.88773
0.88773
0.887398
0.887398
0.886556
0.886556
0.886105
0.886105
0.886593
0.886593
0.886511
0.886511
0.88536
0.88536
0.884783
0.884783
0.886358
0.886358
0.885977
0.885977
0.884636
0.884636
0.886083
0.886083
0.886563
0.886563
0.8859
0.8859
0.886802
0.886802
0.885634
0.885634
0.8872
0.8872
0.886089
0.886089
0.887301
0.887301
0.886079
0.886079
0.887343
0.887343
0.885941
0.885941
0.886943
0.886943
0.885956
0.885956
0.886229
0.886229
0.885399
0.885399
0.886719
0.886719
0.884863
0.884863
0.886866
0.886866
0.884399
0.884399
0.886071
0.886071
0.884135
0.884135
0.886315
0.886315
0.88373
0.88373
0.885885
0.885885
0.88272
0.88272
0.885708
0.885708
0.883077
0.883077
0.885849
0.885849
0.883072
0.883072
0.885505
0.885505
0.883782
0.883782
0.885656
0.885656
0.884071
0.884071
0.885712
0.885712
0.884306
0.884306
0.88573
0.88573
0.884215
0.884215
0.885854
0.885854
0.885965
0.885965
0.885949
0.885949
0.885954
0.885954
0.885977
0.885977
0.886201
0.886201
0.886207
0.886207
0.886186
0.886186
0.886184
0.886184
0.886765
0.886765
0.886748
0.886748
0.886828
0.886828
0.886762
0.886762
0.886805
0.886805
0.886819
0.886819
0.88688
0.88688
0.886781
0.886781
