4
2500
0.883059
0.883059
0.883088
0.883088
0.882954
0.882954
0.883115
0.883115
0.883416
0.883416
0.882842
0.882842
0.883466
0.883466
0.883104
0.883104
0.883547
0.883547
0.883698
0.883698
0.883689
0.883689
0.883701
0.883701
0.883703
0.883703
0.88331
0.88331
0.883595
0.883595
0.883743
0.883743
0.884057
0.884057
0.88365
0.88365
0.885585
0.885585
0.885124
0.885124
0.883169
0.883169
0.883455
0.883455
0.883041
0.883041
0.883122
0.883122
0.883399
0.883399
0.883351
0.883351
0.883557
0.883557
0.883515
0.883515
0.883795
0.883795
0.883864
0.883864
0.883896
0.883896
0.884006
0.884006
0.884041
0.884041
0.88402
0.88402
0.886022
0.886022
0.883503
0.883503
0.883755
0.883755
0.883829
0.883829
0.884035
0.884035
0.883846
0.883846
0.886554
0.886554
0.886482
0.886482
0.883704
0.883704
0.883712
0.883712
0.88372
0.88372
0.883685
0.883685
0.883689
0.883689
0.883766
0.883766
0.883801
0.883801
0.883943
0.883943
0.883936
0.883936
0.885916
0.885916
0.886524
0.886524
0.884015
0.884015
0.885369
0.885369
0.883835
0.883835
0.883777
0.883777
0.883789
0.883789
0.883815
0.883815
0.883455
0.883455
0.883049
0.883049
0.885685
0.885685
0.885732
0.885732
0.885706
0.885706
0.883862
0.883862
0.883622
0.883622
0.883397
0.883397
0.883629
0.883629
0.883676
0.883676
0.883555
0.883555
0.883766
0.883766
0.883757
0.883757
0.883752
0.883752
0.883783
0.883783
0.883747
0.883747
0.883747
0.883747
0.883744
0.883744
0.88383
0.88383
0.883761
0.883761
0.883716
0.883716
0.882549
0.882549
0.882587
0.882587
0.884824
0.884824
0.885083
0.885083
0.883032
0.883032
0.882943
0.882943
0.882859
0.882859
0.88285
0.88285
0.882576
0.882576
0.882786
0.882786
0.884686
0.884686
0.88472
0.88472
0.883252
0.883252
0.883192
0.883192
0.883294
0.883294
0.884513
0.884513
0.88513
0.88513
0.883646
0.883646
0.885516
0.885516
0.884055
0.884055
0.883856
0.883856
0.883431
0.883431
0.883197
0.883197
0.883464
0.883464
0.883724
0.883724
0.884178
0.884178
0.883496
0.883496
0.884282
0.884282
0.883066
0.883066
0.883201
0.883201
0.884183
0.884183
0.884308
0.884308
0.883212
0.883212
0.8832
0.8832
0.884345
0.884345
0.884308
0.884308
0.885897
0.885897
0.884287
0.884287
0.883647
0.883647
0.883207
0.883207
0.884402
0.884402
0.884557
0.884557
0.883975
0.883975
0.883355
0.883355
0.884631
0.884631
0.884423
0.884423
0.883075
0.883075
0.884285
0.884285
0.884191
0.884191
0.88361
0.88361
0.884414
0.884414
0.884394
0.884394
0.882954
0.882954
0.884268
0.884268
0.886662
0.886662
0.886456
0.886456
0.884912
0.884912
0.884964
0.884964
0.884399
0.884399
0.884493
0.884493
0.884533
0.884533
0.884364
0.884364
0.886171
0.886171
0.884843
0.884843
0.886475
0.886475
0.884894
0.884894
0.884899
0.884899
0.884559
0.884559
0.885615
0.885615
0.887128
0.887128
0.883019
0.883019
0.884911
0.884911
0.88449
0.88449
0.885087
0.885087
0.88495
0.88495
0.884558
0.884558
0.883967
0.883967
0.884023
0.884023
0.884399
0.884399
0.88473
0.88473
0.884042
0.884042
0.885091
0.885091
0.88524
0.88524
0.885299
0.885299
0.885257
0.885257
0.885119
0.885119
0.885709
0.885709
0.885726
0.885726
0.885638
0.885638
0.885713
0.885713
0.885756
0.885756
0.885656
0.885656
0.885896
0.885896
0.885931
0.885931
0.885942
0.885942
0.885533
0.885533
0.885395
0.885395
0.885431
0.885431
0.885575
0.885575
0.885392
0.885392
0.885367
0.885367
0.885505
0.885505
0.882788
0.882788
0.883618
0.883618
0.88379
0.88379
0.88374
0.88374
0.883865
0.883865
0.883922
0.883922
0.883992
0.883992
0.886191
0.886191
0.883819
0.883819
0.886127
0.886127
0.883743
0.883743
0.883681
0.883681
0.883651
0.883651
0.883634
0.883634
0.886108
0.886108
0.883555
0.883555
0.885718
0.885718
0.885943
0.885943
0.885962
0.885962
0.886001
0.886001
0.88597
0.88597
0.885755
0.885755
0.885796
0.885796
0.885917
0.885917
0.885913
0.885913
0.885696
0.885696
0.885721
0.885721
0.885728
0.885728
0.885618
0.885618
0.885692
0.885692
0.887439
0.887439
0.887413
0.887413
0.885719
0.885719
0.885933
0.885933
0.885688
0.885688
0.887477
0.887477
0.885555
0.885555
0.885459
0.885459
0.885605
0.885605
0.887333
0.887333
0.885514
0.885514
0.887068
0.887068
0.885201
0.885201
0.885144
0.885144
0.885412
0.885412
0.886262
0.886262
0.886311
0.886311
0.885042
0.885042
0.88502
0.88502
0.88625
0.88625
0.88504
0.88504
0.88503
0.88503
0.884861
0.884861
0.88507
0.88507
0.885421
0.885421
0.885017
0.885017
0.884951
0.884951
0.88592
0.88592
0.885669
0.885669
0.885617
0.885617
0.885611
0.885611
0.885456
0.885456
0.885379
0.885379
0.885414
0.885414
0.885246
0.885246
0.885215
0.885215
0.885259
0.885259
0.885191
0.885191
0.885278
0.885278
0.885273
0.885273
0.885178
0.885178
0.885224
0.885224
0.882872
0.882872
0.885191
0.885191
0.883853
0.883853
0.883137
0.883137
0.884427
0.884427
0.883085
0.883085
0.884312
0.884312
0.884697
0.884697
0.882946
0.882946
0.884261
0.884261
0.885757
0.885757
0.884342
0.884342
0.885869
0.885869
0.884496
0.884496
0.88543
0.88543
0.883987
0.883987
0.883967
0.883967
0.883841
0.883841
0.883716
0.883716
0.885667
0.885667
0.885902
0.885902
0.885637
0.885637
0.883973
0.883973
0.884146
0.884146
0.885329
0.885329
0.884258
0.884258
0.884144
0.884144
0.885204
0.885204
0.88407
0.88407
0.885104
0.885104
0.886347
0.886347
0.886471
0.886471
0.886011
0.886011
0.884005
0.884005
0.885703
0.885703
0.886862
0.886862
0.887579
0.887579
0.886074
0.886074
0.886052
0.886052
0.884034
0.884034
0.88486
0.88486
0.884745
0.884745
0.886888
0.886888
0.886893
0.886893
0.884158
0.884158
0.88395
0.88395
0.883786
0.883786
0.885367
0.885367
0.883383
0.883383
0.883105
0.883105
0.884988
0.884988
0.885493
0.885493
0.885312
0.885312
0.884932
0.884932
0.884946
0.884946
0.884921
0.884921
0.884761
0.884761
0.884171
0.884171
0.884169
0.884169
0.883337
0.883337
0.884604
0.884604
0.88415
0.88415
0.884193
0.884193
0.884295
0.884295
0.884169
0.884169
0.884751
0.884751
0.884383
0.884383
0.884518
0.884518
0.885224
0.885224
0.884179
0.884179
0.884352
0.884352
0.884127
0.884127
0.884094
0.884094
0.884017
0.884017
0.883979
0.883979
0.884069
0.884069
0.884901
0.884901
0.883867
0.883867
0.885646
0.885646
0.885691
0.885691
0.883922
0.883922
0.884397
0.884397
0.883884
0.883884
0.884475
0.884475
0.884545
0.884545
0.884568
0.884568
0.884437
0.884437
0.884321
0.884321
0.884133
0.884133
0.884161
0.884161
0.884092
0.884092
0.884033
0.884033
0.884133
0.884133
0.884313
0.884313
0.885834
0.885834
0.885827
0.885827
0.886134
0.886134
0.885841
0.885841
0.886628
0.886628
0.886873
0.886873
0.886815
0.886815
0.886964
0.886964
0.88688
0.88688
0.886601
0.886601
0.885773
0.885773
0.887297
0.887297
0.887302
0.887302
0.886882
0.886882
0.887707
0.887707
0.887726
0.887726
0.886727
0.886727
0.886889
0.886889
0.887427
0.887427
0.887532
0.887532
0.887397
0.887397
0.887563
0.887563
0.887675
0.887675
0.88726
0.88726
0.887507
0.887507
0.887338
0.887338
0.887076
0.887076
0.885097
0.885097
0.884324
0.884324
0.887157
0.887157
0.88739
0.88739
0.887327
0.887327
0.887377
0.887377
0.887349
0.887349
0.887151
0.887151
0.887266
0.887266
0.886945
0.886945
0.884474
0.884474
0.88745
0.88745
0.887382
0.887382
0.88714
0.88714
0.884881
0.884881
0.887045
0.887045
0.887215
0.887215
0.887423
0.887423
0.887672
0.887672
0.88699
0.88699
0.885328
0.885328
0.887256
0.887256
0.887125
0.887125
0.887462
0.887462
0.88685
0.88685
0.886992
0.886992
0.88771
0.88771
0.887138
0.887138
0.887374
0.887374
0.887389
0.887389
0.887875
0.887875
0.887847
0.887847
0.88783
0.88783
0.88704
0.88704
0.887868
0.887868
0.887797
0.887797
0.887301
0.887301
0.887123
0.887123
0.887946
0.887946
0.887667
0.887667
0.887965
0.887965
0.88823
0.88823
0.886046
0.886046
0.886641
0.886641
0.885995
0.885995
0.884262
0.884262
0.885801
0.885801
0.88489
0.88489
0.887897
0.887897
0.88838
0.88838
0.884865
0.884865
0.884637
0.884637
0.887524
0.887524
0.888227
0.888227
0.887631
0.887631
0.887409
0.887409
0.887192
0.887192
0.887107
0.887107
0.887129
0.887129
0.886182
0.886182
0.886163
0.886163
0.886244
0.886244
0.886175
0.886175
0.886404
0.886404
0.886233
0.886233
0.886194
0.886194
0.886446
0.886446
0.886412
0.886412
0.88659
0.88659
0.884872
0.884872
0.884637
0.884637
0.884715
0.884715
0.884531
0.884531
0.884427
0.884427
0.884674
0.884674
0.88438
0.88438
0.883972
0.883972
0.884475
0.884475
0.883764
0.883764
0.883573
0.883573
0.884467
0.884467
0.886229
0.886229
0.886246
0.886246
0.886166
0.886166
0.886278
0.886278
0.88601
0.88601
0.885918
0.885918
0.886167
0.886167
0.886206
0.886206
0.886267
0.886267
0.88626
0.88626
0.88628
0.88628
0.887489
0.887489
0.887483
0.887483
0.886284
0.886284
0.886316
0.886316
0.886219
0.886219
0.887371
0.887371
0.88688
0.88688
0.88635
0.88635
0.886524
0.886524
0.88652
0.88652
0.887052
0.887052
0.887578
0.887578
0.887213
0.887213
0.88731
0.88731
0.887607
0.887607
0.887439
0.887439
0.887683
0.887683
0.887637
0.887637
0.887478
0.887478
0.887613
0.887613
0.887883
0.887883
0.887636
0.887636
0.887561
0.887561
0.886207
0.886207
0.886479
0.886479
0.886368
0.886368
0.886247
0.886247
0.886565
0.886565
0.886512
0.886512
0.886548
0.886548
0.886542
0.886542
0.887007
0.887007
0.886987
0.886987
0.88701
0.88701
0.887008
0.887008
0.886899
0.886899
0.886916
0.886916
0.886844
0.886844
0.886706
0.886706
0.886888
0.886888
0.886916
0.886916
0.885963
0.885963
0.885286
0.885286
0.887156
0.887156
0.886891
0.886891
0.886965
0.886965
0.88725
0.88725
0.885953
0.885953
0.887748
0.887748
0.887395
0.887395
0.885554
0.885554
0.885795
0.885795
0.887772
0.887772
0.885574
0.885574
0.887372
0.887372
0.886362
0.886362
0.886216
0.886216
0.884063
0.884063
0.884136
0.884136
0.884294
0.884294
0.88656
0.88656
0.886964
0.886964
0.886651
0.886651
0.887096
0.887096
0.884371
0.884371
0.884482
0.884482
0.88711
0.88711
0.887234
0.887234
0.886857
0.886857
0.886768
0.886768
0.887248
0.887248
0.887237
0.887237
0.887256
0.887256
0.885315
0.885315
0.887869
0.887869
0.88747
0.88747
0.886666
0.886666
0.88654
0.88654
0.886547
0.886547
0.886675
0.886675
0.886684
0.886684
0.886285
0.886285
0.886828
0.886828
0.886592
0.886592
0.886887
0.886887
0.886671
0.886671
0.88681
0.88681
0.886805
0.886805
0.886669
0.886669
0.886542
0.886542
0.88652
0.88652
0.886924
0.886924
0.886594
0.886594
0.88648
0.88648
0.886522
0.886522
0.886576
0.886576
0.886433
0.886433
0.886249
0.886249
0.886532
0.886532
0.886522
0.886522
0.886763
0.886763
0.886669
0.886669
0.886846
0.886846
0.886893
0.886893
0.886874
0.886874
0.886981
0.886981
0.886901
0.886901
0.886966
0.886966
0.8869
0.8869
0.886913
0.886913
0.886273
0.886273
0.886501
0.886501
0.886828
0.886828
0.886784
0.886784
0.886916
0.886916
0.886482
0.886482
0.886897
0.886897
0.886641
0.886641
0.886707
0.886707
0.886814
0.886814
0.886916
0.886916
0.886861
0.886861
0.88685
0.88685
0.886797
0.886797
0.886833
0.886833
0.886415
0.886415
0.886551
0.886551
0.886873
0.886873
0.886552
0.886552
0.886487
0.886487
0.886512
0.886512
0.886694
0.886694
0.886731
0.886731
0.886747
0.886747
0.886675
0.886675
0.887935
0.887935
0.886758
0.886758
0.88783
0.88783
0.888085
0.888085
0.886777
0.886777
0.886928
0.886928
0.886892
0.886892
0.886835
0.886835
0.886922
0.886922
0.886815
0.886815
0.886927
0.886927
0.886729
0.886729
0.886788
0.886788
0.886876
0.886876
0.886696
0.886696
0.886784
0.886784
0.886802
0.886802
0.886818
0.886818
0.887783
0.887783
0.886645
0.886645
0.887743
0.887743
0.886533
0.886533
0.886347
0.886347
0.886293
0.886293
0.8877
0.8877
0.888043
0.888043
0.886618
0.886618
0.886673
0.886673
0.886326
0.886326
0.886402
0.886402
0.886357
0.886357
0.886406
0.886406
0.886565
0.886565
0.88634
0.88634
0.886538
0.886538
0.886798
0.886798
0.887087
0.887087
0.886768
0.886768
0.887305
0.887305
0.886944
0.886944
0.887611
0.887611
0.887458
0.887458
0.887402
0.887402
0.88736
0.88736
0.887395
0.887395
0.887558
0.887558
0.887394
0.887394
0.886608
0.886608
0.886546
0.886546
0.887475
0.887475
0.887498
0.887498
0.887422
0.887422
0.887246
0.887246
0.88718
0.88718
0.887596
0.887596
0.886555
0.886555
0.886328
0.886328
0.886896
0.886896
0.887178
0.887178
0.887118
0.887118
0.886637
0.886637
0.886207
0.886207
0.886449
0.886449
0.886108
0.886108
0.886188
0.886188
0.886765
0.886765
0.886876
0.886876
0.887072
0.887072
0.886765
0.886765
0.886798
0.886798
0.886074
0.886074
0.88725
0.88725
0.886558
0.886558
0.886024
0.886024
0.886704
0.886704
0.88684
0.88684
0.886905
0.886905
0.886284
0.886284
0.886213
0.886213
0.886239
0.886239
0.886859
0.886859
0.886753
0.886753
0.886768
0.886768
0.887011
0.887011
0.886547
0.886547
0.886907
0.886907
0.886569
0.886569
0.886481
0.886481
0.886429
0.886429
0.886586
0.886586
0.886189
0.886189
0.88621
0.88621
0.886537
0.886537
0.886516
0.886516
0.886414
0.886414
0.886356
0.886356
0.88632
0.88632
0.886311
0.886311
0.88618
0.88618
0.886426
0.886426
0.88648
0.88648
0.886408
0.886408
0.886432
0.886432
0.886513
0.886513
0.886361
0.886361
0.888417
0.888417
0.886913
0.886913
0.886944
0.886944
0.886928
0.886928
0.886727
0.886727
0.88679
0.88679
0.886866
0.886866
0.885828
0.885828
0.886778
0.886778
0.885922
0.885922
0.886604
0.886604
0.886915
0.886915
0.886927
0.886927
0.886187
0.886187
0.886523
0.886523
0.886861
0.886861
0.886378
0.886378
0.886297
0.886297
0.886418
0.886418
0.886279
0.886279
0.886337
0.886337
0.886354
0.886354
0.886393
0.886393
0.88643
0.88643
0.886452
0.886452
0.886315
0.886315
0.886474
0.886474
0.886505
0.886505
0.886448
0.886448
0.88648
0.88648
0.88674
0.88674
0.886633
0.886633
0.886934
0.886934
0.886748
0.886748
0.886884
0.886884
0.886414
0.886414
0.886569
0.886569
0.886549
0.886549
0.886511
0.886511
0.886624
0.886624
0.886028
0.886028
0.88617
0.88617
0.886335
0.886335
0.886524
0.886524
0.886486
0.886486
0.886649
0.886649
0.886665
0.886665
0.886792
0.886792
0.886874
0.886874
0.886393
0.886393
0.886989
0.886989
0.886479
0.886479
0.886405
0.886405
0.886595
0.886595
0.886566
0.886566
0.886533
0.886533
0.886847
0.886847
0.886645
0.886645
0.88658
0.88658
0.886534
0.886534
0.886534
0.886534
0.886488
0.886488
0.886417
0.886417
0.88647
0.88647
0.886434
0.886434
0.886387
0.886387
0.886359
0.886359
0.886399
0.886399
0.886575
0.886575
0.886612
0.886612
0.886485
0.886485
0.886508
0.886508
0.888146
0.888146
0.888398
0.888398
0.886411
0.886411
0.886297
0.886297
0.888063
0.888063
0.887977
0.887977
0.886615
0.886615
0.886695
0.886695
0.886451
0.886451
0.8864
0.8864
0.8869
0.8869
0.885832
0.885832
0.887136
0.887136
0.887361
0.887361
0.887432
0.887432
0.886722
0.886722
0.886306
0.886306
0.886697
0.886697
0.88678
0.88678
0.886725
0.886725
0.88648
0.88648
0.886566
0.886566
0.885931
0.885931
0.886301
0.886301
0.886074
0.886074
0.886799
0.886799
0.886325
0.886325
0.886437
0.886437
0.886277
0.886277
0.888219
0.888219
0.886933
0.886933
0.887007
0.887007
0.888061
0.888061
0.886903
0.886903
0.886677
0.886677
0.886558
0.886558
0.887027
0.887027
0.886904
0.886904
0.88802
0.88802
0.88769
0.88769
0.887596
0.887596
0.88744
0.88744
0.88721
0.88721
0.887265
0.887265
0.887169
0.887169
0.887211
0.887211
0.886953
0.886953
0.88693
0.88693
0.886917
0.886917
0.887623
0.887623
0.886942
0.886942
0.886466
0.886466
0.887104
0.887104
0.887186
0.887186
0.886898
0.886898
0.886992
0.886992
0.887022
0.887022
0.886419
0.886419
0.887365
0.887365
0.886942
0.886942
0.886771
0.886771
0.886801
0.886801
0.886749
0.886749
0.886788
0.886788
0.886515
0.886515
0.886526
0.886526
0.888243
0.888243
0.888243
0.888243
0.886565
0.886565
0.886873
0.886873
0.887035
0.887035
0.887102
0.887102
0.887102
0.887102
0.887054
0.887054
0.886908
0.886908
0.886965
0.886965
0.886865
0.886865
0.886825
0.886825
0.8868
0.8868
0.886808
0.886808
0.887332
0.887332
0.888053
0.888053
0.887384
0.887384
0.887138
0.887138
0.887424
0.887424
0.887047
0.887047
0.887102
0.887102
0.886536
0.886536
0.887135
0.887135
0.887096
0.887096
0.885811
0.885811
0.886924
0.886924
0.887027
0.887027
0.887107
0.887107
0.886807
0.886807
0.887034
0.887034
0.887126
0.887126
0.886811
0.886811
0.887034
0.887034
0.887206
0.887206
0.886721
0.886721
0.886866
0.886866
0.886591
0.886591
0.886514
0.886514
0.883858
0.883858
0.883938
0.883938
0.886546
0.886546
0.886538
0.886538
0.886466
0.886466
0.883897
0.883897
0.887228
0.887228
0.886641
0.886641
0.88655
0.88655
0.886109
0.886109
0.883888
0.883888
0.886058
0.886058
0.885674
0.885674
0.883575
0.883575
0.886804
0.886804
0.88704
0.88704
0.885717
0.885717
0.885749
0.885749
0.882956
0.882956
0.887039
0.887039
0.886868
0.886868
0.886464
0.886464
0.886276
0.886276
0.887107
0.887107
0.887407
0.887407
0.88616
0.88616
0.886228
0.886228
0.887223
0.887223
0.886438
0.886438
0.886142
0.886142
0.886188
0.886188
0.886524
0.886524
0.887272
0.887272
0.886722
0.886722
0.886616
0.886616
0.886314
0.886314
0.886691
0.886691
0.888151
0.888151
0.886723
0.886723
0.886225
0.886225
0.887931
0.887931
0.887776
0.887776
0.887253
0.887253
0.886553
0.886553
0.887028
0.887028
0.886401
0.886401
0.88462
0.88462
0.883687
0.883687
0.886477
0.886477
0.886354
0.886354
0.886271
0.886271
0.885009
0.885009
0.886281
0.886281
0.885965
0.885965
0.886027
0.886027
0.886286
0.886286
0.886172
0.886172
0.885905
0.885905
0.886122
0.886122
0.886007
0.886007
0.885947
0.885947
0.887228
0.887228
0.887117
0.887117
0.887016
0.887016
0.887201
0.887201
0.886993
0.886993
0.887124
0.887124
0.887147
0.887147
0.887043
0.887043
0.886934
0.886934
0.88712
0.88712
0.886857
0.886857
0.887435
0.887435
0.886362
0.886362
0.886414
0.886414
0.88637
0.88637
0.886381
0.886381
0.886408
0.886408
0.886312
0.886312
0.886058
0.886058
0.886144
0.886144
0.886234
0.886234
0.886297
0.886297
0.886642
0.886642
0.886103
0.886103
0.886771
0.886771
0.886689
0.886689
0.88604
0.88604
0.886032
0.886032
0.886323
0.886323
0.887179
0.887179
0.88713
0.88713
0.886121
0.886121
0.886483
0.886483
0.886329
0.886329
0.887202
0.887202
0.887183
0.887183
0.886405
0.886405
0.886363
0.886363
0.887115
0.887115
0.886178
0.886178
0.886565
0.886565
0.88662
0.88662
0.886437
0.886437
0.887007
0.887007
0.886426
0.886426
0.88636
0.88636
0.886679
0.886679
0.886155
0.886155
0.88609
0.88609
0.88602
0.88602
0.886111
0.886111
0.886048
0.886048
0.886018
0.886018
0.886047
0.886047
0.88633
0.88633
0.886264
0.886264
0.88636
0.88636
0.886391
0.886391
0.88734
0.88734
0.887094
0.887094
0.887091
0.887091
0.887157
0.887157
0.885046
0.885046
0.885753
0.885753
0.887145
0.887145
0.886593
0.886593
0.887033
0.887033
0.886715
0.886715
0.883244
0.883244
0.883173
0.883173
0.883031
0.883031
0.886427
0.886427
0.885891
0.885891
0.885444
0.885444
0.885284
0.885284
0.886067
0.886067
0.886082
0.886082
0.885267
0.885267
0.886477
0.886477
0.886868
0.886868
0.886221
0.886221
0.886672
0.886672
0.886397
0.886397
0.88635
0.88635
0.88644
0.88644
0.885898
0.885898
0.886864
0.886864
0.885732
0.885732
0.885685
0.885685
0.885706
0.885706
0.885732
0.885732
0.885083
0.885083
0.884824
0.884824
0.88472
0.88472
0.884686
0.884686
0.884282
0.884282
0.883496
0.883496
0.883496
0.883496
0.8832
0.8832
0.8832
0.8832
0.883207
0.883207
0.883207
0.883207
0.883355
0.883355
0.883355
0.883355
0.88361
0.88361
0.884023
0.884023
0.883967
0.883967
0.883967
0.883967
0.884042
0.884042
0.885685
0.885685
0.885505
0.885505
0.885505
0.885505
0.885191
0.885191
0.884697
0.884697
0.884312
0.884312
0.884686
0.884686
0.884697
0.884697
0.883716
0.883716
0.883841
0.883841
0.88361
0.88361
0.883716
0.883716
0.883841
0.883841
0.884023
0.884023
0.884146
0.884146
0.883973
0.883973
0.884144
0.884144
0.884258
0.884258
0.884258
0.884258
0.884146
0.884146
0.88407
0.88407
0.884144
0.884144
0.884042
0.884042
0.88407
0.88407
0.883973
0.883973
0.884005
0.884005
0.884824
0.884824
0.88472
0.88472
0.885191
0.885191
0.885083
0.885083
0.885703
0.885703
0.885706
0.885706
0.884312
0.884312
0.884282
0.884282
0.884005
0.884005
0.884034
0.884034
0.885691
0.885691
0.885646
0.885646
0.885646
0.885646
0.885703
0.885703
0.885827
0.885827
0.885834
0.885834
0.885841
0.885841
0.885827
0.885827
0.885773
0.885773
0.885841
0.885841
0.884324
0.884324
0.885097
0.885097
0.884474
0.884474
0.884324
0.884324
0.884881
0.884881
0.884474
0.884474
0.885328
0.885328
0.884881
0.884881
0.884637
0.884637
0.884865
0.884865
0.885834
0.885834
0.885691
0.885691
0.885286
0.885286
0.885963
0.885963
0.885963
0.885963
0.885953
0.885953
0.885795
0.885795
0.885554
0.885554
0.885554
0.885554
0.885328
0.885328
0.885574
0.885574
0.885795
0.885795
0.884136
0.884136
0.884063
0.884063
0.884063
0.884063
0.884294
0.884294
0.884294
0.884294
0.884371
0.884371
0.884371
0.884371
0.884482
0.884482
0.884865
0.884865
0.885315
0.885315
0.884482
0.884482
0.884637
0.884637
0.885315
0.885315
0.885574
0.885574
0.884034
0.884034
0.884136
0.884136
0.885953
0.885953
0.885773
0.885773
0.885097
0.885097
0.885286
0.885286
0.887389
0.887389
0.887402
0.887402
0.887516
0.887516
0.886986
0.886986
0.887131
0.887131
0.886426
0.886426
0.886413
0.886413
0.886242
0.886242
0.885937
0.885937
0.885873
0.885873
0.886487
0.886487
0.886475
0.886475
0.88586
0.88586
0.886012
0.886012
0.886991
0.886991
0.887436
0.887436
0.887089
0.887089
0.888088
0.888088
0.888606
0.888606
0.886835
0.886835
0.886896
0.886896
0.886601
0.886601
0.887014
0.887014
0.887373
0.887373
0.887739
0.887739
0.887813
0.887813
0.888181
0.888181
0.888199
0.888199
0.887928
0.887928
0.888008
0.888008
0.887923
0.887923
0.888018
0.888018
0.886201
0.886201
0.886913
0.886913
0.887269
0.887269
0.887194
0.887194
0.888004
0.888004
0.887939
0.887939
0.887985
0.887985
0.887943
0.887943
0.883152
0.883152
0.883244
0.883244
0.883578
0.883578
0.884419
0.884419
0.885022
0.885022
0.885649
0.885649
0.885905
0.885905
0.886534
0.886534
0.886456
0.886456
0.88625
0.88625
0.886392
0.886392
0.886253
0.886253
0.886313
0.886313
0.886116
0.886116
0.885937
0.885937
0.886272
0.886272
0.885853
0.885853
0.887322
0.887322
0.88515
0.88515
0.883969
0.883969
0.883641
0.883641
0.883624
0.883624
0.883499
0.883499
0.888406
0.888406
0.888562
0.888562
0.888136
0.888136
0.887795
0.887795
0.88687
0.88687
0.886969
0.886969
0.887934
0.887934
0.886285
0.886285
0.886455
0.886455
0.88647
0.88647
0.886576
0.886576
0.88694
0.88694
0.887092
0.887092
0.888155
0.888155
0.887915
0.887915
0.887665
0.887665
0.887622
0.887622
0.887187
0.887187
0.886918
0.886918
0.886392
0.886392
0.886629
0.886629
0.886519
0.886519
0.886347
0.886347
0.88688
0.88688
0.886704
0.886704
0.887051
0.887051
0.887289
0.887289
0.886675
0.886675
0.886564
0.886564
0.886297
0.886297
0.886381
0.886381
0.886497
0.886497
0.886343
0.886343
0.886454
0.886454
0.887001
0.887001
0.887123
0.887123
0.88683
0.88683
0.886803
0.886803
0.887101
0.887101
0.886736
0.886736
0.886985
0.886985
0.886196
0.886196
0.886754
0.886754
0.886532
0.886532
0.886725
0.886725
0.887135
0.887135
0.887697
0.887697
0.88627
0.88627
0.886779
0.886779
0.88631
0.88631
0.886584
0.886584
0.886706
0.886706
0.886698
0.886698
0.887807
0.887807
0.886655
0.886655
0.885355
0.885355
0.885168
0.885168
0.885645
0.885645
0.887105
0.887105
0.886698
0.886698
0.886351
0.886351
0.886126
0.886126
0.886652
0.886652
0.886839
0.886839
0.886977
0.886977
0.886897
0.886897
0.886591
0.886591
0.886448
0.886448
0.886674
0.886674
0.886652
0.886652
0.886254
0.886254
0.886456
0.886456
0.887481
0.887481
0.885673
0.885673
0.886042
0.886042
0.886015
0.886015
0.886161
0.886161
0.88582
0.88582
0.887257
0.887257
0.886971
0.886971
0.887616
0.887616
0.888209
0.888209
0.886776
0.886776
0.886535
0.886535
0.887332
0.887332
0.886291
0.886291
0.885889
0.885889
0.886727
0.886727
0.886463
0.886463
0.886997
0.886997
0.887625
0.887625
0.887807
0.887807
0.88675
0.88675
0.887402
0.887402
0.887389
0.887389
0.887516
0.887516
0.887131
0.887131
0.886986
0.886986
0.886413
0.886413
0.886426
0.886426
0.886242
0.886242
0.885873
0.885873
0.885937
0.885937
0.886487
0.886487
0.886475
0.886475
0.88586
0.88586
0.886012
0.886012
0.887436
0.887436
0.886991
0.886991
0.887089
0.887089
0.888088
0.888088
0.888606
0.888606
0.886896
0.886896
0.886835
0.886835
0.886601
0.886601
0.887014
0.887014
0.887373
0.887373
0.887813
0.887813
0.887739
0.887739
0.888181
0.888181
0.888199
0.888199
0.887928
0.887928
0.887923
0.887923
0.888008
0.888008
0.888018
0.888018
0.886201
0.886201
0.886913
0.886913
0.887269
0.887269
0.887194
0.887194
0.888004
0.888004
0.887939
0.887939
0.887985
0.887985
0.887943
0.887943
0.883244
0.883244
0.883152
0.883152
0.883578
0.883578
0.885022
0.885022
0.884419
0.884419
0.885649
0.885649
0.885905
0.885905
0.886456
0.886456
0.886534
0.886534
0.88625
0.88625
0.886392
0.886392
0.886253
0.886253
0.886313
0.886313
0.885937
0.885937
0.886116
0.886116
0.886272
0.886272
0.885853
0.885853
0.887322
0.887322
0.883969
0.883969
0.88515
0.88515
0.883641
0.883641
0.883624
0.883624
0.883499
0.883499
0.888562
0.888562
0.888406
0.888406
0.887795
0.887795
0.888136
0.888136
0.886969
0.886969
0.88687
0.88687
0.887934
0.887934
0.886285
0.886285
0.886455
0.886455
0.88647
0.88647
0.886576
0.886576
0.88694
0.88694
0.887092
0.887092
0.888155
0.888155
0.887915
0.887915
