4
2500
0.886463
0.886463
0.886463
0.886463
0.886372
0.886372
0.886372
0.886372
0.886995
0.886995
0.886995
0.886995
0.887449
0.887449
0.887514
0.887514
0.88749
0.88749
0.887565
0.887565
0.887612
0.887612
0.887475
0.887475
0.888148
0.888148
0.887795
0.887795
0.8878
0.8878
0.888247
0.888247
0.888226
0.888226
0.887787
0.887787
0.887578
0.887578
0.887561
0.887561
0.887134
0.887134
0.887821
0.887821
0.887823
0.887823
0.88721
0.88721
0.887998
0.887998
0.888074
0.888074
0.887805
0.887805
0.887883
0.887883
0.887909
0.887909
0.887911
0.887911
0.887992
0.887992
0.887955
0.887955
0.88805
0.88805
0.888164
0.888164
0.887614
0.887614
0.887857
0.887857
0.888183
0.888183
0.888262
0.888262
0.887513
0.887513
0.886376
0.886376
0.887534
0.887534
0.886506
0.886506
0.886511
0.886511
0.886743
0.886743
0.88684
0.88684
0.884516
0.884516
0.885251
0.885251
0.887013
0.887013
0.887615
0.887615
0.886523
0.886523
0.886416
0.886416
0.887641
0.887641
0.886427
0.886427
0.886215
0.886215
0.885625
0.885625
0.885968
0.885968
0.884548
0.884548
0.884389
0.884389
0.883953
0.883953
0.883887
0.883887
0.886663
0.886663
0.886238
0.886238
0.886214
0.886214
0.886541
0.886541
0.888434
0.888434
0.888628
0.888628
0.887955
0.887955
0.888152
0.888152
0.888121
0.888121
0.888275
0.888275
0.888336
0.888336
0.888424
0.888424
0.886865
0.886865
0.887408
0.887408
0.887676
0.887676
0.887273
0.887273
0.887477
0.887477
0.888531
0.888531
0.888442
0.888442
0.887541
0.887541
0.888032
0.888032
0.887836
0.887836
0.887059
0.887059
0.88756
0.88756
0.887858
0.887858
0.887612
0.887612
0.887693
0.887693
0.887987
0.887987
0.887699
0.887699
0.88781
0.88781
0.885041
0.885041
0.886209
0.886209
0.886662
0.886662
0.885041
0.885041
0.886527
0.886527
0.885041
0.885041
0.886868
0.886868
0.885041
0.885041
0.886555
0.886555
0.885041
0.885041
0.886526
0.886526
0.885041
0.885041
0.885773
0.885773
0.885041
0.885041
0.884968
0.884968
0.885041
0.885041
0.884764
0.884764
0.885041
0.885041
0.884038
0.884038
0.885041
0.885041
0.883784
0.883784
0.886611
0.886611
0.886862
0.886862
0.886867
0.886867
0.886726
0.886726
0.886843
0.886843
0.88507
0.88507
0.884618
0.884618
0.884126
0.884126
0.883453
0.883453
0.887638
0.887638
0.886834
0.886834
0.887095
0.887095
0.886514
0.886514
0.88647
0.88647
0.885558
0.885558
0.884563
0.884563
0.884109
0.884109
0.886132
0.886132
0.886132
0.886132
0.88626
0.88626
0.88626
0.88626
0.887877
0.887877
0.887394
0.887394
0.887198
0.887198
0.887129
0.887129
0.886951
0.886951
0.88588
0.88588
0.885701
0.885701
0.884922
0.884922
0.887213
0.887213
0.886713
0.886713
0.887703
0.887703
0.887812
0.887812
0.887387
0.887387
0.885855
0.885855
0.885925
0.885925
0.885173
0.885173
0.886768
0.886768
0.886899
0.886899
0.886968
0.886968
0.887044
0.887044
0.887661
0.887661
0.88809
0.88809
0.887759
0.887759
0.886167
0.886167
0.885989
0.885989
0.885166
0.885166
0.887191
0.887191
0.886574
0.886574
0.886386
0.886386
0.886725
0.886725
0.886666
0.886666
0.886106
0.886106
0.886942
0.886942
0.886959
0.886959
0.886777
0.886777
0.886306
0.886306
0.886946
0.886946
0.886997
0.886997
0.886835
0.886835
0.887507
0.887507
0.886574
0.886574
0.886386
0.886386
0.886386
0.886386
0.886574
0.886574
0.886898
0.886898
0.886768
0.886768
0.887044
0.887044
0.887661
0.887661
0.88809
0.88809
0.887759
0.887759
0.886167
0.886167
0.885989
0.885989
0.885166
0.885166
0.886921
0.886921
0.886592
0.886592
0.887032
0.887032
0.886947
0.886947
0.886455
0.886455
0.886413
0.886413
0.886354
0.886354
0.886193
0.886193
0.886084
0.886084
0.886595
0.886595
0.886703
0.886703
0.886294
0.886294
0.886639
0.886639
0.886987
0.886987
0.887407
0.887407
0.887654
0.887654
0.887496
0.887496
0.887052
0.887052
0.887797
0.887797
0.887783
0.887783
0.887763
0.887763
0.887565
0.887565
0.88784
0.88784
0.887393
0.887393
0.887739
0.887739
0.886941
0.886941
0.887191
0.887191
0.886725
0.886725
0.886494
0.886494
0.887513
0.887513
0.886106
0.886106
0.886376
0.886376
0.886306
0.886306
0.88717
0.88717
0.886777
0.886777
0.887393
0.887393
0.886946
0.886946
0.887052
0.887052
0.887507
0.887507
0.887654
0.887654
0.886592
0.886592
0.886987
0.886987
0.887032
0.887032
0.886703
0.886703
0.886413
0.886413
0.886294
0.886294
0.886193
0.886193
0.886941
0.886941
0.886494
0.886494
0.88717
0.88717
0.886114
0.886114
0.88668
0.88668
0.886562
0.886562
0.887576
0.887576
0.887266
0.887266
0.887246
0.887246
0.887801
0.887801
0.887996
0.887996
0.887867
0.887867
0.887515
0.887515
0.886563
0.886563
0.886568
0.886568
0.886136
0.886136
0.887628
0.887628
0.888564
0.888564
0.88775
0.88775
0.887578
0.887578
0.886463
0.886463
0.88708
0.88708
0.886668
0.886668
0.886372
0.886372
0.886995
0.886995
0.886946
0.886946
0.887047
0.887047
0.887402
0.887402
0.887047
0.887047
0.884007
0.884007
0.883823
0.883823
0.884511
0.884511
0.886588
0.886588
0.887402
0.887402
0.886661
0.886661
0.886374
0.886374
0.886145
0.886145
0.88755
0.88755
0.887515
0.887515
0.887561
0.887561
0.887364
0.887364
0.88803
0.88803
0.888269
0.888269
0.887936
0.887936
0.887515
0.887515
0.886135
0.886135
0.886135
0.886135
0.88587
0.88587
0.88587
0.88587
0.88631
0.88631
0.886279
0.886279
0.886334
0.886334
0.88575
0.88575
0.886257
0.886257
0.885698
0.885698
0.885604
0.885604
0.885481
0.885481
0.885498
0.885498
0.88553
0.88553
0.885502
0.885502
0.885665
0.885665
0.885783
0.885783
0.885549
0.885549
0.885207
0.885207
0.88528
0.88528
0.885526
0.885526
0.885555
0.885555
0.887495
0.887495
0.888366
0.888366
0.888168
0.888168
0.887471
0.887471
0.887195
0.887195
0.887895
0.887895
0.887296
0.887296
0.886325
0.886325
0.886319
0.886319
0.886726
0.886726
0.885953
0.885953
0.886326
0.886326
0.887463
0.887463
0.88686
0.88686
0.888302
0.888302
0.888197
0.888197
0.884958
0.884958
0.883972
0.883972
0.884425
0.884425
0.885204
0.885204
0.883202
0.883202
0.883376
0.883376
0.882315
0.882315
0.88292
0.88292
0.88452
0.88452
0.884713
0.884713
0.885298
0.885298
0.885151
0.885151
0.885242
0.885242
0.884625
0.884625
0.883625
0.883625
0.883217
0.883217
0.884906
0.884906
0.885076
0.885076
0.888248
0.888248
0.888524
0.888524
0.887673
0.887673
0.887872
0.887872
0.886615
0.886615
0.886903
0.886903
0.888405
0.888405
0.888404
0.888404
0.885681
0.885681
0.885706
0.885706
0.88522
0.88522
0.885118
0.885118
0.884858
0.884858
0.885698
0.885698
0.885656
0.885656
0.885623
0.885623
0.887263
0.887263
0.88834
0.88834
0.885988
0.885988
0.885348
0.885348
0.884966
0.884966
0.884898
0.884898
0.884462
0.884462
0.883871
0.883871
0.88328
0.88328
0.883452
0.883452
0.883678
0.883678
0.885436
0.885436
0.88526
0.88526
0.885
0.885
0.884587
0.884587
0.883909
0.883909
0.883256
0.883256
0.882954
0.882954
0.88299
0.88299
0.884933
0.884933
0.885364
0.885364
0.883686
0.883686
0.882844
0.882844
0.882804
0.882804
0.883185
0.883185
0.884039
0.884039
0.886166
0.886166
0.886155
0.886155
0.885842
0.885842
0.886152
0.886152
0.88479
0.88479
0.884336
0.884336
0.883116
0.883116
0.883079
0.883079
0.884271
0.884271
0.886131
0.886131
0.886373
0.886373
0.885606
0.885606
0.884494
0.884494
0.884046
0.884046
0.883987
0.883987
0.884167
0.884167
0.886569
0.886569
0.886107
0.886107
0.88637
0.88637
0.886431
0.886431
0.885541
0.885541
0.884657
0.884657
0.883993
0.883993
0.884174
0.884174
0.884329
0.884329
0.886714
0.886714
0.886377
0.886377
0.886497
0.886497
0.886076
0.886076
0.886401
0.886401
0.886326
0.886326
0.886427
0.886427
0.885884
0.885884
0.886007
0.886007
0.885932
0.885932
0.885986
0.885986
0.885644
0.885644
0.886377
0.886377
0.886377
0.886377
0.886122
0.886122
0.886569
0.886569
0.886431
0.886431
0.885541
0.885541
0.884657
0.884657
0.883993
0.883993
0.884174
0.884174
0.884329
0.884329
0.885437
0.885437
0.885583
0.885583
0.885455
0.885455
0.885868
0.885868
0.886142
0.886142
0.885662
0.885662
0.885146
0.885146
0.885026
0.885026
0.885125
0.885125
0.88506
0.88506
0.884643
0.884643
0.883649
0.883649
0.885745
0.885745
0.88529
0.88529
0.885507
0.885507
0.8855
0.8855
0.88575
0.88575
0.885478
0.885478
0.885952
0.885952
0.885549
0.885549
0.885537
0.885537
0.887224
0.887224
0.886714
0.886714
0.888302
0.888302
0.886497
0.886497
0.88686
0.88686
0.886326
0.886326
0.886126
0.886126
0.886427
0.886427
0.885952
0.885952
0.886007
0.886007
0.885745
0.885745
0.885932
0.885932
0.884643
0.884643
0.885437
0.885437
0.885125
0.885125
0.885455
0.885455
0.885146
0.885146
0.885868
0.885868
0.887224
0.887224
0.886126
0.886126
0.884797
0.884797
0.885018
0.885018
0.884048
0.884048
0.885252
0.885252
0.885512
0.885512
0.885173
0.885173
0.888432
0.888432
0.887398
0.887398
0.884339
0.884339
0.885065
0.885065
0.884882
0.884882
0.888494
0.888494
0.885725
0.885725
0.885783
0.885783
0.886135
0.886135
0.886033
0.886033
0.88587
0.88587
0.885798
0.885798
0.885012
0.885012
0.885012
0.885012
0.884565
0.884565
0.883468
0.883468
0.88296
0.88296
0.882945
0.882945
0.884565
0.884565
0.886802
0.886802
0.886288
0.886288
0.886594
0.886594
0.885665
0.885665
0.886468
0.886468
0.886761
0.886761
0.887483
0.887483
0.887178
0.887178
0.886468
0.886468
0.885795
0.885795
0.88655
0.88655
0.887579
0.887579
0.886521
0.886521
0.883977
0.883977
0.886156
0.886156
0.88659
0.88659
0.88477
0.88477
0.887125
0.887125
0.887823
0.887823
0.887312
0.887312
0.887806
0.887806
0.886643
0.886643
0.88782
0.88782
0.887994
0.887994
0.887519
0.887519
0.886841
0.886841
0.888545
0.888545
0.887679
0.887679
0.88659
0.88659
0.887482
0.887482
0.886896
0.886896
0.887839
0.887839
0.887204
0.887204
0.886207
0.886207
0.885213
0.885213
0.885526
0.885526
0.886729
0.886729
0.888078
0.888078
0.88748
0.88748
0.888369
0.888369
0.887259
0.887259
0.883151
0.883151
0.884437
0.884437
0.88508
0.88508
0.883457
0.883457
0.883233
0.883233
0.884867
0.884867
0.887206
0.887206
0.888561
0.888561
0.886072
0.886072
0.885701
0.885701
0.885442
0.885442
0.884308
0.884308
0.886611
0.886611
0.886728
0.886728
0.886214
0.886214
0.886474
0.886474
0.886688
0.886688
0.886587
0.886587
0.887823
0.887823
0.88844
0.88844
0.887135
0.887135
0.887238
0.887238
0.887869
0.887869
0.888403
0.888403
0.887851
0.887851
0.887999
0.887999
0.888533
0.888533
0.888113
0.888113
0.888229
0.888229
0.887857
0.887857
0.887619
0.887619
0.887861
0.887861
0.885187
0.885187
0.884366
0.884366
0.884903
0.884903
0.885526
0.885526
0.887413
0.887413
0.886941
0.886941
0.887677
0.887677
0.888418
0.888418
0.885761
0.885761
0.88506
0.88506
0.884879
0.884879
0.886403
0.886403
0.888621
0.888621
0.887831
0.887831
0.885666
0.885666
0.885566
0.885566
0.885551
0.885551
0.886763
0.886763
0.886382
0.886382
0.884697
0.884697
0.883943
0.883943
0.886195
0.886195
0.886303
0.886303
0.883477
0.883477
0.886948
0.886948
0.885939
0.885939
0.886676
0.886676
0.886508
0.886508
0.886058
0.886058
0.886636
0.886636
0.886833
0.886833
0.886243
0.886243
0.886169
0.886169
0.886694
0.886694
0.886633
0.886633
0.886334
0.886334
0.886322
0.886322
0.886189
0.886189
0.886467
0.886467
0.883872
0.883872
0.88334
0.88334
0.886468
0.886468
0.886627
0.886627
0.886306
0.886306
0.885733
0.885733
0.886823
0.886823
0.882979
0.882979
0.886033
0.886033
0.886302
0.886302
0.883163
0.883163
0.886143
0.886143
0.883205
0.883205
0.886352
0.886352
0.886627
0.886627
0.88467
0.88467
0.886788
0.886788
0.884854
0.884854
0.88546
0.88546
0.886081
0.886081
0.886016
0.886016
0.886158
0.886158
0.885905
0.885905
0.885866
0.885866
0.885856
0.885856
0.885643
0.885643
0.885468
0.885468
0.885434
0.885434
0.885191
0.885191
0.88428
0.88428
0.884148
0.884148
0.884078
0.884078
0.883955
0.883955
0.884198
0.884198
0.884309
0.884309
0.884106
0.884106
0.884272
0.884272
0.886295
0.886295
0.886398
0.886398
0.886471
0.886471
0.886437
0.886437
0.886267
0.886267
0.886336
0.886336
0.886268
0.886268
0.886182
0.886182
0.886191
0.886191
0.886279
0.886279
0.886698
0.886698
0.886723
0.886723
0.886686
0.886686
0.88679
0.88679
0.886596
0.886596
0.886628
0.886628
0.886895
0.886895
0.886931
0.886931
0.886949
0.886949
0.886398
0.886398
0.886196
0.886196
0.886416
0.886416
0.886901
0.886901
0.886901
0.886901
0.886227
0.886227
0.886901
0.886901
0.886359
0.886359
0.886902
0.886902
0.886856
0.886856
0.886901
0.886901
0.887322
0.887322
0.887101
0.887101
0.8869
0.8869
0.886901
0.886901
0.888148
0.888148
0.887582
0.887582
0.886901
0.886901
0.886901
0.886901
0.886856
0.886856
0.886901
0.886901
0.886389
0.886389
0.886901
0.886901
0.886324
0.886324
0.886901
0.886901
0.886289
0.886289
0.886903
0.886903
0.887603
0.887603
0.886902
0.886902
0.887769
0.887769
0.888142
0.888142
0.886901
0.886901
0.886901
0.886901
0.888322
0.888322
0.886901
0.886901
0.887603
0.887603
0.886902
0.886902
0.886076
0.886076
0.886226
0.886226
0.884001
0.884001
0.884001
0.884001
0.886419
0.886419
0.884001
0.884001
0.886186
0.886186
0.884001
0.884001
0.886186
0.886186
0.885882
0.885882
0.884001
0.884001
0.884001
0.884001
0.883881
0.883881
0.884001
0.884001
0.884001
0.884001
0.883998
0.883998
0.883912
0.883912
0.884011
0.884011
0.884351
0.884351
0.884006
0.884006
0.885882
0.885882
0.884001
0.884001
0.884779
0.884779
0.884001
0.884001
0.884536
0.884536
0.884001
0.884001
0.88414
0.88414
0.884001
0.884001
0.883367
0.883367
0.88414
0.88414
0.884001
0.884001
0.884001
0.884001
0.883773
0.883773
0.884013
0.884013
0.883698
0.883698
0.884005
0.884005
0.883535
0.883535
0.884
0.884
0.883367
0.883367
0.884001
0.884001
0.88688
0.88688
0.886615
0.886615
0.88817
0.88817
0.888473
0.888473
0.886905
0.886905
0.88824
0.88824
0.886667
0.886667
0.888383
0.888383
0.887456
0.887456
0.888328
0.888328
0.887709
0.887709
0.888497
0.888497
0.88823
0.88823
0.887843
0.887843
0.88798
0.88798
0.88721
0.88721
0.887899
0.887899
0.887075
0.887075
0.888553
0.888553
0.886666
0.886666
0.888315
0.888315
0.886681
0.886681
0.886483
0.886483
0.888351
0.888351
0.886383
0.886383
0.887872
0.887872
0.887172
0.887172
0.887811
0.887811
0.887774
0.887774
0.888267
0.888267
0.888147
0.888147
0.887843
0.887843
0.888027
0.888027
0.887208
0.887208
0.88808
0.88808
0.88647
0.88647
0.88815
0.88815
0.886824
0.886824
0.888049
0.888049
0.886868
0.886868
0.886876
0.886876
0.886881
0.886881
0.886104
0.886104
0.886197
0.886197
0.887346
0.887346
0.88761
0.88761
0.888122
0.888122
0.887978
0.887978
0.887236
0.887236
0.886507
0.886507
0.886114
0.886114
0.886905
0.886905
0.886706
0.886706
0.886969
0.886969
0.886526
0.886526
0.886394
0.886394
0.886491
0.886491
0.886017
0.886017
0.885795
0.885795
0.885789
0.885789
0.885675
0.885675
0.886266
0.886266
0.885357
0.885357
0.884535
0.884535
0.886544
0.886544
0.88602
0.88602
0.887368
0.887368
0.886268
0.886268
0.888147
0.888147
0.887718
0.887718
0.887776
0.887776
0.888105
0.888105
0.887121
0.887121
0.88753
0.88753
0.887181
0.887181
0.887235
0.887235
0.886038
0.886038
0.886839
0.886839
0.886034
0.886034
0.886704
0.886704
0.88671
0.88671
0.886328
0.886328
0.887206
0.887206
0.886571
0.886571
0.88688
0.88688
0.886537
0.886537
0.886789
0.886789
0.886037
0.886037
0.886884
0.886884
0.886761
0.886761
0.886167
0.886167
0.886516
0.886516
0.886575
0.886575
0.885465
0.885465
0.886471
0.886471
0.884895
0.884895
0.885868
0.885868
0.884455
0.884455
0.885789
0.885789
0.884508
0.884508
0.886229
0.886229
0.886371
0.886371
0.886466
0.886466
0.886071
0.886071
0.886466
0.886466
0.886578
0.886578
0.887006
0.887006
0.887178
0.887178
0.887478
0.887478
0.887514
0.887514
0.887587
0.887587
0.887532
0.887532
0.888054
0.888054
0.888054
0.888054
0.887022
0.887022
0.887022
0.887022
0.886495
0.886495
0.886495
0.886495
0.886463
0.886463
0.886463
0.886463
0.886372
0.886372
0.886372
0.886372
0.886995
0.886995
0.886995
0.886995
0.887438
0.887438
0.887438
0.887438
0.88753
0.88753
0.88753
0.88753
0.888088
0.888088
0.888088
0.888088
0.88699
0.88699
0.88699
0.88699
0.886481
0.886481
0.886481
0.886481
0.885891
0.885891
0.885891
0.885891
0.886409
0.886409
0.88633
0.88633
0.886569
0.886569
0.886979
0.886979
0.887326
0.887326
0.886858
0.886858
0.887755
0.887755
0.887429
0.887429
0.887739
0.887739
0.887384
0.887384
0.888364
0.888364
0.887218
0.887218
0.887049
0.887049
0.886395
0.886395
0.886306
0.886306
0.886041
0.886041
0.885685
0.885685
0.885182
0.885182
0.886481
0.886481
0.886783
0.886783
0.885636
0.885636
0.88614
0.88614
0.884334
0.884334
0.884292
0.884292
0.886666
0.886666
0.886029
0.886029
0.884364
0.884364
0.886968
0.886968
0.885859
0.885859
0.884513
0.884513
0.886456
0.886456
0.885389
0.885389
0.884446
0.884446
0.886599
0.886599
0.884164
0.884164
0.884219
0.884219
0.885952
0.885952
0.884152
0.884152
0.883868
0.883868
0.885135
0.885135
0.884007
0.884007
0.88367
0.88367
0.884669
0.884669
0.883495
0.883495
0.883658
0.883658
0.886267
0.886267
0.885473
0.885473
0.886599
0.886599
0.887018
0.887018
0.887647
0.887647
0.887825
0.887825
0.888034
0.888034
0.887046
0.887046
0.886851
0.886851
0.885207
0.885207
0.884765
0.884765
0.886122
0.886122
0.88683
0.88683
0.887976
0.887976
0.887669
0.887669
0.887423
0.887423
0.887879
0.887879
0.887467
0.887467
0.884963
0.884963
0.884659
0.884659
0.885469
0.885469
0.886358
0.886358
0.887506
0.887506
0.886828
0.886828
0.888103
0.888103
0.888188
0.888188
0.888519
0.888519
0.884867
0.884867
0.884578
0.884578
0.885141
0.885141
0.88662
0.88662
0.887208
0.887208
0.886796
0.886796
0.887664
0.887664
0.887945
0.887945
0.887583
0.887583
0.884886
0.884886
0.884589
0.884589
0.88497
0.88497
0.886598
0.886598
0.887268
0.887268
0.886611
0.886611
0.887564
0.887564
0.887281
0.887281
0.887565
0.887565
0.884548
0.884548
0.884734
0.884734
0.884663
0.884663
0.884546
0.884546
0.884683
0.884683
0.884486
0.884486
0.886581
0.886581
0.886762
0.886762
0.887268
0.887268
0.887265
0.887265
0.886426
0.886426
0.886334
0.886334
0.887389
0.887389
0.887181
0.887181
0.887224
0.887224
0.887141
0.887141
0.88749
0.88749
0.887554
0.887554
0.884437
0.884437
0.884239
0.884239
0.884486
0.884486
0.887762
0.887762
0.888018
0.888018
0.886858
0.886858
0.887844
0.887844
0.888312
0.888312
0.887844
0.887844
0.887281
0.887281
0.887461
0.887461
0.88738
0.88738
0.885426
0.885426
0.885343
0.885343
0.884144
0.884144
0.883952
0.883952
0.88785
0.88785
0.887562
0.887562
0.884614
0.884614
0.884468
0.884468
0.88448
0.88448
0.884377
0.884377
0.886754
0.886754
0.886375
0.886375
0.887824
0.887824
0.887492
0.887492
0.887498
0.887498
0.886738
0.886738
0.887948
0.887948
0.88743
0.88743
0.887264
0.887264
0.887216
0.887216
0.887999
0.887999
0.886376
0.886376
0.884478
0.884478
0.88402
0.88402
0.884161
0.884161
0.886655
0.886655
0.886558
0.886558
0.886374
0.886374
0.886138
0.886138
0.887536
0.887536
0.887575
0.887575
0.887625
0.887625
0.887806
0.887806
0.887451
0.887451
0.885826
0.885826
0.885739
0.885739
0.885858
0.885858
0.886304
0.886304
0.885699
0.885699
0.885466
0.885466
0.885318
0.885318
0.885339
0.885339
0.88525
0.88525
0.885239
0.885239
0.88521
0.88521
0.885174
0.885174
0.885942
0.885942
0.885942
0.885942
0.886135
0.886135
0.886135
0.886135
0.88587
0.88587
0.88587
0.88587
0.886363
0.886363
0.886363
0.886363
0.885465
0.885465
0.885465
0.885465
0.885346
0.885346
0.885346
0.885346
0.885195
0.885195
0.885195
0.885195
0.885228
0.885228
0.885228
0.885228
0.886106
0.886106
0.886215
0.886215
0.885799
0.885799
0.885734
0.885734
0.8852
0.8852
0.886103
0.886103
0.884857
0.884857
0.885464
0.885464
0.884645
0.884645
0.884923
0.884923
0.883642
0.883642
0.884791
0.884791
0.884121
0.884121
0.885013
0.885013
0.886318
0.886318
0.884741
0.884741
0.884179
0.884179
0.885531
0.885531
0.884204
0.884204
0.883836
0.883836
0.884729
0.884729
0.883865
0.883865
0.883577
0.883577
0.883239
0.883239
0.883261
0.883261
0.883702
0.883702
0.882867
0.882867
0.883068
0.883068
0.883765
0.883765
0.883238
0.883238
0.882948
0.882948
0.883743
0.883743
0.88386
0.88386
0.883097
0.883097
0.883799
0.883799
0.885346
0.885346
0.885103
0.885103
0.884523
0.884523
0.88475
0.88475
0.885819
0.885819
0.885624
0.885624
0.886295
0.886295
0.884495
0.884495
0.885036
0.885036
0.883887
0.883887
0.88442
0.88442
0.885838
0.885838
0.886959
0.886959
0.887471
0.887471
0.884627
0.884627
0.884206
0.884206
0.883555
0.883555
0.884615
0.884615
0.886613
0.886613
0.887874
0.887874
0.888198
0.888198
0.884411
0.884411
0.884164
0.884164
0.883245
0.883245
0.884492
0.884492
0.88698
0.88698
0.888366
0.888366
0.888514
0.888514
0.884402
0.884402
0.884167
0.884167
0.883191
0.883191
0.884538
0.884538
0.887268
0.887268
0.888385
0.888385
0.88811
0.88811
0.884316
0.884316
0.884384
0.884384
0.883733
0.883733
0.883967
0.883967
0.883173
0.883173
0.883255
0.883255
0.884379
0.884379
0.884449
0.884449
0.887289
0.887289
0.887284
0.887284
0.888356
0.888356
0.888321
0.888321
0.88801
0.88801
0.887771
0.887771
0.884165
0.884165
0.884107
0.884107
0.887388
0.887388
0.885296
0.885296
0.885775
0.885775
0.888013
0.888013
0.888717
0.888717
0.888334
0.888334
0.887847
0.887847
0.887804
0.887804
0.883746
0.883746
0.884073
0.884073
0.883677
0.883677
0.883796
0.883796
0.884238
0.884238
0.88412
0.88412
0.883658
0.883658
0.883681
0.883681
0.882626
0.882626
0.882645
0.882645
0.88494
0.88494
0.884668
0.884668
0.887236
0.887236
0.88741
0.88741
0.888654
0.888654
0.888255
0.888255
0.88801
0.88801
0.887979
0.887979
0.886278
0.886278
0.886616
0.886616
0.886441
0.886441
0.88619
0.88619
0.886272
0.886272
0.887014
0.887014
0.887281
0.887281
0.886462
0.886462
0.886306
0.886306
0.886901
0.886901
0.886901
0.886901
0.886216
0.886216
0.886901
0.886901
0.886152
0.886152
0.886901
0.886901
0.88636
0.88636
0.886901
0.886901
0.886811
0.886811
0.886901
0.886901
0.887479
0.887479
0.886901
0.886901
0.887617
0.887617
0.886901
0.886901
0.887549
0.887549
0.886901
0.886901
0.886342
0.886342
0.886901
0.886901
0.886303
0.886303
0.886901
0.886901
0.887579
0.887579
0.886901
0.886901
0.887895
0.887895
0.886901
0.886901
0.888269
0.888269
0.886901
0.886901
0.888314
0.888314
0.886901
0.886901
0.88852
0.88852
0.886901
0.886901
0.88655
0.88655
0.886594
0.886594
0.886823
0.886823
0.885983
0.885983
0.886884
0.886884
0.886161
0.886161
0.886559
0.886559
0.886665
0.886665
0.887321
0.887321
0.88698
0.88698
0.887825
0.887825
0.887642
0.887642
0.88829
0.88829
0.888141
0.888141
0.887923
0.887923
0.888202
0.888202
0.887967
0.887967
0.888035
0.888035
0.888506
0.888506
0.887776
0.887776
0.888189
0.888189
0.887798
0.887798
0.886231
0.886231
0.886591
0.886591
0.886549
0.886549
0.886526
0.886526
0.88684
0.88684
0.887106
0.887106
0.887527
0.887527
0.887655
0.887655
0.887417
0.887417
0.888148
0.888148
0.88734
0.88734
0.888132
0.888132
0.887382
0.887382
0.888204
0.888204
0.887221
0.887221
0.888198
0.888198
0.887477
0.887477
0.888178
0.888178
0.886846
0.886846
0.886684
0.886684
0.886956
0.886956
0.886815
0.886815
0.886776
0.886776
0.886853
0.886853
0.886476
0.886476
0.886951
0.886951
0.88716
0.88716
0.887266
0.887266
0.887758
0.887758
0.887302
0.887302
0.888188
0.888188
0.887384
0.887384
0.887791
0.887791
0.887542
0.887542
0.88791
0.88791
0.887778
0.887778
0.888395
0.888395
0.888321
0.888321
0.888242
0.888242
0.888572
0.888572
0.886675
0.886675
0.886874
0.886874
0.887081
0.887081
0.887041
0.887041
0.887218
0.887218
0.887348
0.887348
0.887812
0.887812
0.887938
0.887938
0.888445
0.888445
0.888087
0.888087
0.888341
0.888341
0.888379
0.888379
0.888446
0.888446
0.888265
0.888265
0.888317
0.888317
0.888539
0.888539
0.888536
0.888536
0.888749
0.888749
0.887167
0.887167
0.887302
0.887302
0.887514
0.887514
0.887544
0.887544
0.887474
0.887474
0.88753
0.88753
0.887613
0.887613
0.887657
0.887657
0.887823
0.887823
0.888022
0.888022
0.888171
0.888171
0.887122
0.887122
0.887225
0.887225
0.887402
0.887402
0.887709
0.887709
0.887771
0.887771
0.887889
0.887889
0.888164
0.888164
0.888305
0.888305
0.888215
0.888215
0.887717
0.887717
0.886801
0.886801
0.886755
0.886755
0.886328
0.886328
0.886571
0.886571
0.886108
0.886108
0.886704
0.886704
0.886413
0.886413
0.886839
0.886839
0.887325
0.887325
0.887235
0.887235
0.887715
0.887715
0.88753
0.88753
0.888282
0.888282
0.888105
0.888105
0.887674
0.887674
0.887718
0.887718
0.886841
0.886841
0.886268
0.886268
0.886373
0.886373
0.88602
0.88602
0.885993
0.885993
0.885357
0.885357
0.885601
0.885601
0.884535
0.884535
0.885462
0.885462
0.884508
0.884508
0.885633
0.885633
0.884455
0.884455
0.886242
0.886242
0.884895
0.884895
0.885853
0.885853
0.885465
0.885465
0.886375
0.886375
0.886516
0.886516
0.886645
0.886645
0.886761
0.886761
0.886412
0.886412
0.886037
0.886037
0.887049
0.887049
0.886537
0.886537
0.886804
0.886804
0.886241
0.886241
0.886062
0.886062
0.886231
0.886231
0.88711
0.88711
0.885534
0.885534
0.886723
0.886723
0.885681
0.885681
0.886909
0.886909
0.886723
0.886723
0.885681
0.885681
0.885791
0.885791
0.887455
0.887455
0.886365
0.886365
0.887701
0.887701
0.887109
0.887109
0.887897
0.887897
0.887848
0.887848
0.887209
0.887209
0.887286
0.887286
0.886471
0.886471
0.8871
0.8871
0.886269
0.886269
0.886453
0.886453
0.88682
0.88682
0.886168
0.886168
0.887023
0.887023
0.887411
0.887411
0.886407
0.886407
0.886309
0.886309
0.8864
0.8864
0.88739
0.88739
0.886325
0.886325
0.888081
0.888081
0.886125
0.886125
0.888242
0.888242
0.886337
0.886337
0.88747
0.88747
0.886627
0.886627
0.887824
0.887824
0.886141
0.886141
0.887422
0.887422
0.887221
0.887221
0.886723
0.886723
0.887466
0.887466
0.885943
0.885943
0.887684
0.887684
0.886377
0.886377
0.887343
0.887343
0.886651
0.886651
0.887891
0.887891
0.887109
0.887109
0.887682
0.887682
0.887578
0.887578
0.887286
0.887286
0.887103
0.887103
0.8871
0.8871
0.886423
0.886423
0.886496
0.886496
0.886228
0.886228
0.886168
0.886168
0.886906
0.886906
0.886062
0.886062
0.886261
0.886261
0.886274
0.886274
0.886754
0.886754
0.885534
0.885534
0.887195
0.887195
0.885681
0.885681
0.886737
0.886737
0.885791
0.885791
0.88706
0.88706
0.886365
0.886365
0.88769
0.88769
0.886241
0.886241
0.886804
0.886804
0.886804
0.886804
0.88711
0.88711
0.88711
0.88711
0.886723
0.886723
0.886723
0.886723
0.886909
0.886909
0.886909
0.886909
0.887455
0.887455
0.887455
0.887455
0.887701
0.887701
0.887701
0.887701
0.887897
0.887897
0.887897
0.887897
0.887209
0.887209
0.887209
0.887209
0.886471
0.886471
0.886471
0.886471
0.886269
0.886269
0.886269
0.886269
0.88682
0.88682
0.88682
0.88682
0.886241
0.886241
0.887738
0.887738
0.886896
0.886896
0.885886
0.885886
0.886756
0.886756
0.887798
0.887798
0.887595
0.887595
0.887277
0.887277
0.887899
0.887899
0.88753
0.88753
0.887277
0.887277
0.887899
0.887899
0.887677
0.887677
0.88648
0.88648
0.887115
0.887115
0.886454
0.886454
0.886432
0.886432
0.886701
0.886701
0.886232
0.886232
0.886486
0.886486
0.886141
0.886141
0.886332
0.886332
0.885904
0.885904
0.886645
0.886645
0.885675
0.885675
0.886817
0.886817
0.885644
0.885644
0.886407
0.886407
0.886393
0.886393
0.88835
0.88835
0.887589
0.887589
0.886481
0.886481
0.887503
0.887503
0.886275
0.886275
0.886682
0.886682
0.887186
0.887186
0.886443
0.886443
0.887834
0.887834
0.886142
0.886142
0.887667
0.887667
0.886447
0.886447
0.887329
0.887329
0.886292
0.886292
0.886894
0.886894
0.886368
0.886368
0.886518
0.886518
0.886451
0.886451
0.886631
0.886631
0.887678
0.887678
0.886155
0.886155
0.88808
0.88808
0.886232
0.886232
0.886468
0.886468
0.886272
0.886272
0.886638
0.886638
0.886141
0.886141
0.886288
0.886288
0.885904
0.885904
0.886245
0.886245
0.885675
0.885675
0.886921
0.886921
0.885644
0.885644
0.886858
0.886858
0.885886
0.885886
0.886981
0.886981
0.886756
0.886756
0.887808
0.887808
0.887648
0.887648
0.887904
0.887904
0.887899
0.887899
0.886905
0.886905
0.887677
0.887677
0.887404
0.887404
0.887115
0.887115
0.886438
0.886438
0.886896
0.886896
0.887738
0.887738
0.887738
0.887738
0.887798
0.887798
0.887798
0.887798
0.887277
0.887277
0.887277
0.887277
0.88753
0.88753
0.88753
0.88753
0.88648
0.88648
0.88648
0.88648
0.886454
0.886454
0.886454
0.886454
0.886701
0.886701
0.886701
0.886701
0.886486
0.886486
0.886486
0.886486
0.886332
0.886332
0.886332
0.886332
0.886645
0.886645
0.886645
0.886645
0.886817
0.886817
0.886817
0.886817
0.886896
0.886896
0.88729
0.88729
0.886519
0.886519
0.885547
0.885547
0.886341
0.886341
0.887664
0.887664
0.887592
0.887592
0.887531
0.887531
0.887838
0.887838
0.887463
0.887463
0.887531
0.887531
0.887838
0.887838
0.887323
0.887323
0.886287
0.886287
0.886958
0.886958
0.886585
0.886585
0.886503
0.886503
0.886845
0.886845
0.886203
0.886203
0.886528
0.886528
0.886396
0.886396
0.886311
0.886311
0.885906
0.885906
0.886264
0.886264
0.885172
0.885172
0.886594
0.886594
0.885164
0.885164
0.886472
0.886472
0.88642
0.88642
0.888833
0.888833
0.887718
0.887718
0.886059
0.886059
0.888121
0.888121
0.887046
0.887046
0.887735
0.887735
0.887913
0.887913
0.88623
0.88623
0.888368
0.888368
0.886116
0.886116
0.888462
0.888462
0.886413
0.886413
0.887569
0.887569
0.886575
0.886575
0.887298
0.887298
0.886436
0.886436
0.886945
0.886945
0.887566
0.887566
0.886488
0.886488
0.888102
0.888102
0.886706
0.886706
0.888576
0.888576
0.886203
0.886203
0.886503
0.886503
0.886822
0.886822
0.88705
0.88705
0.8864
0.8864
0.886753
0.886753
0.885906
0.885906
0.886006
0.886006
0.885172
0.885172
0.886391
0.886391
0.885164
0.885164
0.886654
0.886654
0.885547
0.885547
0.886787
0.886787
0.886341
0.886341
0.887409
0.887409
0.887592
0.887592
0.887634
0.887634
0.887838
0.887838
0.887212
0.887212
0.887323
0.887323
0.887365
0.887365
0.886958
0.886958
0.886164
0.886164
0.886519
0.886519
0.88729
0.88729
0.88729
0.88729
0.887664
0.887664
0.887664
0.887664
0.887531
0.887531
0.887531
0.887531
0.887463
0.887463
0.887463
0.887463
0.886287
0.886287
0.886287
0.886287
0.886585
0.886585
0.886585
0.886585
0.886845
0.886845
0.886845
0.886845
0.886528
0.886528
0.886528
0.886528
0.886311
0.886311
0.886311
0.886311
0.886264
0.886264
0.886264
0.886264
0.886594
0.886594
0.886594
0.886594
0.886519
0.886519
0.886825
0.886825
0.886898
0.886898
0.886094
0.886094
0.887038
0.887038
0.886374
0.886374
0.886195
0.886195
0.887231
0.887231
0.886463
0.886463
0.886999
0.886999
0.887231
0.887231
0.886463
0.886463
0.885879
0.885879
0.887317
0.887317
0.88587
0.88587
0.887572
0.887572
0.886404
0.886404
0.887785
0.887785
0.888043
0.888043
0.887846
0.887846
0.887625
0.887625
0.886929
0.886929
0.887952
0.887952
0.886452
0.886452
0.886998
0.886998
0.886349
0.886349
0.886337
0.886337
0.887677
0.887677
0.887907
0.887907
0.8864
0.8864
0.886295
0.886295
0.8871
0.8871
0.887033
0.887033
0.886815
0.886815
0.887926
0.887926
0.88636
0.88636
0.888218
0.888218
0.886128
0.886128
0.88758
0.88758
0.886399
0.886399
0.888334
0.888334
0.886567
0.886567
0.888032
0.888032
0.887001
0.887001
0.887219
0.887219
0.887227
0.887227
0.886503
0.886503
0.887647
0.887647
0.885938
0.885938
0.887536
0.887536
0.886194
0.886194
0.888043
0.888043
0.886404
0.886404
0.88753
0.88753
0.888059
0.888059
0.887625
0.887625
0.887708
0.887708
0.887931
0.887931
0.886908
0.886908
0.886934
0.886934
0.886406
0.886406
0.886337
0.886337
0.886534
0.886534
0.886094
0.886094
0.886984
0.886984
0.887038
0.887038
0.887011
0.887011
0.886195
0.886195
0.886734
0.886734
0.886463
0.886463
0.887449
0.887449
0.885816
0.885816
0.88705
0.88705
0.88587
0.88587
0.887386
0.887386
0.886898
0.886898
0.886825
0.886825
0.886825
0.886825
0.886374
0.886374
0.886374
0.886374
0.887231
0.887231
0.887231
0.887231
0.886999
0.886999
0.886999
0.886999
0.887317
0.887317
0.887317
0.887317
0.887572
0.887572
0.887572
0.887572
0.887785
0.887785
0.887785
0.887785
0.887846
0.887846
0.887846
0.887846
0.886929
0.886929
0.886929
0.886929
0.886452
0.886452
0.886452
0.886452
0.886349
0.886349
0.886349
0.886349
0.886898
0.886898
0.886816
0.886816
0.886342
0.886342
0.886442
0.886442
0.886487
0.886487
0.886704
0.886704
0.886091
0.886091
0.886933
0.886933
0.887247
0.887247
0.886656
0.886656
0.886933
0.886933
0.887247
0.887247
0.885747
0.885747
0.886424
0.886424
0.885302
0.885302
0.886847
0.886847
0.884997
0.884997
0.886624
0.886624
0.885827
0.885827
0.887374
0.887374
0.886393
0.886393
0.888032
0.888032
0.88843
0.88843
0.887716
0.887716
0.887493
0.887493
0.886795
0.886795
0.887145
0.887145
0.887678
0.887678
0.888388
0.888388
0.88623
0.88623
0.886184
0.886184
0.887864
0.887864
0.88667
0.88667
0.887769
0.887769
0.886379
0.886379
0.887561
0.887561
0.88772
0.88772
0.886183
0.886183
0.888392
0.888392
0.886615
0.886615
0.888798
0.888798
0.886303
0.886303
0.888286
0.888286
0.886534
0.886534
0.888029
0.888029
0.886946
0.886946
0.887727
0.887727
0.887436
0.887436
0.8876
0.8876
0.888017
0.888017
0.886792
0.886792
0.885827
0.885827
0.88493
0.88493
0.887003
0.887003
0.886801
0.886801
0.886393
0.886393
0.887606
0.887606
0.88843
0.88843
0.88793
0.88793
0.887493
0.887493
0.887781
0.887781
0.887173
0.887173
0.886617
0.886617
0.886375
0.886375
0.886335
0.886335
0.886487
0.886487
0.886793
0.886793
0.886091
0.886091
0.886752
0.886752
0.887247
0.887247
0.887144
0.887144
0.885747
0.885747
0.886808
0.886808
0.88533
0.88533
0.886431
0.886431
0.886342
0.886342
0.886816
0.886816
0.886816
0.886816
0.886704
0.886704
0.886704
0.886704
0.886933
0.886933
0.886933
0.886933
0.886656
0.886656
0.886656
0.886656
0.886424
0.886424
0.886424
0.886424
0.886847
0.886847
0.886847
0.886847
0.886624
0.886624
0.886624
0.886624
0.887374
0.887374
0.887374
0.887374
0.888032
0.888032
0.888032
0.888032
0.887716
0.887716
0.887716
0.887716
0.886795
0.886795
0.886795
0.886795
0.886342
0.886342
0.886612
0.886612
0.886672
0.886672
0.886241
0.886241
0.886249
0.886249
0.887199
0.887199
0.886336
0.886336
0.88736
0.88736
0.885623
0.885623
0.886746
0.886746
0.88736
0.88736
0.885623
0.885623
0.885875
0.885875
0.886859
0.886859
0.885655
0.885655
0.886827
0.886827
0.885824
0.885824
0.887038
0.887038
0.88652
0.88652
0.888031
0.888031
0.887253
0.887253
0.887041
0.887041
0.886923
0.886923
0.886515
0.886515
0.887209
0.887209
0.88641
0.88641
0.886666
0.886666
0.887875
0.887875
0.888166
0.888166
0.886153
0.886153
0.886601
0.886601
0.888091
0.888091
0.886806
0.886806
0.88705
0.88705
0.887349
0.887349
0.886759
0.886759
0.888247
0.888247
0.886345
0.886345
0.888081
0.888081
0.886378
0.886378
0.887913
0.887913
0.886383
0.886383
0.888302
0.888302
0.886837
0.886837
0.887679
0.887679
0.886882
0.886882
0.886892
0.886892
0.887642
0.887642
0.886475
0.886475
0.887552
0.887552
0.885948
0.885948
0.886501
0.886501
0.885824
0.885824
0.887243
0.887243
0.887358
0.887358
0.887253
0.887253
0.888144
0.888144
0.886923
0.886923
0.887024
0.887024
0.887209
0.887209
0.886485
0.886485
0.886666
0.886666
0.886346
0.886346
0.886241
0.886241
0.886855
0.886855
0.886249
0.886249
0.886626
0.886626
0.886336
0.886336
0.88728
0.88728
0.885623
0.885623
0.887216
0.887216
0.885875
0.885875
0.886939
0.886939
0.885655
0.885655
0.886997
0.886997
0.886672
0.886672
0.886612
0.886612
0.886612
0.886612
0.887199
0.887199
0.887199
0.887199
0.88736
0.88736
0.88736
0.88736
0.886746
0.886746
0.886746
0.886746
0.886859
0.886859
0.886859
0.886859
0.886827
0.886827
0.886827
0.886827
0.887038
0.887038
0.887038
0.887038
0.888031
0.888031
0.888031
0.888031
0.887041
0.887041
0.887041
0.887041
0.886515
0.886515
0.886515
0.886515
0.88641
0.88641
0.88641
0.88641
0.886672
0.886672
0.887211
0.887211
0.886646
0.886646
0.886422
0.886422
0.886611
0.886611
0.887098
0.887098
0.88649
0.88649
0.886891
0.886891
0.886348
0.886348
0.88732
0.88732
0.886891
0.886891
0.886348
0.886348
0.886561
0.886561
0.887045
0.887045
0.885558
0.885558
0.886435
0.886435
0.885439
0.885439
0.886979
0.886979
0.88615
0.88615
0.887615
0.887615
0.886756
0.886756
0.887951
0.887951
0.887269
0.887269
0.887225
0.887225
0.887891
0.887891
0.886567
0.886567
0.886941
0.886941
0.888282
0.888282
0.887757
0.887757
0.886406
0.886406
0.886318
0.886318
0.88842
0.88842
0.886407
0.886407
0.887965
0.887965
0.886978
0.886978
0.8872
0.8872
0.888109
0.888109
0.886815
0.886815
0.888388
0.888388
0.886601
0.886601
0.887952
0.887952
0.886933
0.886933
0.888225
0.888225
0.886809
0.886809
0.887934
0.887934
0.886874
0.886874
0.887918
0.887918
0.887742
0.887742
0.88681
0.88681
0.887802
0.887802
0.886523
0.886523
0.88615
0.88615
0.885439
0.885439
0.886652
0.886652
0.887104
0.887104
0.886756
0.886756
0.887615
0.887615
0.887269
0.887269
0.888003
0.888003
0.887891
0.887891
0.887282
0.887282
0.886941
0.886941
0.886275
0.886275
0.886504
0.886504
0.88674
0.88674
0.886611
0.886611
0.887027
0.887027
0.88649
0.88649
0.887146
0.887146
0.886348
0.886348
0.886982
0.886982
0.886561
0.886561
0.887439
0.887439
0.885558
0.885558
0.88712
0.88712
0.886646
0.886646
0.887211
0.887211
0.887211
0.887211
0.887098
0.887098
0.887098
0.887098
0.886891
0.886891
0.886891
0.886891
0.88732
0.88732
0.88732
0.88732
0.887045
0.887045
0.887045
0.887045
0.886435
0.886435
0.886435
0.886435
0.886979
0.886979
0.886979
0.886979
0.887615
0.887615
0.887615
0.887615
0.887951
0.887951
0.887951
0.887951
0.887225
0.887225
0.887225
0.887225
0.886567
0.886567
0.886567
0.886567
0.886646
0.886646
0.886326
0.886326
0.887247
0.887247
0.887263
0.887263
0.886584
0.886584
0.886795
0.886795
0.886681
0.886681
0.886877
0.886877
0.886357
0.886357
0.887149
0.887149
0.886877
0.886877
0.886357
0.886357
0.886733
0.886733
0.88659
0.88659
0.886167
0.886167
0.886415
0.886415
0.885454
0.885454
0.886498
0.886498
0.884891
0.884891
0.886349
0.886349
0.885558
0.885558
0.887221
0.887221
0.886104
0.886104
0.887802
0.887802
0.887418
0.887418
0.887864
0.887864
0.887584
0.887584
0.888567
0.888567
0.888437
0.888437
0.886942
0.886942
0.886597
0.886597
0.888108
0.888108
0.886441
0.886441
0.887982
0.887982
0.886677
0.886677
0.888082
0.888082
0.886986
0.886986
0.887842
0.887842
0.887874
0.887874
0.887307
0.887307
0.888474
0.888474
0.886323
0.886323
0.888514
0.888514
0.886956
0.886956
0.888521
0.888521
0.886785
0.886785
0.887763
0.887763
0.887035
0.887035
0.888164
0.888164
0.887489
0.887489
0.888062
0.888062
0.884891
0.884891
0.885454
0.885454
0.886658
0.886658
0.887003
0.887003
0.885558
0.885558
0.886516
0.886516
0.886104
0.886104
0.887319
0.887319
0.887418
0.887418
0.887772
0.887772
0.887608
0.887608
0.887984
0.887984
0.887263
0.887263
0.887524
0.887524
0.886584
0.886584
0.886089
0.886089
0.886681
0.886681
0.886741
0.886741
0.886357
0.886357
0.886838
0.886838
0.886733
0.886733
0.887278
0.887278
0.886167
0.886167
0.886596
0.886596
0.887247
0.887247
0.886326
0.886326
0.886326
0.886326
0.886795
0.886795
0.886795
0.886795
0.886877
0.886877
0.886877
0.886877
0.887149
0.887149
0.887149
0.887149
0.88659
0.88659
0.88659
0.88659
0.886415
0.886415
0.886415
0.886415
0.886498
0.886498
0.886498
0.886498
0.886349
0.886349
0.886349
0.886349
0.887221
0.887221
0.887221
0.887221
0.887802
0.887802
0.887802
0.887802
0.887864
0.887864
0.887864
0.887864
0.887247
0.887247
0.886718
0.886718
0.886191
0.886191
0.886537
0.886537
0.886712
0.886712
0.886723
0.886723
0.886511
0.886511
0.88722
0.88722
0.886898
0.886898
0.887325
0.887325
0.88722
0.88722
0.886898
0.886898
0.886088
0.886088
0.88664
0.88664
0.885719
0.885719
0.886139
0.886139
0.884969
0.884969
0.886131
0.886131
0.885541
0.885541
0.886626
0.886626
0.886052
0.886052
0.88819
0.88819
0.887273
0.887273
0.887557
0.887557
0.887197
0.887197
0.886617
0.886617
0.887264
0.887264
0.887736
0.887736
0.888127
0.888127
0.886773
0.886773
0.886641
0.886641
0.888467
0.888467
0.886836
0.886836
0.888155
0.888155
0.88685
0.88685
0.887829
0.887829
0.887867
0.887867
0.88758
0.88758
0.88882
0.88882
0.886808
0.886808
0.888406
0.888406
0.886584
0.886584
0.888344
0.888344
0.886802
0.886802
0.888177
0.888177
0.88692
0.88692
0.888175
0.888175
0.887752
0.887752
0.887923
0.887923
0.888323
0.888323
0.886819
0.886819
0.885541
0.885541
0.884969
0.884969
0.886571
0.886571
0.88616
0.88616
0.886052
0.886052
0.88668
0.88668
0.887273
0.887273
0.888103
0.888103
0.887197
0.887197
0.88767
0.88767
0.887264
0.887264
0.886895
0.886895
0.886537
0.886537
0.886121
0.886121
0.886712
0.886712
0.886687
0.886687
0.886511
0.886511
0.886547
0.886547
0.886898
0.886898
0.887019
0.887019
0.886088
0.886088
0.887354
0.887354
0.885719
0.885719
0.886787
0.886787
0.886191
0.886191
0.886718
0.886718
0.886718
0.886718
0.886723
0.886723
0.886723
0.886723
0.88722
0.88722
0.88722
0.88722
0.887325
0.887325
0.887325
0.887325
0.88664
0.88664
0.88664
0.88664
0.886139
0.886139
0.886139
0.886139
0.886131
0.886131
0.886131
0.886131
0.886626
0.886626
0.886626
0.886626
0.88819
0.88819
0.88819
0.88819
0.887557
0.887557
0.887557
0.887557
0.886617
0.886617
0.886617
0.886617
0.886191
0.886191
0.886874
0.886874
0.886387
0.886387
0.886911
0.886911
0.886227
0.886227
0.886581
0.886581
0.886959
0.886959
0.887328
0.887328
0.886668
0.886668
0.886913
0.886913
0.887328
0.887328
0.886668
0.886668
0.886216
0.886216
0.887205
0.887205
0.886174
0.886174
0.88651
0.88651
0.885032
0.885032
0.885888
0.885888
0.884456
0.884456
0.886186
0.886186
0.885769
0.885769
0.887196
0.887196
0.88638
0.88638
0.887916
0.887916
0.886906
0.886906
0.88709
0.88709
0.887657
0.887657
0.888317
0.888317
0.88812
0.88812
0.887157
0.887157
0.886259
0.886259
0.888113
0.888113
0.886864
0.886864
0.888314
0.888314
0.886915
0.886915
0.887999
0.887999
0.887699
0.887699
0.887882
0.887882
0.888534
0.888534
0.887709
0.887709
0.888208
0.888208
0.886914
0.886914
0.888513
0.888513
0.886493
0.886493
0.888239
0.888239
0.8871
0.8871
0.888137
0.888137
0.887788
0.887788
0.88811
0.88811
0.888559
0.888559
0.887768
0.887768
0.884456
0.884456
0.885032
0.885032
0.886642
0.886642
0.886093
0.886093
0.885769
0.885769
0.886215
0.886215
0.886315
0.886315
0.88725
0.88725
0.886906
0.886906
0.888148
0.888148
0.887657
0.887657
0.887076
0.887076
0.886911
0.886911
0.886369
0.886369
0.886271
0.886271
0.886668
0.886668
0.886959
0.886959
0.886477
0.886477
0.886603
0.886603
0.887057
0.887057
0.886216
0.886216
0.887243
0.887243
0.886174
0.886174
0.887149
0.887149
0.886387
0.886387
0.886874
0.886874
0.886874
0.886874
0.886581
0.886581
0.886581
0.886581
0.887328
0.887328
0.887328
0.887328
0.886913
0.886913
0.886913
0.886913
0.887205
0.887205
0.887205
0.887205
0.88651
0.88651
0.88651
0.88651
0.885888
0.885888
0.885888
0.885888
0.886186
0.886186
0.886186
0.886186
0.887196
0.887196
0.887196
0.887196
0.887916
0.887916
0.887916
0.887916
0.88709
0.88709
0.88709
0.88709
0.886387
0.886387
0.887036
0.887036
0.888194
0.888194
0.887651
0.887651
0.887802
0.887802
0.885964
0.885964
0.88694
0.88694
0.886697
0.886697
0.886378
0.886378
0.886864
0.886864
0.886697
0.886697
0.886378
0.886378
0.886751
0.886751
0.887359
0.887359
0.88655
0.88655
0.88643
0.88643
0.886372
0.886372
0.886347
0.886347
0.885882
0.885882
0.886006
0.886006
0.884893
0.884893
0.885836
0.885836
0.884752
0.884752
0.886554
0.886554
0.885982
0.885982
0.887485
0.887485
0.886874
0.886874
0.888593
0.888593
0.887847
0.887847
0.888186
0.888186
0.887797
0.887797
0.888428
0.888428
0.886696
0.886696
0.888518
0.888518
0.886886
0.886886
0.887824
0.887824
0.886726
0.886726
0.888145
0.888145
0.887135
0.887135
0.888191
0.888191
0.888119
0.888119
0.887686
0.887686
0.888715
0.888715
0.887064
0.887064
0.888196
0.888196
0.886635
0.886635
0.888331
0.888331
0.886783
0.886783
0.888431
0.888431
0.886932
0.886932
0.88831
0.88831
0.885882
0.885882
0.886372
0.886372
0.886642
0.886642
0.886678
0.886678
0.884893
0.884893
0.886526
0.886526
0.884752
0.884752
0.885997
0.885997
0.885982
0.885982
0.886741
0.886741
0.886822
0.886822
0.887538
0.887538
0.887651
0.887651
0.888076
0.888076
0.887802
0.887802
0.887177
0.887177
0.88694
0.88694
0.886211
0.886211
0.886378
0.886378
0.886653
0.886653
0.886751
0.886751
0.886853
0.886853
0.886528
0.886528
0.88718
0.88718
0.888194
0.888194
0.887036
0.887036
0.887036
0.887036
0.885964
0.885964
0.885964
0.885964
0.886697
0.886697
0.886697
0.886697
0.886864
0.886864
0.886864
0.886864
0.887359
0.887359
0.887359
0.887359
0.88643
0.88643
0.88643
0.88643
0.886347
0.886347
0.886347
0.886347
0.886006
0.886006
0.886006
0.886006
0.885836
0.885836
0.885836
0.885836
0.886554
0.886554
0.886554
0.886554
0.887485
0.887485
0.887485
0.887485
0.888194
0.888194
0.886364
0.886364
0.887226
0.887226
0.887297
0.887297
0.886502
0.886502
0.886966
0.886966
0.886717
0.886717
0.886563
0.886563
0.886818
0.886818
0.887015
0.887015
0.886563
0.886563
0.886818
0.886818
0.886821
0.886821
0.887282
0.887282
0.886122
0.886122
0.886133
0.886133
0.88533
0.88533
0.885587
0.885587
0.884298
0.884298
0.88574
0.88574
0.884828
0.884828
0.886212
0.886212
0.885817
0.885817
0.887871
0.887871
0.886937
0.886937
0.887903
0.887903
0.887325
0.887325
0.888197
0.888197
0.88838
0.88838
0.887905
0.887905
0.887376
0.887376
0.888392
0.888392
0.886593
0.886593
0.888293
0.888293
0.886831
0.886831
0.888227
0.888227
0.887654
0.887654
0.888155
0.888155
0.888423
0.888423
0.887818
0.887818
0.888183
0.888183
0.88766
0.88766
0.88809
0.88809
0.886966
0.886966
0.887881
0.887881
0.887264
0.887264
0.887935
0.887935
0.88788
0.88788
0.888059
0.888059
0.888697
0.888697
0.888161
0.888161
0.884298
0.884298
0.88533
0.88533
0.886278
0.886278
0.885717
0.885717
0.884828
0.884828
0.885792
0.885792
0.885817
0.885817
0.886224
0.886224
0.886937
0.886937
0.887547
0.887547
0.887325
0.887325
0.888104
0.888104
0.887297
0.887297
0.887187
0.887187
0.886502
0.886502
0.886274
0.886274
0.886679
0.886679
0.887223
0.887223
0.886818
0.886818
0.886363
0.886363
0.886821
0.886821
0.886832
0.886832
0.886122
0.886122
0.887465
0.887465
0.887226
0.887226
0.886364
0.886364
0.886364
0.886364
0.886966
0.886966
0.886966
0.886966
0.886563
0.886563
0.886563
0.886563
0.887015
0.887015
0.887015
0.887015
0.887282
0.887282
0.887282
0.887282
0.886133
0.886133
0.886133
0.886133
0.885587
0.885587
0.885587
0.885587
0.88574
0.88574
0.88574
0.88574
0.886212
0.886212
0.886212
0.886212
0.887871
0.887871
0.887871
0.887871
0.887903
0.887903
0.887903
0.887903
0.887226
0.887226
0.886432
0.886432
0.887735
0.887735
0.887306
0.887306
0.886566
0.886566
0.886707
0.886707
0.886448
0.886448
0.886623
0.886623
0.886892
0.886892
0.887166
0.887166
0.886623
0.886623
0.886892
0.886892
0.886753
0.886753
0.886867
0.886867
0.886349
0.886349
0.886246
0.886246
0.885482
0.885482
0.885656
0.885656
0.88414
0.88414
0.885215
0.885215
0.884068
0.884068
0.885887
0.885887
0.885197
0.885197
0.886761
0.886761
0.886234
0.886234
0.888218
0.888218
0.887081
0.887081
0.888076
0.888076
0.88849
0.88849
0.888053
0.888053
0.887944
0.887944
0.888191
0.888191
0.88698
0.88698
0.888256
0.888256
0.886803
0.886803
0.888346
0.888346
0.887269
0.887269
0.888087
0.888087
0.888384
0.888384
0.888322
0.888322
0.88814
0.88814
0.887834
0.887834
0.887876
0.887876
0.887456
0.887456
0.888022
0.888022
0.887248
0.887248
0.887743
0.887743
0.887857
0.887857
0.887918
0.887918
0.888495
0.888495
0.888208
0.888208
0.88414
0.88414
0.885482
0.885482
0.886725
0.886725
0.885643
0.885643
0.884068
0.884068
0.88533
0.88533
0.885197
0.885197
0.88577
0.88577
0.886197
0.886197
0.886731
0.886731
0.887081
0.887081
0.888103
0.888103
0.887301
0.887301
0.887813
0.887813
0.886566
0.886566
0.886437
0.886437
0.886448
0.886448
0.886666
0.886666
0.886892
0.886892
0.886688
0.886688
0.886753
0.886753
0.886821
0.886821
0.886349
0.886349
0.886759
0.886759
0.887735
0.887735
0.886432
0.886432
0.886432
0.886432
0.886707
0.886707
0.886707
0.886707
0.886623
0.886623
0.886623
0.886623
0.887166
0.887166
0.887166
0.887166
0.886867
0.886867
0.886867
0.886867
0.886246
0.886246
0.886246
0.886246
0.885656
0.885656
0.885656
0.885656
0.885215
0.885215
0.885215
0.885215
0.885887
0.885887
0.885887
0.885887
0.886761
0.886761
0.886761
0.886761
0.888218
0.888218
0.888218
0.888218
0.887735
0.887735
0.888059
0.888059
0.886824
0.886824
0.886316
0.886316
0.887565
0.887565
0.887399
0.887399
0.887216
0.887216
0.886152
0.886152
0.886454
0.886454
0.886677
0.886677
0.886152
0.886152
0.886454
0.886454
0.886312
0.886312
0.886636
0.886636
0.886909
0.886909
0.887294
0.887294
0.886261
0.886261
0.886181
0.886181
0.88631
0.88631
0.88625
0.88625
0.885098
0.885098
0.885586
0.885586
0.884041
0.884041
0.885415
0.885415
0.88425
0.88425
0.886029
0.886029
0.88575
0.88575
0.888396
0.888396
0.887464
0.887464
0.888179
0.888179
0.888149
0.888149
0.888562
0.888562
0.887707
0.887707
0.888188
0.888188
0.88747
0.88747
0.888113
0.888113
0.886646
0.886646
0.888652
0.888652
0.886912
0.886912
0.887795
0.887795
0.887349
0.887349
0.888201
0.888201
0.888273
0.888273
0.887919
0.887919
0.888208
0.888208
0.887443
0.887443
0.887822
0.887822
0.886708
0.886708
0.888071
0.888071
0.88686
0.88686
0.88815
0.88815
0.88631
0.88631
0.886261
0.886261
0.887093
0.887093
0.886685
0.886685
0.885098
0.885098
0.886119
0.886119
0.884041
0.884041
0.885681
0.885681
0.88425
0.88425
0.885779
0.885779
0.88575
0.88575
0.88607
0.88607
0.886316
0.886316
0.886989
0.886989
0.887565
0.887565
0.888222
0.888222
0.887216
0.887216
0.887374
0.887374
0.886495
0.886495
0.88589
0.88589
0.886312
0.886312
0.886798
0.886798
0.886909
0.886909
0.88671
0.88671
0.886824
0.886824
0.888059
0.888059
0.888059
0.888059
0.887399
0.887399
0.887399
0.887399
0.886152
0.886152
0.886152
0.886152
0.886677
0.886677
0.886677
0.886677
0.886636
0.886636
0.886636
0.886636
0.887294
0.887294
0.887294
0.887294
0.886181
0.886181
0.886181
0.886181
0.88625
0.88625
0.88625
0.88625
0.885586
0.885586
0.885586
0.885586
0.885415
0.885415
0.885415
0.885415
0.886029
0.886029
0.886029
0.886029
0.886824
0.886824
0.887217
0.887217
0.888073
0.888073
0.887865
0.887865
0.887202
0.887202
0.88568
0.88568
0.886203
0.886203
0.886902
0.886902
0.887024
0.887024
0.886412
0.886412
0.886902
0.886902
0.887024
0.887024
0.88701
0.88701
0.887261
0.887261
0.886689
0.886689
0.886663
0.886663
0.886403
0.886403
0.886464
0.886464
0.884785
0.884785
0.884891
0.884891
0.883478
0.883478
0.885292
0.885292
0.884722
0.884722
0.886067
0.886067
0.885747
0.885747
0.887375
0.887375
0.886767
0.886767
0.88786
0.88786
0.888354
0.888354
0.888246
0.888246
0.888212
0.888212
0.888054
0.888054
0.887608
0.887608
0.888149
0.888149
0.887009
0.887009
0.887995
0.887995
0.887167
0.887167
0.888462
0.888462
0.888224
0.888224
0.888055
0.888055
0.888219
0.888219
0.888273
0.888273
0.88791
0.88791
0.887742
0.887742
0.887568
0.887568
0.887386
0.887386
0.887777
0.887777
0.88785
0.88785
0.887808
0.887808
0.888378
0.888378
0.887906
0.887906
0.884785
0.884785
0.886403
0.886403
0.886915
0.886915
0.886434
0.886434
0.883478
0.883478
0.884968
0.884968
0.884655
0.884655
0.885309
0.885309
0.885747
0.885747
0.886185
0.886185
0.886767
0.886767
0.887257
0.887257
0.887865
0.887865
0.888244
0.888244
0.887202
0.887202
0.887201
0.887201
0.886203
0.886203
0.885893
0.885893
0.886957
0.886957
0.886795
0.886795
0.88701
0.88701
0.886693
0.886693
0.886652
0.886652
0.887144
0.887144
0.888073
0.888073
0.887217
0.887217
0.887217
0.887217
0.88568
0.88568
0.88568
0.88568
0.886902
0.886902
0.886902
0.886902
0.886412
0.886412
0.886412
0.886412
0.887261
0.887261
0.887261
0.887261
0.886663
0.886663
0.886663
0.886663
0.886464
0.886464
0.886464
0.886464
0.884891
0.884891
0.884891
0.884891
0.885292
0.885292
0.885292
0.885292
0.886067
0.886067
0.886067
0.886067
0.887375
0.887375
0.887375
0.887375
0.888073
0.888073
0.887512
0.887512
0.88768
0.88768
0.88773
0.88773
0.887588
0.887588
0.886641
0.886641
0.886941
0.886941
0.886356
0.886356
0.886443
0.886443
0.886766
0.886766
0.886356
0.886356
0.886443
0.886443
0.887003
0.887003
0.887324
0.887324
0.886479
0.886479
0.886415
0.886415
0.886807
0.886807
0.885931
0.885931
0.885407
0.885407
0.884963
0.884963
0.884089
0.884089
0.884617
0.884617
0.883682
0.883682
0.885668
0.885668
0.885074
0.885074
0.886238
0.886238
0.885897
0.885897
0.888164
0.888164
0.888345
0.888345
0.888335
0.888335
0.888198
0.888198
0.887887
0.887887
0.888188
0.888188
0.887691
0.887691
0.887222
0.887222
0.888061
0.888061
0.887104
0.887104
0.888131
0.888131
0.888065
0.888065
0.88851
0.88851
0.888119
0.888119
0.887814
0.887814
0.887629
0.887629
0.887772
0.887772
0.887303
0.887303
0.887537
0.887537
0.887069
0.887069
0.887852
0.887852
0.887791
0.887791
0.888324
0.888324
0.887739
0.887739
0.885407
0.885407
0.886807
0.886807
0.886801
0.886801
0.886212
0.886212
0.884089
0.884089
0.88534
0.88534
0.883682
0.883682
0.884846
0.884846
0.885074
0.885074
0.885728
0.885728
0.885897
0.885897
0.886294
0.886294
0.88773
0.88773
0.887706
0.887706
0.887585
0.887585
0.887583
0.887583
0.886941
0.886941
0.886425
0.886425
0.886443
0.886443
0.886025
0.886025
0.887003
0.887003
0.886667
0.886667
0.886437
0.886437
0.88721
0.88721
0.88768
0.88768
0.887512
0.887512
0.887512
0.887512
0.886641
0.886641
0.886641
0.886641
0.886356
0.886356
0.886356
0.886356
0.886766
0.886766
0.886766
0.886766
0.887324
0.887324
0.887324
0.887324
0.886415
0.886415
0.886415
0.886415
0.885931
0.885931
0.885931
0.885931
0.884963
0.884963
0.884963
0.884963
0.884617
0.884617
0.884617
0.884617
0.885668
0.885668
0.885668
0.885668
0.886238
0.886238
0.886238
0.886238
0.88768
0.88768
0.88668
0.88668
0.885848
0.885848
0.88562
0.88562
0.886117
0.886117
0.887888
0.887888
0.888083
0.888083
0.887226
0.887226
0.887224
0.887224
0.886205
0.886205
0.887226
0.887226
0.887224
0.887224
0.886539
0.886539
0.886921
0.886921
0.886457
0.886457
0.886853
0.886853
0.887012
0.887012
0.887018
0.887018
0.886166
0.886166
0.885982
0.885982
0.886775
0.886775
0.886191
0.886191
0.88491
0.88491
0.885656
0.885656
0.883839
0.883839
0.885147
0.885147
0.884094
0.884094
0.887974
0.887974
0.887029
0.887029
0.888224
0.888224
0.888368
0.888368
0.888349
0.888349
0.887951
0.887951
0.888244
0.888244
0.888092
0.888092
0.887586
0.887586
0.887346
0.887346
0.887955
0.887955
0.886624
0.886624
0.888147
0.888147
0.887009
0.887009
0.88865
0.88865
0.887513
0.887513
0.887827
0.887827
0.88814
0.88814
0.88811
0.88811
0.887524
0.887524
0.887262
0.887262
0.88767
0.88767
0.887174
0.887174
0.88771
0.88771
0.886128
0.886128
0.887012
0.887012
0.886791
0.886791
0.887135
0.887135
0.886775
0.886775
0.886238
0.886238
0.88491
0.88491
0.886436
0.886436
0.883839
0.883839
0.885806
0.885806
0.884045
0.884045
0.885396
0.885396
0.88562
0.88562
0.885881
0.885881
0.886079
0.886079
0.886869
0.886869
0.888083
0.888083
0.887844
0.887844
0.887224
0.887224
0.887012
0.887012
0.886539
0.886539
0.886306
0.886306
0.886457
0.886457
0.886849
0.886849
0.885848
0.885848
0.88668
0.88668
0.88668
0.88668
0.887888
0.887888
0.887888
0.887888
0.887226
0.887226
0.887226
0.887226
0.886205
0.886205
0.886205
0.886205
0.886921
0.886921
0.886921
0.886921
0.886853
0.886853
0.886853
0.886853
0.887018
0.887018
0.887018
0.887018
0.885982
0.885982
0.885982
0.885982
0.886191
0.886191
0.886191
0.886191
0.885656
0.885656
0.885656
0.885656
0.885147
0.885147
0.885147
0.885147
0.885848
0.885848
0.887976
0.887976
0.88774
0.88774
0.886063
0.886063
0.886939
0.886939
0.887475
0.887475
0.888025
0.888025
0.887282
0.887282
0.8871
0.8871
0.886098
0.886098
0.887282
0.887282
0.8871
0.8871
0.886795
0.886795
0.886177
0.886177
0.886531
0.886531
0.88682
0.88682
0.886006
0.886006
0.886092
0.886092
0.885736
0.885736
0.886693
0.886693
0.885945
0.885945
0.885833
0.885833
0.884728
0.884728
0.886322
0.886322
0.884779
0.884779
0.887056
0.887056
0.885405
0.885405
0.886356
0.886356
0.88643
0.88643
0.888313
0.888313
0.887494
0.887494
0.886276
0.886276
0.886873
0.886873
0.887509
0.887509
0.886458
0.886458
0.887818
0.887818
0.886044
0.886044
0.888107
0.888107
0.8864
0.8864
0.887871
0.887871
0.886396
0.886396
0.887426
0.887426
0.886649
0.886649
0.886407
0.886407
0.886954
0.886954
0.886936
0.886936
0.887915
0.887915
0.886467
0.886467
0.888187
0.888187
0.886328
0.886328
0.888429
0.888429
0.885736
0.885736
0.885999
0.885999
0.886926
0.886926
0.886099
0.886099
0.885945
0.885945
0.886545
0.886545
0.884735
0.884735
0.88635
0.88635
0.884779
0.884779
0.886337
0.886337
0.885405
0.885405
0.88701
0.88701
0.88607
0.88607
0.887844
0.887844
0.886939
0.886939
0.888028
0.888028
0.888025
0.888025
0.887337
0.887337
0.8871
0.8871
0.886828
0.886828
0.886795
0.886795
0.885842
0.885842
0.886531
0.886531
0.886385
0.886385
0.88774
0.88774
0.887976
0.887976
0.887976
0.887976
0.887475
0.887475
0.887475
0.887475
0.887282
0.887282
0.887282
0.887282
0.886098
0.886098
0.886098
0.886098
0.886177
0.886177
0.886177
0.886177
0.88682
0.88682
0.88682
0.88682
0.886092
0.886092
0.886092
0.886092
0.886693
0.886693
0.886693
0.886693
0.885833
0.885833
0.885833
0.885833
0.886322
0.886322
0.886322
0.886322
0.887056
0.887056
0.887056
0.887056
0.88774
0.88774
0.88786
0.88786
0.887674
0.887674
0.886839
0.886839
0.887966
0.887966
0.886668
0.886668
0.887882
0.887882
0.88595
0.88595
0.887091
0.887091
0.886398
0.886398
0.88595
0.88595
0.887091
0.887091
0.886706
0.886706
0.886622
0.886622
0.886319
0.886319
0.886167
0.886167
0.886085
0.886085
0.88702
0.88702
0.886056
0.886056
0.886324
0.886324
0.885328
0.885328
0.886426
0.886426
0.884577
0.884577
0.886315
0.886315
0.884906
0.884906
0.88676
0.88676
0.885715
0.885715
0.886626
0.886626
0.886401
0.886401
0.888178
0.888178
0.887172
0.887172
0.887108
0.887108
0.886579
0.886579
0.888228
0.888228
0.8867
0.8867
0.888343
0.888343
0.886435
0.886435
0.8884
0.8884
0.88627
0.88627
0.887989
0.887989
0.886694
0.886694
0.887396
0.887396
0.886727
0.886727
0.886839
0.886839
0.887231
0.887231
0.886722
0.886722
0.887881
0.887881
0.886469
0.886469
0.88798
0.88798
0.8866
0.8866
0.888651
0.888651
0.886056
0.886056
0.886085
0.886085
0.886197
0.886197
0.886872
0.886872
0.885328
0.885328
0.886385
0.886385
0.884577
0.884577
0.886603
0.886603
0.884906
0.884906
0.88656
0.88656
0.885799
0.885799
0.886867
0.886867
0.886839
0.886839
0.887998
0.887998
0.887966
0.887966
0.887841
0.887841
0.887882
0.887882
0.886779
0.886779
0.887091
0.887091
0.886102
0.886102
0.886706
0.886706
0.886577
0.886577
0.886319
0.886319
0.88672
0.88672
0.887674
0.887674
0.88786
0.88786
0.88786
0.88786
0.886668
0.886668
0.886668
0.886668
0.88595
0.88595
0.88595
0.88595
0.886398
0.886398
0.886398
0.886398
0.886622
0.886622
0.886622
0.886622
0.886167
0.886167
0.886167
0.886167
0.88702
0.88702
0.88702
0.88702
0.886324
0.886324
0.886324
0.886324
0.886426
0.886426
0.886426
0.886426
0.886315
0.886315
0.886315
0.886315
0.88676
0.88676
0.88676
0.88676
0.887674
0.887674
0.88776
0.88776
0.887373
0.887373
0.886526
0.886526
0.887664
0.887664
0.886825
0.886825
0.887972
0.887972
0.886238
0.886238
0.887196
0.887196
0.886282
0.886282
0.886238
0.886238
0.887196
0.887196
0.886883
0.886883
0.886784
0.886784
0.886378
0.886378
0.886573
0.886573
0.886131
0.886131
0.886492
0.886492
0.886088
0.886088
0.886347
0.886347
0.885639
0.885639
0.886458
0.886458
0.884729
0.884729
0.885926
0.885926
0.884945
0.884945
0.886294
0.886294
0.885487
0.885487
0.886635
0.886635
0.886181
0.886181
0.888338
0.888338
0.887394
0.887394
0.887897
0.887897
0.887041
0.887041
0.888183
0.888183
0.886754
0.886754
0.888405
0.888405
0.88626
0.88626
0.888442
0.888442
0.886515
0.886515
0.888219
0.888219
0.886258
0.886258
0.887468
0.887468
0.886465
0.886465
0.88683
0.88683
0.888229
0.888229
0.886844
0.886844
0.887976
0.887976
0.886432
0.886432
0.888141
0.888141
0.886534
0.886534
0.888479
0.888479
0.88603
0.88603
0.886131
0.886131
0.886612
0.886612
0.886624
0.886624
0.885639
0.885639
0.886264
0.886264
0.884717
0.884717
0.886417
0.886417
0.884945
0.884945
0.886428
0.886428
0.885487
0.885487
0.886509
0.886509
0.886543
0.886543
0.887446
0.887446
0.887605
0.887605
0.887906
0.887906
0.887972
0.887972
0.886739
0.886739
0.887196
0.887196
0.886153
0.886153
0.886941
0.886941
0.886516
0.886516
0.886378
0.886378
0.886802
0.886802
0.887373
0.887373
0.88776
0.88776
0.88776
0.88776
0.886825
0.886825
0.886825
0.886825
0.886238
0.886238
0.886238
0.886238
0.886282
0.886282
0.886282
0.886282
0.886784
0.886784
0.886784
0.886784
0.886573
0.886573
0.886573
0.886573
0.886492
0.886492
0.886492
0.886492
0.886347
0.886347
0.886347
0.886347
0.886458
0.886458
0.886458
0.886458
0.885926
0.885926
0.885926
0.885926
0.886294
0.886294
0.886294
0.886294
0.887373
0.887373
0.887568
0.887568
0.887971
0.887971
0.887032
0.887032
0.888487
0.888487
0.886518
0.886518
0.887158
0.887158
0.886111
0.886111
0.886474
0.886474
0.886801
0.886801
0.886111
0.886111
0.886474
0.886474
0.88658
0.88658
0.88669
0.88669
0.886052
0.886052
0.886257
0.886257
0.885574
0.885574
0.886396
0.886396
0.88601
0.88601
0.885459
0.885459
0.884325
0.884325
0.885753
0.885753
0.884045
0.884045
0.886153
0.886153
0.885194
0.885194
0.887293
0.887293
0.8861
0.8861
0.887487
0.887487
0.886683
0.886683
0.888083
0.888083
0.887182
0.887182
0.888024
0.888024
0.886999
0.886999
0.888042
0.888042
0.886329
0.886329
0.888183
0.888183
0.886462
0.886462
0.88829
0.88829
0.886634
0.886634
0.88801
0.88801
0.88678
0.88678
0.887151
0.887151
0.887339
0.887339
0.886658
0.886658
0.887669
0.887669
0.886554
0.886554
0.887481
0.887481
0.886448
0.886448
0.888013
0.888013
0.886486
0.886486
0.888474
0.888474
0.88601
0.88601
0.885574
0.885574
0.886265
0.886265
0.886398
0.886398
0.884325
0.884325
0.885565
0.885565
0.884045
0.884045
0.885948
0.885948
0.885204
0.885204
0.88649
0.88649
0.8861
0.8861
0.887613
0.887613
0.887032
0.887032
0.887979
0.887979
0.888487
0.888487
0.887897
0.887897
0.887158
0.887158
0.88647
0.88647
0.886474
0.886474
0.886149
0.886149
0.88658
0.88658
0.886878
0.886878
0.886052
0.886052
0.886797
0.886797
0.887971
0.887971
0.887568
0.887568
0.887568
0.887568
0.886518
0.886518
0.886518
0.886518
0.886111
0.886111
0.886111
0.886111
0.886801
0.886801
0.886801
0.886801
0.88669
0.88669
0.88669
0.88669
0.886257
0.886257
0.886257
0.886257
0.886396
0.886396
0.886396
0.886396
0.885459
0.885459
0.885459
0.885459
0.885753
0.885753
0.885753
0.885753
0.886153
0.886153
0.886153
0.886153
0.887293
0.887293
0.887293
0.887293
0.887971
0.887971
0.886828
0.886828
0.887859
0.887859
0.887947
0.887947
0.887764
0.887764
0.885806
0.885806
0.886677
0.886677
0.886828
0.886828
0.886466
0.886466
0.886931
0.886931
0.886828
0.886828
0.886466
0.886466
0.886464
0.886464
0.885965
0.885965
0.886065
0.886065
0.887215
0.887215
0.885841
0.885841
0.885679
0.885679
0.884881
0.884881
0.885196
0.885196
0.883788
0.883788
0.885592
0.885592
0.884347
0.884347
0.886164
0.886164
0.885681
0.885681
0.887476
0.887476
0.886829
0.886829
0.887951
0.887951
0.887495
0.887495
0.887769
0.887769
0.886899
0.886899
0.887681
0.887681
0.886863
0.886863
0.88769
0.88769
0.886526
0.886526
0.888366
0.888366
0.886332
0.886332
0.888458
0.888458
0.886872
0.886872
0.888104
0.888104
0.887272
0.887272
0.887013
0.887013
0.887414
0.887414
0.886875
0.886875
0.887311
0.887311
0.886463
0.886463
0.887476
0.887476
0.886344
0.886344
0.888247
0.888247
0.886489
0.886489
0.88876
0.88876
0.884881
0.884881
0.885841
0.885841
0.887115
0.887115
0.885808
0.885808
0.883788
0.883788
0.885306
0.885306
0.884347
0.884347
0.885951
0.885951
0.885681
0.885681
0.886287
0.886287
0.886829
0.886829
0.887727
0.887727
0.887947
0.887947
0.887922
0.887922
0.887764
0.887764
0.887102
0.887102
0.886677
0.886677
0.885892
0.885892
0.886466
0.886466
0.886461
0.886461
0.886464
0.886464
0.887007
0.887007
0.886065
0.886065
0.885974
0.885974
0.887859
0.887859
0.886828
0.886828
0.886828
0.886828
0.885806
0.885806
0.885806
0.885806
0.886828
0.886828
0.886828
0.886828
0.886931
0.886931
0.886931
0.886931
0.885965
0.885965
0.885965
0.885965
0.887215
0.887215
0.887215
0.887215
0.885679
0.885679
0.885679
0.885679
0.885196
0.885196
0.885196
0.885196
0.885592
0.885592
0.885592
0.885592
0.886164
0.886164
0.886164
0.886164
0.887476
0.887476
0.887476
0.887476
0.887859
0.887859
0.886683
0.886683
0.887814
0.887814
0.887631
0.887631
0.887669
0.887669
0.885904
0.885904
0.886812
0.886812
0.886804
0.886804
0.886408
0.886408
0.88683
0.88683
0.886804
0.886804
0.886408
0.886408
0.886666
0.886666
0.886301
0.886301
0.885897
0.885897
0.886674
0.886674
0.885832
0.885832
0.885784
0.885784
0.885067
0.885067
0.88563
0.88563
0.884105
0.884105
0.885661
0.885661
0.884321
0.884321
0.886235
0.886235
0.88569
0.88569
0.887344
0.887344
0.886407
0.886407
0.887903
0.887903
0.887778
0.887778
0.887502
0.887502
0.887151
0.887151
0.887953
0.887953
0.886854
0.886854
0.888263
0.888263
0.886558
0.886558
0.888346
0.888346
0.886323
0.886323
0.888579
0.888579
0.886379
0.886379
0.887601
0.887601
0.887463
0.887463
0.887251
0.887251
0.887746
0.887746
0.886795
0.886795
0.887557
0.887557
0.886571
0.886571
0.887906
0.887906
0.886216
0.886216
0.888196
0.888196
0.886604
0.886604
0.888226
0.888226
0.885067
0.885067
0.885832
0.885832
0.886582
0.886582
0.8856
0.8856
0.884105
0.884105
0.885921
0.885921
0.884321
0.884321
0.885935
0.885935
0.885674
0.885674
0.88636
0.88636
0.886412
0.886412
0.887395
0.887395
0.887631
0.887631
0.887853
0.887853
0.887669
0.887669
0.886811
0.886811
0.886812
0.886812
0.885888
0.885888
0.886408
0.886408
0.886717
0.886717
0.886666
0.886666
0.887166
0.887166
0.885897
0.885897
0.886293
0.886293
0.887814
0.887814
0.886683
0.886683
0.886683
0.886683
0.885904
0.885904
0.885904
0.885904
0.886804
0.886804
0.886804
0.886804
0.88683
0.88683
0.88683
0.88683
0.886301
0.886301
0.886301
0.886301
0.886674
0.886674
0.886674
0.886674
0.885784
0.885784
0.885784
0.885784
0.88563
0.88563
0.88563
0.88563
0.885661
0.885661
0.885661
0.885661
0.886235
0.886235
0.886235
0.886235
0.887344
0.887344
0.887344
0.887344
0.887814
0.887814
0.886614
0.886614
0.887901
0.887901
0.887933
0.887933
0.887304
0.887304
0.886651
0.886651
0.886265
0.886265
0.887211
0.887211
0.886407
0.886407
0.886781
0.886781
0.887211
0.887211
0.886407
0.886407
0.886237
0.886237
0.886729
0.886729
0.885825
0.885825
0.886062
0.886062
0.885298
0.885298
0.884944
0.884944
0.884216
0.884216
0.885028
0.885028
0.883549
0.883549
0.8857
0.8857
0.884793
0.884793
0.886735
0.886735
0.886146
0.886146
0.887952
0.887952
0.8873
0.8873
0.887367
0.887367
0.887768
0.887768
0.887612
0.887612
0.886935
0.886935
0.887536
0.887536
0.886658
0.886658
0.887923
0.887923
0.886177
0.886177
0.888247
0.888247
0.886653
0.886653
0.888765
0.888765
0.887249
0.887249
0.888041
0.888041
0.887277
0.887277
0.886972
0.886972
0.887777
0.887777
0.887031
0.887031
0.887332
0.887332
0.886575
0.886575
0.887718
0.887718
0.886669
0.886669
0.888153
0.888153
0.887978
0.887978
0.888509
0.888509
0.884216
0.884216
0.885298
0.885298
0.886177
0.886177
0.885308
0.885308
0.883549
0.883549
0.88519
0.88519
0.884793
0.884793
0.885864
0.885864
0.886146
0.886146
0.886785
0.886785
0.8873
0.8873
0.887963
0.887963
0.887933
0.887933
0.888108
0.888108
0.887304
0.887304
0.886749
0.886749
0.886265
0.886265
0.886662
0.886662
0.886407
0.886407
0.887141
0.887141
0.886226
0.886226
0.88685
0.88685
0.885825
0.885825
0.886627
0.886627
0.887901
0.887901
0.886614
0.886614
0.886614
0.886614
0.886651
0.886651
0.886651
0.886651
0.887211
0.887211
0.887211
0.887211
0.886781
0.886781
0.886781
0.886781
0.886729
0.886729
0.886729
0.886729
0.886062
0.886062
0.886062
0.886062
0.884944
0.884944
0.884944
0.884944
0.885028
0.885028
0.885028
0.885028
0.8857
0.8857
0.8857
0.8857
0.886735
0.886735
0.886735
0.886735
0.887952
0.887952
0.887952
0.887952
0.887901
0.887901
0.886038
0.886038
0.887118
0.887118
0.887589
0.887589
0.886003
0.886003
0.887071
0.887071
0.886503
0.886503
0.886914
0.886914
0.886909
0.886909
0.886357
0.886357
0.886914
0.886914
0.886909
0.886909
0.885929
0.885929
0.886498
0.886498
0.885911
0.885911
0.885244
0.885244
0.884596
0.884596
0.884595
0.884595
0.882929
0.882929
0.884983
0.884983
0.884173
0.884173
0.886043
0.886043
0.886031
0.886031
0.887361
0.887361
0.886592
0.886592
0.887848
0.887848
0.888021
0.888021
0.887326
0.887326
0.887313
0.887313
0.887515
0.887515
0.886857
0.886857
0.887715
0.887715
0.886843
0.886843
0.887613
0.887613
0.886566
0.886566
0.888457
0.888457
0.887537
0.887537
0.888643
0.888643
0.887543
0.887543
0.887898
0.887898
0.887733
0.887733
0.8872
0.8872
0.886992
0.886992
0.887181
0.887181
0.887455
0.887455
0.887447
0.887447
0.887967
0.887967
0.888425
0.888425
0.88818
0.88818
0.887741
0.887741
0.888212
0.888212
0.882929
0.882929
0.884596
0.884596
0.885355
0.885355
0.884716
0.884716
0.884173
0.884173
0.885012
0.885012
0.885946
0.885946
0.886152
0.886152
0.886592
0.886592
0.887411
0.887411
0.888021
0.888021
0.887937
0.887937
0.887589
0.887589
0.887293
0.887293
0.886003
0.886003
0.885937
0.885937
0.886503
0.886503
0.887128
0.887128
0.886909
0.886909
0.886835
0.886835
0.885929
0.885929
0.886675
0.886675
0.885911
0.885911
0.886345
0.886345
0.887118
0.887118
0.886038
0.886038
0.886038
0.886038
0.887071
0.887071
0.887071
0.887071
0.886914
0.886914
0.886914
0.886914
0.886357
0.886357
0.886357
0.886357
0.886498
0.886498
0.886498
0.886498
0.885244
0.885244
0.885244
0.885244
0.884595
0.884595
0.884595
0.884595
0.884983
0.884983
0.884983
0.884983
0.886043
0.886043
0.886043
0.886043
0.887361
0.887361
0.887361
0.887361
0.887848
0.887848
0.887848
0.887848
0.887118
0.887118
0.885771
0.885771
0.886767
0.886767
0.887342
0.887342
0.886432
0.886432
0.886787
0.886787
0.886414
0.886414
0.887146
0.887146
0.88681
0.88681
0.886562
0.886562
0.887146
0.887146
0.88681
0.88681
0.886219
0.886219
0.886287
0.886287
0.886147
0.886147
0.885502
0.885502
0.884621
0.884621
0.885145
0.885145
0.883607
0.883607
0.885159
0.885159
0.884241
0.884241
0.886194
0.886194
0.885872
0.885872
0.887326
0.887326
0.886767
0.886767
0.887755
0.887755
0.888035
0.888035
0.887508
0.887508
0.887629
0.887629
0.887262
0.887262
0.886654
0.886654
0.888148
0.888148
0.886538
0.886538
0.888217
0.888217
0.886065
0.886065
0.888339
0.888339
0.886952
0.886952
0.887825
0.887825
0.888108
0.888108
0.887422
0.887422
0.887367
0.887367
0.887005
0.887005
0.887328
0.887328
0.886977
0.886977
0.887657
0.887657
0.887112
0.887112
0.888033
0.888033
0.887733
0.887733
0.888226
0.888226
0.888128
0.888128
0.887731
0.887731
0.883607
0.883607
0.884621
0.884621
0.885562
0.885562
0.885457
0.885457
0.884192
0.884192
0.885374
0.885374
0.885872
0.885872
0.886244
0.886244
0.88673
0.88673
0.887535
0.887535
0.888035
0.888035
0.887655
0.887655
0.887363
0.887363
0.886693
0.886693
0.886432
0.886432
0.885964
0.885964
0.886414
0.886414
0.887087
0.887087
0.88681
0.88681
0.886797
0.886797
0.886182
0.886182
0.886687
0.886687
0.886147
0.886147
0.886341
0.886341
0.886767
0.886767
0.885771
0.885771
0.885771
0.885771
0.886787
0.886787
0.886787
0.886787
0.887146
0.887146
0.887146
0.887146
0.886562
0.886562
0.886562
0.886562
0.886287
0.886287
0.886287
0.886287
0.885502
0.885502
0.885502
0.885502
0.885145
0.885145
0.885145
0.885145
0.885159
0.885159
0.885159
0.885159
0.886194
0.886194
0.886194
0.886194
0.887326
0.887326
0.887326
0.887326
0.887755
0.887755
0.887755
0.887755
0.886767
0.886767
0.886417
0.886417
0.886756
0.886756
0.887205
0.887205
0.8862
0.8862
0.886491
0.886491
0.88683
0.88683
0.886717
0.886717
0.886174
0.886174
0.886522
0.886522
0.886717
0.886717
0.886174
0.886174
0.886235
0.886235
0.885861
0.885861
0.885338
0.885338
0.884778
0.884778
0.88406
0.88406
0.884811
0.884811
0.883361
0.883361
0.885406
0.885406
0.884983
0.884983
0.886612
0.886612
0.885969
0.885969
0.887696
0.887696
0.887609
0.887609
0.887157
0.887157
0.887948
0.887948
0.887506
0.887506
0.887284
0.887284
0.887387
0.887387
0.88682
0.88682
0.887866
0.887866
0.88716
0.88716
0.887977
0.887977
0.887704
0.887704
0.888185
0.888185
0.887924
0.887924
0.888411
0.888411
0.88762
0.88762
0.88774
0.88774
0.886989
0.886989
0.887362
0.887362
0.887192
0.887192
0.88753
0.88753
0.887551
0.887551
0.887969
0.887969
0.888084
0.888084
0.887927
0.887927
0.888316
0.888316
0.887569
0.887569
0.887649
0.887649
0.883361
0.883361
0.88406
0.88406
0.884923
0.884923
0.885079
0.885079
0.885059
0.885059
0.885507
0.885507
0.885969
0.885969
0.88662
0.88662
0.887609
0.887609
0.887788
0.887788
0.887948
0.887948
0.887485
0.887485
0.887205
0.887205
0.886785
0.886785
0.8862
0.8862
0.886278
0.886278
0.88683
0.88683
0.886669
0.886669
0.886174
0.886174
0.886739
0.886739
0.886235
0.886235
0.886517
0.886517
0.885338
0.885338
0.885968
0.885968
0.886756
0.886756
0.886417
0.886417
0.886417
0.886417
0.886491
0.886491
0.886491
0.886491
0.886717
0.886717
0.886717
0.886717
0.886522
0.886522
0.886522
0.886522
0.885861
0.885861
0.885861
0.885861
0.884778
0.884778
0.884778
0.884778
0.884811
0.884811
0.884811
0.884811
0.885406
0.885406
0.885406
0.885406
0.886612
0.886612
0.886612
0.886612
0.887696
0.887696
0.887696
0.887696
0.887157
0.887157
0.887157
0.887157
0.886756
0.886756
0.886762
0.886762
0.886055
0.886055
0.886186
0.886186
0.886825
0.886825
0.886581
0.886581
0.886863
0.886863
0.886813
0.886813
0.886278
0.886278
0.886399
0.886399
0.886813
0.886813
0.886278
0.886278
0.886045
0.886045
0.885082
0.885082
0.884293
0.884293
0.884618
0.884618
0.883109
0.883109
0.884681
0.884681
0.884418
0.884418
0.885848
0.885848
0.88577
0.88577
0.886897
0.886897
0.886793
0.886793
0.887654
0.887654
0.88803
0.88803
0.886673
0.886673
0.887215
0.887215
0.887769
0.887769
0.887393
0.887393
0.887397
0.887397
0.886933
0.886933
0.888075
0.888075
0.887531
0.887531
0.888139
0.888139
0.888024
0.888024
0.888358
0.888358
0.887413
0.887413
0.887874
0.887874
0.887112
0.887112
0.887717
0.887717
0.887124
0.887124
0.887559
0.887559
0.886915
0.886915
0.888067
0.888067
0.887831
0.887831
0.888069
0.888069
0.888383
0.888383
0.887676
0.887676
0.887918
0.887918
0.887361
0.887361
0.887599
0.887599
0.884418
0.884418
0.883152
0.883152
0.88468
0.88468
0.884985
0.884985
0.88577
0.88577
0.885862
0.885862
0.886793
0.886793
0.887195
0.887195
0.88803
0.88803
0.887772
0.887772
0.887207
0.887207
0.886867
0.886867
0.886186
0.886186
0.88617
0.88617
0.886863
0.886863
0.88663
0.88663
0.886863
0.886863
0.886624
0.886624
0.886278
0.886278
0.886858
0.886858
0.886045
0.886045
0.886412
0.886412
0.884293
0.884293
0.885694
0.885694
0.886055
0.886055
0.886762
0.886762
0.886762
0.886762
0.886581
0.886581
0.886581
0.886581
0.886813
0.886813
0.886813
0.886813
0.886399
0.886399
0.886399
0.886399
0.885082
0.885082
0.885082
0.885082
0.884618
0.884618
0.884618
0.884618
0.884681
0.884681
0.884681
0.884681
0.885848
0.885848
0.885848
0.885848
0.886897
0.886897
0.886897
0.886897
0.887654
0.887654
0.887654
0.887654
0.886673
0.886673
0.886673
0.886673
0.886055
0.886055
0.887059
0.887059
0.885733
0.885733
0.88615
0.88615
0.886549
0.886549
0.886853
0.886853
0.886845
0.886845
0.886986
0.886986
0.886245
0.886245
0.886395
0.886395
0.886986
0.886986
0.886245
0.886245
0.886377
0.886377
0.88558
0.88558
0.88443
0.88443
0.885069
0.885069
0.883341
0.883341
0.885242
0.885242
0.884387
0.884387
0.885993
0.885993
0.885908
0.885908
0.887054
0.887054
0.886784
0.886784
0.887832
0.887832
0.888249
0.888249
0.886767
0.886767
0.887132
0.887132
0.887835
0.887835
0.888083
0.888083
0.886699
0.886699
0.886939
0.886939
0.888145
0.888145
0.88712
0.88712
0.88835
0.88835
0.887801
0.887801
0.887802
0.887802
0.887878
0.887878
0.887454
0.887454
0.88762
0.88762
0.887384
0.887384
0.887454
0.887454
0.886918
0.886918
0.887743
0.887743
0.887357
0.887357
0.888072
0.888072
0.887896
0.887896
0.888636
0.888636
0.888061
0.888061
0.887925
0.887925
0.887482
0.887482
0.887607
0.887607
0.884387
0.884387
0.883341
0.883341
0.885361
0.885361
0.885281
0.885281
0.885908
0.885908
0.886103
0.886103
0.886784
0.886784
0.88727
0.88727
0.888249
0.888249
0.887722
0.887722
0.887132
0.887132
0.886568
0.886568
0.88615
0.88615
0.885911
0.885911
0.886549
0.886549
0.887196
0.887196
0.886845
0.886845
0.886776
0.886776
0.886245
0.886245
0.887119
0.887119
0.886377
0.886377
0.886207
0.886207
0.88443
0.88443
0.885915
0.885915
0.885733
0.885733
0.887059
0.887059
0.887059
0.887059
0.886853
0.886853
0.886853
0.886853
0.886986
0.886986
0.886986
0.886986
0.886395
0.886395
0.886395
0.886395
0.88558
0.88558
0.88558
0.88558
0.885069
0.885069
0.885069
0.885069
0.885242
0.885242
0.885242
0.885242
0.885993
0.885993
0.885993
0.885993
0.887054
0.887054
0.887054
0.887054
0.887832
0.887832
0.887832
0.887832
0.886767
0.886767
0.886767
0.886767
0.885733
0.885733
0.886743
0.886743
0.886206
0.886206
0.886648
0.886648
0.886981
0.886981
0.88706
0.88706
0.886306
0.886306
0.886226
0.886226
0.88726
0.88726
0.885635
0.885635
0.886226
0.886226
0.88726
0.88726
0.885289
0.885289
0.884601
0.884601
0.883882
0.883882
0.884415
0.884415
0.883853
0.883853
0.885618
0.885618
0.885159
0.885159
0.88637
0.88637
0.885945
0.885945
0.887874
0.887874
0.888457
0.888457
0.886989
0.886989
0.887723
0.887723
0.886513
0.886513
0.886901
0.886901
0.887865
0.887865
0.887695
0.887695
0.887482
0.887482
0.887178
0.887178
0.888208
0.888208
0.888063
0.888063
0.888681
0.888681
0.887723
0.887723
0.887733
0.887733
0.887376
0.887376
0.887506
0.887506
0.887353
0.887353
0.887667
0.887667
0.8869
0.8869
0.887707
0.887707
0.887403
0.887403
0.888161
0.888161
0.887896
0.887896
0.887986
0.887986
0.888488
0.888488
0.887722
0.887722
0.887904
0.887904
0.887409
0.887409
0.887355
0.887355
0.885159
0.885159
0.883853
0.883853
0.884737
0.884737
0.885587
0.885587
0.885945
0.885945
0.886482
0.886482
0.888457
0.888457
0.888073
0.888073
0.887723
0.887723
0.886822
0.886822
0.886901
0.886901
0.886559
0.886559
0.886648
0.886648
0.886146
0.886146
0.886981
0.886981
0.8864
0.8864
0.886306
0.886306
0.887086
0.887086
0.88726
0.88726
0.886108
0.886108
0.885289
0.885289
0.885566
0.885566
0.883882
0.883882
0.884865
0.884865
0.886206
0.886206
0.886743
0.886743
0.886743
0.886743
0.88706
0.88706
0.88706
0.88706
0.886226
0.886226
0.886226
0.886226
0.885635
0.885635
0.885635
0.885635
0.884601
0.884601
0.884601
0.884601
0.884415
0.884415
0.884415
0.884415
0.885618
0.885618
0.885618
0.885618
0.88637
0.88637
0.88637
0.88637
0.887874
0.887874
0.887874
0.887874
0.886989
0.886989
0.886989
0.886989
0.886513
0.886513
0.886513
0.886513
0.886206
0.886206
0.886913
0.886913
0.886084
0.886084
0.8852
0.8852
0.886178
0.886178
0.888013
0.888013
0.887609
0.887609
0.887578
0.887578
0.887814
0.887814
0.887318
0.887318
0.887578
0.887578
0.887814
0.887814
0.887147
0.887147
0.885985
0.885985
0.886912
0.886912
0.886878
0.886878
0.886425
0.886425
0.887002
0.887002
0.886309
0.886309
0.886627
0.886627
0.886589
0.886589
0.886146
0.886146
0.885929
0.885929
0.886469
0.886469
0.884903
0.884903
0.886139
0.886139
0.884909
0.884909
0.886444
0.886444
0.886534
0.886534
0.888517
0.888517
0.888232
0.888232
0.886779
0.886779
0.888127
0.888127
0.887681
0.887681
0.887528
0.887528
0.888218
0.888218
0.886654
0.886654
0.888526
0.888526
0.886612
0.886612
0.888733
0.888733
0.886208
0.886208
0.887894
0.887894
0.886556
0.886556
0.887555
0.887555
0.886286
0.886286
0.887442
0.887442
0.88778
0.88778
0.886568
0.886568
0.888036
0.888036
0.887057
0.887057
0.888405
0.888405
0.886309
0.886309
0.886438
0.886438
0.886887
0.886887
0.886931
0.886931
0.886589
0.886589
0.886773
0.886773
0.885929
0.885929
0.88595
0.88595
0.884907
0.884907
0.886129
0.886129
0.88496
0.88496
0.886516
0.886516
0.8852
0.8852
0.886254
0.886254
0.886178
0.886178
0.887162
0.887162
0.887609
0.887609
0.887782
0.887782
0.887814
0.887814
0.887432
0.887432
0.887147
0.887147
0.887102
0.887102
0.886963
0.886963
0.886165
0.886165
0.886084
0.886084
0.886913
0.886913
0.886913
0.886913
0.888013
0.888013
0.888013
0.888013
0.887578
0.887578
0.887578
0.887578
0.887318
0.887318
0.887318
0.887318
0.885985
0.885985
0.885985
0.885985
0.886878
0.886878
0.886878
0.886878
0.887002
0.887002
0.887002
0.887002
0.886627
0.886627
0.886627
0.886627
0.886146
0.886146
0.886146
0.886146
0.886469
0.886469
0.886469
0.886469
0.886139
0.886139
0.886139
0.886139
0.886084
0.886084
0.885947
0.885947
0.88753
0.88753
0.887245
0.887245
0.886884
0.886884
0.886679
0.886679
0.886638
0.886638
0.886725
0.886725
0.886224
0.886224
0.886958
0.886958
0.886725
0.886725
0.886224
0.886224
0.887131
0.887131
0.886503
0.886503
0.886152
0.886152
0.886413
0.886413
0.885154
0.885154
0.886263
0.886263
0.885035
0.885035
0.886216
0.886216
0.885413
0.885413
0.887166
0.887166
0.886039
0.886039
0.887793
0.887793
0.887997
0.887997
0.887847
0.887847
0.887885
0.887885
0.888792
0.888792
0.888397
0.888397
0.887119
0.887119
0.88658
0.88658
0.888285
0.888285
0.886482
0.886482
0.887809
0.887809
0.886438
0.886438
0.888254
0.888254
0.88709
0.88709
0.887637
0.887637
0.888138
0.888138
0.887174
0.887174
0.888396
0.888396
0.886653
0.886653
0.888391
0.888391
0.88684
0.88684
0.888184
0.888184
0.886786
0.886786
0.887784
0.887784
0.887147
0.887147
0.888427
0.888427
0.888004
0.888004
0.887859
0.887859
0.88497
0.88497
0.885154
0.885154
0.886336
0.886336
0.886567
0.886567
0.885386
0.885386
0.88635
0.88635
0.886039
0.886039
0.887255
0.887255
0.887997
0.887997
0.888124
0.888124
0.88786
0.88786
0.887517
0.887517
0.887245
0.887245
0.887325
0.887325
0.886884
0.886884
0.886037
0.886037
0.886611
0.886611
0.886597
0.886597
0.886247
0.886247
0.88674
0.88674
0.887131
0.887131
0.8872
0.8872
0.886152
0.886152
0.886518
0.886518
0.88753
0.88753
0.885947
0.885947
0.885947
0.885947
0.886679
0.886679
0.886679
0.886679
0.886725
0.886725
0.886725
0.886725
0.886958
0.886958
0.886958
0.886958
0.886503
0.886503
0.886503
0.886503
0.886413
0.886413
0.886413
0.886413
0.886263
0.886263
0.886263
0.886263
0.886216
0.886216
0.886216
0.886216
0.887166
0.887166
0.887166
0.887166
0.887793
0.887793
0.887793
0.887793
0.887847
0.887847
0.887847
0.887847
0.88753
0.88753
0.888339
0.888339
0.887064
0.887064
0.886618
0.886618
0.887807
0.887807
0.887238
0.887238
0.887121
0.887121
0.886173
0.886173
0.8865
0.8865
0.88651
0.88651
0.886173
0.886173
0.8865
0.8865
0.886263
0.886263
0.886865
0.886865
0.88678
0.88678
0.88713
0.88713
0.886306
0.886306
0.885948
0.885948
0.886348
0.886348
0.88644
0.88644
0.884906
0.884906
0.885623
0.885623
0.884123
0.884123
0.885839
0.885839
0.88436
0.88436
0.886218
0.886218
0.885861
0.885861
0.888153
0.888153
0.887272
0.887272
0.887931
0.887931
0.888332
0.888332
0.888614
0.888614
0.88768
0.88768
0.888319
0.888319
0.886671
0.886671
0.888138
0.888138
0.88694
0.88694
0.888558
0.888558
0.88668
0.88668
0.887837
0.887837
0.887233
0.887233
0.888213
0.888213
0.888303
0.888303
0.88792
0.88792
0.887989
0.887989
0.88689
0.88689
0.887701
0.887701
0.886777
0.886777
0.888105
0.888105
0.886886
0.886886
0.888556
0.888556
0.886348
0.886348
0.886306
0.886306
0.887058
0.887058
0.886161
0.886161
0.884906
0.884906
0.886118
0.886118
0.884123
0.884123
0.885858
0.885858
0.88436
0.88436
0.885785
0.885785
0.885861
0.885861
0.886198
0.886198
0.886618
0.886618
0.887032
0.887032
0.887807
0.887807
0.888167
0.888167
0.887121
0.887121
0.887127
0.887127
0.8865
0.8865
0.886195
0.886195
0.886263
0.886263
0.886732
0.886732
0.88678
0.88678
0.886765
0.886765
0.887064
0.887064
0.888339
0.888339
0.888339
0.888339
0.887238
0.887238
0.887238
0.887238
0.886173
0.886173
0.886173
0.886173
0.88651
0.88651
0.88651
0.88651
0.886865
0.886865
0.886865
0.886865
0.88713
0.88713
0.88713
0.88713
0.885948
0.885948
0.885948
0.885948
0.88644
0.88644
0.88644
0.88644
0.885623
0.885623
0.885623
0.885623
0.885839
0.885839
0.885839
0.885839
0.886218
0.886218
0.886218
0.886218
0.887064
0.887064
0.886903
0.886903
0.887619
0.887619
0.887948
0.887948
0.887558
0.887558
0.88609
0.88609
0.886624
0.886624
0.886744
0.886744
0.886401
0.886401
0.887116
0.887116
0.886744
0.886744
0.886401
0.886401
0.886677
0.886677
0.886481
0.886481
0.886114
0.886114
0.886552
0.886552
0.886377
0.886377
0.885663
0.885663
0.885172
0.885172
0.886001
0.886001
0.884062
0.884062
0.885829
0.885829
0.884328
0.884328
0.886281
0.886281
0.885686
0.885686
0.887335
0.887335
0.886448
0.886448
0.888135
0.888135
0.887668
0.887668
0.887823
0.887823
0.88749
0.88749
0.88816
0.88816
0.886617
0.886617
0.888288
0.888288
0.88673
0.88673
0.888557
0.888557
0.886449
0.886449
0.888399
0.888399
0.886278
0.886278
0.887379
0.887379
0.8875
0.8875
0.887213
0.887213
0.887917
0.887917
0.886472
0.886472
0.887687
0.887687
0.886823
0.886823
0.888174
0.888174
0.886628
0.886628
0.888222
0.888222
0.886793
0.886793
0.888377
0.888377
0.885172
0.885172
0.886377
0.886377
0.886683
0.886683
0.886061
0.886061
0.884062
0.884062
0.886251
0.886251
0.884349
0.884349
0.886013
0.886013
0.885686
0.885686
0.886377
0.886377
0.886448
0.886448
0.887427
0.887427
0.887948
0.887948
0.887739
0.887739
0.887558
0.887558
0.886706
0.886706
0.886642
0.886642
0.886068
0.886068
0.886401
0.886401
0.88662
0.88662
0.886677
0.886677
0.887249
0.887249
0.886114
0.886114
0.88652
0.88652
0.887619
0.887619
0.886903
0.886903
0.886903
0.886903
0.88609
0.88609
0.88609
0.88609
0.886744
0.886744
0.886744
0.886744
0.887116
0.887116
0.887116
0.887116
0.886481
0.886481
0.886481
0.886481
0.886552
0.886552
0.886552
0.886552
0.885663
0.885663
0.885663
0.885663
0.886001
0.886001
0.886001
0.886001
0.885829
0.885829
0.885829
0.885829
0.886281
0.886281
0.886281
0.886281
0.887335
0.887335
0.887335
0.887335
0.887619
0.887619
0.886815
0.886815
0.88618
0.88618
0.886296
0.886296
0.886225
0.886225
0.88693
0.88693
0.886636
0.886636
0.886778
0.886778
0.886387
0.886387
0.88633
0.88633
0.886778
0.886778
0.886387
0.886387
0.886335
0.886335
0.886147
0.886147
0.884546
0.884546
0.885593
0.885593
0.883675
0.883675
0.885603
0.885603
0.884263
0.884263
0.88611
0.88611
0.885833
0.885833
0.887101
0.887101
0.886941
0.886941
0.887849
0.887849
0.888127
0.888127
0.886921
0.886921
0.887079
0.887079
0.88815
0.88815
0.888148
0.888148
0.886539
0.886539
0.886795
0.886795
0.888211
0.888211
0.886716
0.886716
0.888184
0.888184
0.887513
0.887513
0.887695
0.887695
0.887916
0.887916
0.887336
0.887336
0.887712
0.887712
0.886763
0.886763
0.887871
0.887871
0.886969
0.886969
0.887817
0.887817
0.887042
0.887042
0.88811
0.88811
0.887534
0.887534
0.888006
0.888006
0.888312
0.888312
0.888131
0.888131
0.88807
0.88807
0.887606
0.887606
0.884263
0.884263
0.8837
0.8837
0.885653
0.885653
0.885794
0.885794
0.885833
0.885833
0.886293
0.886293
0.886957
0.886957
0.887387
0.887387
0.888127
0.888127
0.887735
0.887735
0.887079
0.887079
0.886608
0.886608
0.886296
0.886296
0.885787
0.885787
0.886225
0.886225
0.887023
0.887023
0.886636
0.886636
0.886903
0.886903
0.886387
0.886387
0.887069
0.887069
0.886335
0.886335
0.886072
0.886072
0.884546
0.884546
0.88643
0.88643
0.88618
0.88618
0.886815
0.886815
0.886815
0.886815
0.88693
0.88693
0.88693
0.88693
0.886778
0.886778
0.886778
0.886778
0.88633
0.88633
0.88633
0.88633
0.886147
0.886147
0.886147
0.886147
0.885593
0.885593
0.885593
0.885593
0.885603
0.885603
0.885603
0.885603
0.88611
0.88611
0.88611
0.88611
0.887101
0.887101
0.887101
0.887101
0.887849
0.887849
0.887849
0.887849
0.886921
0.886921
0.886921
0.886921
0.88618
0.88618
0.887223
0.887223
0.888009
0.888009
0.888026
0.888026
0.887333
0.887333
0.886166
0.886166
0.886547
0.886547
0.88685
0.88685
0.886304
0.886304
0.887201
0.887201
0.88685
0.88685
0.886304
0.886304
0.886635
0.886635
0.886932
0.886932
0.88636
0.88636
0.886375
0.886375
0.886437
0.886437
0.886323
0.886323
0.88506
0.88506
0.885784
0.885784
0.8842
0.8842
0.885737
0.885737
0.884512
0.884512
0.886197
0.886197
0.885878
0.885878
0.88718
0.88718
0.886841
0.886841
0.888311
0.888311
0.887825
0.887825
0.888237
0.888237
0.887605
0.887605
0.888665
0.888665
0.886456
0.886456
0.888535
0.888535
0.886848
0.886848
0.888165
0.888165
0.886549
0.886549
0.887696
0.887696
0.886571
0.886571
0.888003
0.888003
0.88779
0.88779
0.887351
0.887351
0.887952
0.887952
0.886509
0.886509
0.888167
0.888167
0.886792
0.886792
0.887965
0.887965
0.886798
0.886798
0.88818
0.88818
0.887224
0.887224
0.8878
0.8878
0.88506
0.88506
0.886437
0.886437
0.88609
0.88609
0.886384
0.886384
0.8842
0.8842
0.885924
0.885924
0.884512
0.884512
0.885649
0.885649
0.885878
0.885878
0.886525
0.886525
0.886841
0.886841
0.887314
0.887314
0.888026
0.888026
0.887781
0.887781
0.887328
0.887328
0.887171
0.887171
0.886547
0.886547
0.886216
0.886216
0.886304
0.886304
0.886639
0.886639
0.886635
0.886635
0.886956
0.886956
0.88636
0.88636
0.887006
0.887006
0.888009
0.888009
0.887223
0.887223
0.887223
0.887223
0.886166
0.886166
0.886166
0.886166
0.88685
0.88685
0.88685
0.88685
0.887201
0.887201
0.887201
0.887201
0.886932
0.886932
0.886932
0.886932
0.886375
0.886375
0.886375
0.886375
0.886323
0.886323
0.886323
0.886323
0.885784
0.885784
0.885784
0.885784
0.885737
0.885737
0.885737
0.885737
0.886197
0.886197
0.886197
0.886197
0.88718
0.88718
0.88718
0.88718
0.888009
0.888009
