4
2500
0.884001
0.884001
0.884931
0.884931
0.885564
0.885564
0.884001
0.884001
0.885671
0.885671
0.884001
0.884001
0.88587
0.88587
0.884001
0.884001
0.885798
0.885798
0.884001
0.884001
0.885523
0.885523
0.884001
0.884001
0.884847
0.884847
0.884001
0.884001
0.884149
0.884149
0.884001
0.884001
0.883888
0.883888
0.884001
0.884001
0.883996
0.883996
0.884001
0.884001
0.883936
0.883936
0.884001
0.884001
0.883499
0.883499
0.884001
0.884001
0.882978
0.882978
0.884001
0.884001
0.883136
0.883136
0.884001
0.884001
0.883312
0.883312
0.884001
0.884001
0.883082
0.883082
0.884001
0.884001
0.883177
0.883177
0.884001
0.884001
0.883599
0.883599
0.884001
0.884001
0.884035
0.884035
0.884001
0.884001
0.884459
0.884459
0.884001
0.884001
0.884931
0.884931
0.886237
0.886237
0.88598
0.88598
0.886428
0.886428
0.886493
0.886493
0.886452
0.886452
0.886776
0.886776
0.886313
0.886313
0.885616
0.885616
0.88533
0.88533
0.884763
0.884763
0.884322
0.884322
0.884018
0.884018
0.883795
0.883795
0.88283
0.88283
0.882629
0.882629
0.883156
0.883156
0.883902
0.883902
0.884702
0.884702
0.885113
0.885113
0.885158
0.885158
0.88598
0.88598
0.886637
0.886637
0.886168
0.886168
0.886654
0.886654
0.887029
0.887029
0.887378
0.887378
0.887479
0.887479
0.886709
0.886709
0.886998
0.886998
0.886384
0.886384
0.885616
0.885616
0.88565
0.88565
0.884739
0.884739
0.884266
0.884266
0.883214
0.883214
0.882561
0.882561
0.883242
0.883242
0.883423
0.883423
0.884511
0.884511
0.885257
0.885257
0.885675
0.885675
0.886168
0.886168
0.886278
0.886278
0.886345
0.886345
0.886862
0.886862
0.887152
0.887152
0.887373
0.887373
0.887269
0.887269
0.88739
0.88739
0.887373
0.887373
0.886875
0.886875
0.885846
0.885846
0.885842
0.885842
0.884931
0.884931
0.884184
0.884184
0.884029
0.884029
0.883816
0.883816
0.88418
0.88418
0.884844
0.884844
0.885354
0.885354
0.885639
0.885639
0.885959
0.885959
0.886345
0.886345
0.886342
0.886342
0.886072
0.886072
0.886505
0.886505
0.886947
0.886947
0.887219
0.887219
0.887302
0.887302
0.887861
0.887861
0.888004
0.888004
0.887565
0.887565
0.886702
0.886702
0.886143
0.886143
0.885754
0.885754
0.885316
0.885316
0.885274
0.885274
0.885226
0.885226
0.885183
0.885183
0.885824
0.885824
0.886249
0.886249
0.886263
0.886263
0.88598
0.88598
0.886072
0.886072
0.886374
0.886374
0.886658
0.886658
0.8862
0.8862
0.886505
0.886505
0.886598
0.886598
0.887082
0.887082
0.887668
0.887668
0.88791
0.88791
0.887763
0.887763
0.887529
0.887529
0.887295
0.887295
0.886601
0.886601
0.886613
0.886613
0.886442
0.886442
0.886357
0.886357
0.886133
0.886133
0.886332
0.886332
0.886583
0.886583
0.886517
0.886517
0.886042
0.886042
0.886658
0.886658
0.886901
0.886901
0.887276
0.887276
0.886917
0.886917
0.886259
0.886259
0.885867
0.885867
0.886651
0.886651
0.886765
0.886765
0.887624
0.887624
0.888001
0.888001
0.887945
0.887945
0.887908
0.887908
0.887842
0.887842
0.887369
0.887369
0.88735
0.88735
0.887438
0.887438
0.887437
0.887437
0.886733
0.886733
0.887252
0.887252
0.887006
0.887006
0.886712
0.886712
0.887276
0.887276
0.886694
0.886694
0.886604
0.886604
0.88683
0.88683
0.886155
0.886155
0.886145
0.886145
0.886747
0.886747
0.887444
0.887444
0.888076
0.888076
0.888215
0.888215
0.887913
0.887913
0.888346
0.888346
0.888209
0.888209
0.888041
0.888041
0.887817
0.887817
0.887585
0.887585
0.887834
0.887834
0.88742
0.88742
0.886891
0.886891
0.886875
0.886875
0.886656
0.886656
0.886604
0.886604
0.886433
0.886433
0.886657
0.886657
0.886106
0.886106
0.88642
0.88642
0.8867
0.8867
0.88651
0.88651
0.886579
0.886579
0.88691
0.88691
0.8872
0.8872
0.887436
0.887436
0.887698
0.887698
0.888118
0.888118
0.888031
0.888031
0.888074
0.888074
0.887898
0.887898
0.887583
0.887583
0.886933
0.886933
0.886326
0.886326
0.886212
0.886212
0.886507
0.886507
0.886657
0.886657
0.886901
0.886901
0.886901
0.886901
0.886901
0.886901
0.886901
0.886901
0.886901
0.886901
0.886901
0.886901
0.886901
0.886901
0.886901
0.886901
0.886901
0.886901
0.886901
0.886901
0.886901
0.886901
0.886901
0.886901
0.886901
0.886901
0.886901
0.886901
0.886901
0.886901
0.886901
0.886901
0.886901
0.886901
0.886901
0.886901
0.886901
0.886901
0.886901
0.886901
