4
2500
0.887667
0.887667
0.887667
0.887667
0.887667
0.887667
0.887667
0.887667
0.887667
0.887667
0.887667
0.887667
0.887667
0.887667
0.887667
0.887667
0.887667
0.887667
0.887667
0.887667
0.887667
0.887667
0.887667
0.887667
0.887667
0.887667
0.887667
0.887667
0.887667
0.887667
0.887667
0.887667
0.887667
0.887667
0.887667
0.887667
0.887667
0.887667
0.887667
0.887667
0.887667
0.887667
0.887667
0.887667
0.887667
0.887667
0.887667
0.887667
0.887667
0.887667
0.887667
0.887667
0.887667
0.887667
0.887667
0.887667
0.885838
0.885838
0.883837
0.883837
0.885275
0.885275
0.885991
0.885991
0.885838
0.885838
0.883837
0.883837
0.883837
0.883837
0.885838
0.885838
0.885838
0.885838
0.883837
0.883837
0.886591
0.886591
0.885183
0.885183
0.884368
0.884368
0.88495
0.88495
0.886591
0.886591
0.885183
0.885183
0.885183
0.885183
0.886591
0.886591
0.886591
0.886591
0.885183
0.885183
0.887677
0.887677
0.886436
0.886436
0.886865
0.886865
0.888352
0.888352
0.887677
0.887677
0.886436
0.886436
0.886436
0.886436
0.887677
0.887677
0.887677
0.887677
0.886436
0.886436
0.887932
0.887932
0.887302
0.887302
0.88732
0.88732
0.887192
0.887192
0.887932
0.887932
0.887302
0.887302
0.887302
0.887302
0.887932
0.887932
0.887932
0.887932
0.887302
0.887302
0.886378
0.886378
0.886378
0.886378
0.886378
0.886378
0.886378
0.886378
0.886378
0.886378
0.886378
0.886378
0.886378
0.886378
0.886378
0.886378
0.886378
0.886378
0.886378
0.886378
0.886378
0.886378
0.886378
0.886378
0.886378
0.886378
0.886378
0.886378
0.886378
0.886378
0.886378
0.886378
0.886378
0.886378
0.886378
0.886378
0.886378
0.886378
0.886378
0.886378
0.886378
0.886378
0.886378
0.886378
0.886378
0.886378
0.886378
0.886378
0.886378
0.886378
0.886378
0.886378
0.886378
0.886378
0.886378
0.886378
0.886378
0.886378
0.886378
0.886378
0.886378
0.886378
0.886378
0.886378
0.886378
0.886378
0.886378
0.886378
0.886378
0.886378
0.886378
0.886378
0.886378
0.886378
0.886378
0.886378
0.886378
0.886378
0.886378
0.886378
0.88668
0.88668
0.886436
0.886436
0.886865
0.886865
0.886599
0.886599
0.886855
0.886855
0.886436
0.886436
0.886436
0.886436
0.886855
0.886855
0.886694
0.886694
0.886436
0.886436
0.887384
0.887384
0.887302
0.887302
0.88732
0.88732
0.886723
0.886723
0.887493
0.887493
0.887302
0.887302
0.887302
0.887302
0.887493
0.887493
0.887428
0.887428
0.887302
0.887302
0.883577
0.883577
0.883837
0.883837
0.885275
0.885275
0.885348
0.885348
0.88388
0.88388
0.883837
0.883837
0.883837
0.883837
0.88388
0.88388
0.883584
0.883584
0.883837
0.883837
0.885496
0.885496
0.885183
0.885183
0.884368
0.884368
0.884026
0.884026
0.885483
0.885483
0.885183
0.885183
0.885183
0.885183
0.885483
0.885483
0.8856
0.8856
0.885183
0.885183
0.885963
0.885963
0.886056
0.886056
0.886131
0.886131
0.88609
0.88609
0.885963
0.885963
0.886456
0.886456
0.886461
0.886461
0.886142
0.886142
0.886045
0.886045
0.886378
0.886378
0.8861
0.8861
0.886559
0.886559
0.886857
0.886857
0.885521
0.885521
0.885764
0.885764
0.886543
0.886543
0.885844
0.885844
0.885801
0.885801
0.8866
0.8866
0.886923
0.886923
0.886378
0.886378
0.885731
0.885731
0.886473
0.886473
0.886123
0.886123
0.88614
0.88614
0.886041
0.886041
0.886473
0.886473
0.885978
0.885978
0.885987
0.885987
0.886295
0.886295
0.886099
0.886099
0.886378
0.886378
0.886045
0.886045
0.885842
0.885842
0.885793
0.885793
0.886346
0.886346
0.886857
0.886857
0.885858
0.885858
0.8865
0.8865
0.886541
0.886541
0.886125
0.886125
0.885747
0.885747
0.886378
0.886378
0.886886
0.886886
0.886378
0.886378
0.886378
0.886378
0.886378
0.886378
0.886378
0.886378
0.887746
0.887746
0.887515
0.887515
0.885275
0.885275
0.885788
0.885788
0.883369
0.883369
0.884847
0.884847
0.888352
0.888352
0.886865
0.886865
0.886552
0.886552
0.88674
0.88674
0.88658
0.88658
0.887426
0.887426
0.886457
0.886457
0.885101
0.885101
0.885835
0.885835
0.886285
0.886285
0.886599
0.886599
0.886865
0.886865
0.886552
0.886552
0.886396
0.886396
0.886723
0.886723
0.88732
0.88732
0.88658
0.88658
0.8866
0.8866
0.885348
0.885348
0.885275
0.885275
0.887515
0.887515
0.887581
0.887581
0.883369
0.883369
0.88316
0.88316
0.886077
0.886077
0.886286
0.886286
0.886554
0.886554
0.885909
0.885909
0.886131
0.886131
0.885788
0.885788
0.883539
0.883539
0.88609
0.88609
0.887478
0.887478
0.887408
0.887408
0.886886
0.886886
0.886541
0.886541
0.883892
0.883892
0.883905
0.883905
0.883905
0.883905
0.883539
0.883539
0.8861
0.8861
0.886461
0.886461
0.885521
0.885521
0.883673
0.883673
0.885499
0.885499
0.885764
0.885764
0.887533
0.887533
0.887478
0.887478
0.885844
0.885844
0.885482
0.885482
0.885501
0.885501
0.885801
0.885801
0.886839
0.886839
0.886736
0.886736
0.886045
0.886045
0.885987
0.885987
0.886346
0.886346
0.886604
0.886604
0.887432
0.887432
0.886857
0.886857
0.88684
0.88684
0.886839
0.886839
0.885507
0.885507
0.885731
0.885731
0.88614
0.88614
0.886771
0.886771
0.886747
0.886747
0.886041
0.886041
0.886077
0.886077
0.886056
0.886056
0.886855
0.886855
0.886855
0.886855
0.885963
0.885963
0.886045
0.886045
0.886286
0.886286
0.886857
0.886857
0.887493
0.887493
0.887493
0.887493
0.886543
0.886543
0.886923
0.886923
0.886554
0.886554
0.886123
0.886123
0.88388
0.88388
0.88388
0.88388
0.886473
0.886473
0.886099
0.886099
0.885909
0.885909
0.885793
0.885793
0.885842
0.885842
0.885858
0.885858
0.885747
0.885747
0.887746
0.887746
0.885788
0.885788
0.882943
0.882943
0.883673
0.883673
0.88673
0.88673
0.886604
0.886604
0.886437
0.886437
0.886771
0.886771
0.886396
0.886396
0.886599
0.886599
0.886723
0.886723
0.8866
0.8866
0.885348
0.885348
0.887581
0.887581
0.884026
0.884026
0.88316
0.88316
0.883892
0.883892
0.883837
0.883837
0.883837
0.883837
0.883837
0.883837
0.882943
0.882943
0.883837
0.883837
0.883369
0.883369
0.885183
0.885183
0.885183
0.885183
0.885183
0.885183
0.886437
0.886437
0.885183
0.885183
0.886552
0.886552
0.88684
0.88684
0.886436
0.886436
0.886436
0.886436
0.886436
0.886436
0.88673
0.88673
0.886436
0.886436
0.88658
0.88658
0.887533
0.887533
0.887302
0.887302
0.887302
0.887302
0.887302
0.887302
0.887302
0.887302
0.887515
0.887515
0.885275
0.885275
0.882943
0.882943
0.883369
0.883369
0.884368
0.884368
0.886771
0.886771
0.886865
0.886865
0.88673
0.88673
0.88658
0.88658
0.88732
0.88732
0.886436
0.886436
0.886436
0.886436
0.886436
0.886436
0.88658
0.88658
0.886436
0.886436
0.887302
0.887302
0.887302
0.887302
0.887302
0.887302
0.887515
0.887515
0.887302
0.887302
0.883837
0.883837
0.883837
0.883837
0.883837
0.883837
0.883369
0.883369
0.883837
0.883837
0.883369
0.883369
0.885183
0.885183
0.885183
0.885183
0.885183
0.885183
0.886552
0.886552
0.885183
0.885183
0.886865
0.886865
0.88732
0.88732
0.885275
0.885275
0.884368
0.884368
0.883369
0.883369
0.887877
0.887877
0.886457
0.886457
0.886125
0.886125
0.886559
0.886559
0.88732
0.88732
0.885835
0.885835
0.8866
0.8866
0.8865
0.8865
0.887426
0.887426
0.88658
0.88658
0.88316
0.88316
0.886285
0.886285
0.886295
0.886295
0.885978
0.885978
0.886473
0.886473
0.886865
0.886865
0.885275
0.885275
0.886456
0.886456
0.885963
0.885963
0.885275
0.885275
0.886865
0.886865
0.884847
0.884847
0.883369
0.883369
0.885101
0.885101
0.886142
0.886142
0.885991
0.885991
0.887877
0.887877
0.887932
0.887932
0.887932
0.887932
0.887932
0.887932
0.887932
0.887932
0.887192
0.887192
0.887426
0.887426
0.887677
0.887677
0.887677
0.887677
0.887677
0.887677
0.887677
0.887677
0.888352
0.888352
0.88674
0.88674
0.886591
0.886591
0.886591
0.886591
0.886591
0.886591
0.886591
0.886591
0.88495
0.88495
0.884847
0.884847
0.885838
0.885838
0.885838
0.885838
0.885838
0.885838
0.885838
0.885838
0.885991
0.885991
0.885944
0.885944
0.885944
0.885944
0.885944
0.885944
0.885944
0.885944
0.885944
0.885944
0.885944
0.885944
0.887604
0.887604
0.887604
0.887604
0.887604
0.887604
0.887604
0.887604
0.885183
0.885183
0.885183
0.885183
0.885183
0.885183
0.885183
0.885183
0.884838
0.884838
0.884838
0.884838
0.884838
0.884838
0.884838
0.884838
0.886717
0.886717
0.886717
0.886717
0.886717
0.886717
0.886717
0.886717
0.887302
0.887302
0.887302
0.887302
0.887302
0.887302
0.887302
0.887302
0.887657
0.887657
0.887657
0.887657
0.887657
0.887657
0.887657
0.887657
0.886626
0.886626
0.886626
0.886626
0.886626
0.886626
0.886626
0.886626
0.886626
0.886626
0.886626
0.886626
0.886626
0.886626
0.886626
0.886626
0.886626
0.886626
0.886378
0.886378
0.886378
0.886378
0.886378
0.886378
0.886378
0.886378
0.885483
0.885483
0.885183
0.885183
0.885183
0.885183
0.885483
0.885483
0.885808
0.885808
0.885808
0.885808
0.886508
0.886508
0.886508
0.886508
0.887493
0.887493
0.887493
0.887493
0.885808
0.885808
0.885808
0.885808
0.887493
0.887493
0.887493
0.887493
0.887302
0.887302
0.887302
0.887302
0.885183
0.885183
0.885183
0.885183
0.887302
0.887302
0.887302
0.887302
