4
2500
0.886143
0.886143
0.886143
0.886143
0.886143
0.886143
0.886143
0.886143
0.886143
0.886143
0.886143
0.886143
0.886143
0.886143
0.886143
0.886143
0.886143
0.886143
0.886143
0.886143
0.886143
0.886143
0.886143
0.886143
0.886143
0.886143
0.886143
0.886143
0.886143
0.886143
0.886143
0.886143
0.886143
0.886143
0.886143
0.886143
0.886143
0.886143
0.886143
0.886143
0.886143
0.886143
0.886143
0.886143
0.886143
0.886143
0.886143
0.886143
0.887302
0.887302
0.887302
0.887302
0.887302
0.887302
0.887302
0.887302
0.886072
0.886072
0.886072
0.886072
0.886072
0.886072
0.886072
0.886072
0.886072
0.886072
0.886072
0.886072
0.886072
0.886072
0.886072
0.886072
0.886072
0.886072
0.886072
0.886072
0.886072
0.886072
0.886072
0.886072
0.886072
0.886072
0.886072
0.886072
0.886072
0.886072
0.886072
0.886072
0.886072
0.886072
0.886072
0.886072
0.886072
0.886072
0.886072
0.886072
0.886072
0.886072
0.886072
0.886072
0.886072
0.886072
0.886072
0.886072
0.886072
0.886072
0.886072
0.886072
0.886072
0.886072
0.886072
0.886072
0.886072
0.886072
0.886072
0.886072
0.886072
0.886072
0.886072
0.886072
0.886594
0.886594
0.886594
0.886594
0.88574
0.88574
0.88574
0.88574
0.886925
0.886925
0.886925
0.886925
0.886594
0.886594
0.886594
0.886594
0.88574
0.88574
0.88574
0.88574
0.88574
0.88574
0.88574
0.88574
0.886594
0.886594
0.886594
0.886594
0.886594
0.886594
0.886594
0.886594
0.886594
0.886594
0.886594
0.886594
0.886594
0.886594
0.886594
0.886594
0.88574
0.88574
0.88574
0.88574
0.88574
0.88574
0.88574
0.88574
0.88574
0.88574
0.88574
0.88574
0.887921
0.887921
0.887921
0.887921
0.886237
0.886237
0.886237
0.886237
0.886439
0.886439
0.886439
0.886439
0.886237
0.886237
0.886237
0.886237
0.886237
0.886237
0.886237
0.886237
0.886237
0.886237
0.886237
0.886237
0.886237
0.886237
0.886237
0.886237
0.886439
0.886439
0.886439
0.886439
0.886439
0.886439
0.886439
0.886439
0.886439
0.886439
0.886439
0.886439
0.886439
0.886439
0.886439
0.886439
0.886439
0.886439
0.886439
0.886439
0.886439
0.886439
0.886439
0.886439
0.886439
0.886439
0.886439
0.886439
0.886237
0.886237
0.886237
0.886237
0.886237
0.886237
0.886237
0.886237
0.886237
0.886237
0.886237
0.886237
0.887668
0.887668
0.887668
0.887668
0.885803
0.885803
0.885803
0.885803
0.887397
0.887397
0.887397
0.887397
0.885803
0.885803
0.885803
0.885803
0.887668
0.887668
0.887668
0.887668
0.887668
0.887668
0.887668
0.887668
0.885803
0.885803
0.885803
0.885803
0.885803
0.885803
0.885803
0.885803
0.885803
0.885803
0.885803
0.885803
0.887668
0.887668
0.887668
0.887668
0.887668
0.887668
0.887668
0.887668
0.885803
0.885803
0.885803
0.885803
0.887668
0.887668
0.887668
0.887668
0.887455
0.887455
0.887455
0.887455
0.886696
0.886696
0.886696
0.886696
0.886507
0.886507
0.886507
0.886507
0.886696
0.886696
0.886696
0.886696
0.886696
0.886696
0.886696
0.886696
0.886696
0.886696
0.886696
0.886696
0.886696
0.886696
0.886696
0.886696
0.886696
0.886696
0.886696
0.886696
0.886696
0.886696
0.886696
0.886696
0.886696
0.886696
0.886696
0.886696
0.886507
0.886507
0.886507
0.886507
0.886507
0.886507
0.886507
0.886507
0.886507
0.886507
0.886507
0.886507
0.886507
0.886507
0.886507
0.886507
0.886507
0.886507
0.886507
0.886507
0.886507
0.886507
0.886507
0.886507
0.886507
0.886507
0.886507
0.886507
0.885889
0.885889
0.887588
0.887588
0.886686
0.886686
0.884759
0.884759
0.884759
0.884759
0.886461
0.886461
0.885889
0.885889
0.887588
0.887588
0.887588
0.887588
0.884759
0.884759
0.884759
0.884759
0.884759
0.884759
0.887588
0.887588
0.887588
0.887588
0.884759
0.884759
0.887588
0.887588
0.886686
0.886686
0.885889
0.885889
0.885889
0.885889
0.885889
0.885889
0.886686
0.886686
0.886686
0.886686
0.885889
0.885889
0.886686
0.886686
0.887212
0.887212
0.886686
0.886686
0.887227
0.887227
0.887499
0.887499
0.886753
0.886753
0.887135
0.887135
0.884885
0.884885
0.886832
0.886832
0.887135
0.887135
0.887135
0.887135
0.887135
0.887135
0.887084
0.887084
0.887135
0.887135
0.887135
0.887135
0.887135
0.887135
0.886832
0.886832
0.886832
0.886832
0.886832
0.886832
0.88678
0.88678
0.886832
0.886832
0.886832
0.886832
0.886832
0.886832
0.886753
0.886753
0.886753
0.886753
0.886753
0.886753
0.886701
0.886701
0.886753
0.886753
0.886753
0.886753
0.886753
0.886753
0.884885
0.884885
0.884885
0.884885
0.884885
0.884885
0.884834
0.884834
0.884885
0.884885
0.884885
0.884885
0.884885
0.884885
0.886072
0.886072
0.886072
0.886072
0.886072
0.886072
0.886072
0.886072
0.886072
0.886072
0.886072
0.886072
0.886072
0.886072
0.886072
0.886072
0.886072
0.886072
0.886072
0.886072
0.886072
0.886072
0.886072
0.886072
0.886072
0.886072
0.886072
0.886072
0.886072
0.886072
0.886072
0.886072
0.886072
0.886072
0.886072
0.886072
0.886072
0.886072
0.886072
0.886072
0.886072
0.886072
0.886072
0.886072
0.886072
0.886072
0.886072
0.886072
0.885183
0.885183
0.885183
0.885183
0.885183
0.885183
0.885183
0.885183
0.886143
0.886143
0.886143
0.886143
0.886143
0.886143
0.886143
0.886143
0.886143
0.886143
0.886143
0.886143
0.886143
0.886143
0.886143
0.886143
0.886143
0.886143
0.886143
0.886143
0.886143
0.886143
0.886143
0.886143
0.886143
0.886143
0.886143
0.886143
0.886143
0.886143
0.886143
0.886143
0.886143
0.886143
0.886143
0.886143
0.886143
0.886143
0.886143
0.886143
0.886143
0.886143
0.886143
0.886143
0.886143
0.886143
0.886143
0.886143
0.886143
0.886143
0.886143
0.886143
0.886143
0.886143
0.886143
0.886143
0.886143
0.886143
0.886143
0.886143
0.886143
0.886143
0.886143
0.886143
0.886486
0.886486
0.886486
0.886486
0.885718
0.885718
0.885718
0.885718
0.885937
0.885937
0.885937
0.885937
0.886486
0.886486
0.886486
0.886486
0.885718
0.885718
0.885718
0.885718
0.885718
0.885718
0.885718
0.885718
0.886486
0.886486
0.886486
0.886486
0.886486
0.886486
0.886486
0.886486
0.886486
0.886486
0.886486
0.886486
0.886486
0.886486
0.886486
0.886486
0.885718
0.885718
0.885718
0.885718
0.885718
0.885718
0.885718
0.885718
0.885718
0.885718
0.885718
0.885718
0.884994
0.884994
0.884994
0.884994
0.88499
0.88499
0.88499
0.88499
0.887785
0.887785
0.887785
0.887785
0.88499
0.88499
0.88499
0.88499
0.88499
0.88499
0.88499
0.88499
0.88499
0.88499
0.88499
0.88499
0.88499
0.88499
0.88499
0.88499
0.887785
0.887785
0.887785
0.887785
0.887785
0.887785
0.887785
0.887785
0.887785
0.887785
0.887785
0.887785
0.887785
0.887785
0.887785
0.887785
0.887785
0.887785
0.887785
0.887785
0.887785
0.887785
0.887785
0.887785
0.887785
0.887785
0.887785
0.887785
0.88499
0.88499
0.88499
0.88499
0.88499
0.88499
0.88499
0.88499
0.88499
0.88499
0.88499
0.88499
0.886848
0.886848
0.886848
0.886848
0.886494
0.886494
0.886494
0.886494
0.886607
0.886607
0.886607
0.886607
0.886494
0.886494
0.886494
0.886494
0.886848
0.886848
0.886848
0.886848
0.886848
0.886848
0.886848
0.886848
0.886494
0.886494
0.886494
0.886494
0.886494
0.886494
0.886494
0.886494
0.886494
0.886494
0.886494
0.886494
0.886848
0.886848
0.886848
0.886848
0.886848
0.886848
0.886848
0.886848
0.886494
0.886494
0.886494
0.886494
0.886848
0.886848
0.886848
0.886848
0.884329
0.884329
0.884329
0.884329
0.888607
0.888607
0.888607
0.888607
0.884696
0.884696
0.884696
0.884696
0.888607
0.888607
0.888607
0.888607
0.888607
0.888607
0.888607
0.888607
0.888607
0.888607
0.888607
0.888607
0.888607
0.888607
0.888607
0.888607
0.888607
0.888607
0.888607
0.888607
0.888607
0.888607
0.888607
0.888607
0.888607
0.888607
0.888607
0.888607
0.884696
0.884696
0.884696
0.884696
0.884696
0.884696
0.884696
0.884696
0.884696
0.884696
0.884696
0.884696
0.884696
0.884696
0.884696
0.884696
0.884696
0.884696
0.884696
0.884696
0.884696
0.884696
0.884696
0.884696
0.884696
0.884696
0.884696
0.884696
0.886357
0.886357
0.886412
0.886412
0.886094
0.886094
0.885812
0.885812
0.885812
0.885812
0.886338
0.886338
0.886357
0.886357
0.886412
0.886412
0.886412
0.886412
0.885812
0.885812
0.885812
0.885812
0.885812
0.885812
0.886412
0.886412
0.886412
0.886412
0.885812
0.885812
0.886412
0.886412
0.886094
0.886094
0.886357
0.886357
0.886357
0.886357
0.886357
0.886357
0.886094
0.886094
0.886094
0.886094
0.886357
0.886357
0.886094
0.886094
0.884629
0.884629
0.886094
0.886094
0.883639
0.883639
0.886371
0.886371
0.887823
0.887823
0.887323
0.887323
0.883895
0.883895
0.886725
0.886725
0.887323
0.887323
0.887323
0.887323
0.887323
0.887323
0.887272
0.887272
0.887323
0.887323
0.887323
0.887323
0.887323
0.887323
0.886725
0.886725
0.886725
0.886725
0.886725
0.886725
0.886674
0.886674
0.886725
0.886725
0.886725
0.886725
0.886725
0.886725
0.887823
0.887823
0.887823
0.887823
0.887823
0.887823
0.887772
0.887772
0.887823
0.887823
0.887823
0.887823
0.887823
0.887823
0.883895
0.883895
0.883895
0.883895
0.883895
0.883895
0.883845
0.883845
0.883895
0.883895
0.883895
0.883895
0.883895
0.883895
0.887302
0.887302
0.887302
0.887302
0.887302
0.887302
0.887302
0.887302
0.885183
0.885183
0.885183
0.885183
0.885183
0.885183
0.885183
0.885183
0.885718
0.885718
0.885718
0.885718
0.886486
0.886486
0.886486
0.886486
0.887302
0.887302
0.887302
0.887302
0.887302
0.887302
0.887302
0.887302
0.885183
0.885183
0.885183
0.885183
0.885183
0.885183
0.885183
0.885183
0.885183
0.885183
0.885183
0.885183
0.885183
0.885183
0.885183
0.885183
0.887302
0.887302
0.887302
0.887302
0.887302
0.887302
0.887302
0.887302
0.887302
0.887302
0.887302
0.887302
0.887302
0.887302
0.887302
0.887302
0.887302
0.887302
0.887302
0.887302
0.887302
0.887302
0.887302
0.887302
0.887302
0.887302
0.887302
0.887302
0.887302
0.887302
0.887302
0.887302
0.885183
0.885183
0.885183
0.885183
0.885183
0.885183
0.885183
0.885183
0.885183
0.885183
0.885183
0.885183
0.885183
0.885183
0.885183
0.885183
0.885183
0.885183
0.885183
0.885183
0.885183
0.885183
0.885183
0.885183
0.88574
0.88574
0.88574
0.88574
0.886594
0.886594
0.886594
0.886594
0.886901
0.886901
0.886901
0.886901
0.886901
0.886901
0.886901
0.886901
0.884001
0.884001
0.884001
0.884001
0.884001
0.884001
0.884001
0.884001
0.887699
0.887699
0.887699
0.887699
0.886268
0.886268
0.886268
0.886268
0.884001
0.884001
0.884001
0.884001
0.884001
0.884001
0.884001
0.884001
0.886901
0.886901
0.886901
0.886901
0.886901
0.886901
0.886901
0.886901
0.886901
0.886901
0.886901
0.886901
0.886901
0.886901
0.886901
0.886901
0.884001
0.884001
0.884001
0.884001
0.884001
0.884001
0.884001
0.884001
0.884001
0.884001
0.884001
0.884001
0.884001
0.884001
0.884001
0.884001
0.884001
0.884001
0.884001
0.884001
0.884001
0.884001
0.884001
0.884001
0.886901
0.886901
0.886901
0.886901
0.886901
0.886901
0.886901
0.886901
0.886901
0.886901
0.886901
0.886901
0.886901
0.886901
0.886901
0.886901
0.884001
0.884001
0.884001
0.884001
0.884001
0.884001
0.884001
0.884001
0.886901
0.886901
0.886901
0.886901
0.886901
0.886901
0.886901
0.886901
0.882778
0.882778
0.882778
0.882778
0.885832
0.885832
0.885832
0.885832
0.885832
0.885832
0.885832
0.885832
0.887455
0.887455
0.887455
0.887455
0.887397
0.887397
0.887397
0.887397
0.886268
0.886268
0.886268
0.886268
0.887699
0.887699
0.887699
0.887699
0.886607
0.886607
0.886607
0.886607
0.884329
0.884329
0.884329
0.884329
0.882778
0.882778
0.882778
0.882778
0.884329
0.884329
0.884329
0.884329
0.882778
0.882778
0.882778
0.882778
0.886094
0.886094
0.886412
0.886412
0.88666
0.88666
0.886228
0.886228
0.885832
0.885832
0.885832
0.885832
0.887455
0.887455
0.887455
0.887455
0.887397
0.887397
0.887397
0.887397
0.886268
0.886268
0.886268
0.886268
0.887397
0.887397
0.887397
0.887397
0.886268
0.886268
0.886268
0.886268
0.884329
0.884329
0.884329
0.884329
0.882778
0.882778
0.882778
0.882778
0.884329
0.884329
0.884329
0.884329
0.882778
0.882778
0.882778
0.882778
0.884329
0.884329
0.884329
0.884329
0.882778
0.882778
0.882778
0.882778
0.887397
0.887397
0.887397
0.887397
0.886268
0.886268
0.886268
0.886268
0.887397
0.887397
0.887397
0.887397
0.886268
0.886268
0.886268
0.886268
0.884329
0.884329
0.884329
0.884329
0.882778
0.882778
0.882778
0.882778
0.887397
0.887397
0.887397
0.887397
0.886268
0.886268
0.886268
0.886268
0.887699
0.887699
0.887699
0.887699
0.886607
0.886607
0.886607
0.886607
0.885832
0.885832
0.885832
0.885832
0.887455
0.887455
0.887455
0.887455
0.885832
0.885832
0.885832
0.885832
0.887455
0.887455
0.887455
0.887455
0.885832
0.885832
0.885832
0.885832
0.887455
0.887455
0.887455
0.887455
0.887699
0.887699
0.887699
0.887699
0.886607
0.886607
0.886607
0.886607
0.887699
0.887699
0.887699
0.887699
0.886607
0.886607
0.886607
0.886607
0.885832
0.885832
0.885832
0.885832
0.887455
0.887455
0.887455
0.887455
0.887699
0.887699
0.887699
0.887699
0.886607
0.886607
0.886607
0.886607
0.884518
0.884518
0.886903
0.886903
0.885812
0.885812
0.886357
0.886357
0.887699
0.887699
0.887699
0.887699
0.886607
0.886607
0.886607
0.886607
0.884759
0.884759
0.885889
0.885889
0.882989
0.882989
0.884869
0.884869
0.888742
0.888742
0.887805
0.887805
0.886686
0.886686
0.887588
0.887588
0.887499
0.887499
0.887805
0.887805
0.883639
0.883639
0.882989
0.882989
0.884869
0.884869
0.887227
0.887227
0.888742
0.888742
0.886371
0.886371
0.886461
0.886461
0.886228
0.886228
0.884629
0.884629
0.884518
0.884518
0.886903
0.886903
0.887212
0.887212
0.88666
0.88666
0.886338
0.886338
0.887921
0.887921
0.887921
0.887921
0.884994
0.884994
0.884994
0.884994
0.887828
0.887828
0.887828
0.887828
0.883835
0.883835
0.883835
0.883835
0.886925
0.886925
0.886925
0.886925
0.885937
0.885937
0.885937
0.885937
0.886486
0.886486
0.886486
0.886486
0.885123
0.885123
0.885123
0.885123
0.887499
0.887499
0.887805
0.887805
0.883639
0.883639
0.882989
0.882989
0.884869
0.884869
0.887227
0.887227
0.888742
0.888742
0.886371
0.886371
0.886461
0.886461
0.886228
0.886228
0.884629
0.884629
0.884518
0.884518
0.886903
0.886903
0.887212
0.887212
0.88666
0.88666
0.886338
0.886338
0.887921
0.887921
0.887921
0.887921
0.884994
0.884994
0.884994
0.884994
0.887828
0.887828
0.887828
0.887828
0.883835
0.883835
0.883835
0.883835
0.886925
0.886925
0.886925
0.886925
0.885937
0.885937
0.885937
0.885937
0.886486
0.886486
0.886486
0.886486
0.885123
0.885123
0.885123
0.885123
0.883639
0.883639
0.882989
0.882989
0.887499
0.887499
0.887805
0.887805
0.884869
0.884869
0.887227
0.887227
0.888742
0.888742
0.886371
0.886371
0.884629
0.884629
0.884518
0.884518
0.886461
0.886461
0.886228
0.886228
0.886903
0.886903
0.887212
0.887212
0.88666
0.88666
0.886338
0.886338
0.884994
0.884994
0.884994
0.884994
0.887921
0.887921
0.887921
0.887921
0.883835
0.883835
0.883835
0.883835
0.887828
0.887828
0.887828
0.887828
0.885937
0.885937
0.885937
0.885937
0.886925
0.886925
0.886925
0.886925
0.885123
0.885123
0.885123
0.885123
0.886486
0.886486
0.886486
0.886486
0.883639
0.883639
0.882989
0.882989
0.887499
0.887499
0.887805
0.887805
0.888742
0.888742
0.886371
0.886371
0.884869
0.884869
0.887227
0.887227
0.884629
0.884629
0.884518
0.884518
0.886461
0.886461
0.886228
0.886228
0.88666
0.88666
0.886338
0.886338
0.886903
0.886903
0.887212
0.887212
0.884994
0.884994
0.884994
0.884994
0.887921
0.887921
0.887921
0.887921
0.883835
0.883835
0.883835
0.883835
0.887828
0.887828
0.887828
0.887828
0.885937
0.885937
0.885937
0.885937
0.886925
0.886925
0.886925
0.886925
0.885123
0.885123
0.885123
0.885123
0.886486
0.886486
0.886486
0.886486
0.883639
0.883639
0.882989
0.882989
0.887499
0.887499
0.887805
0.887805
0.884869
0.884869
0.887227
0.887227
0.888742
0.888742
0.886371
0.886371
0.884629
0.884629
0.884518
0.884518
0.886461
0.886461
0.886228
0.886228
0.886903
0.886903
0.887212
0.887212
0.88666
0.88666
0.886338
0.886338
0.887921
0.887921
0.887921
0.887921
0.884994
0.884994
0.884994
0.884994
0.883835
0.883835
0.883835
0.883835
0.887828
0.887828
0.887828
0.887828
0.886925
0.886925
0.886925
0.886925
0.885937
0.885937
0.885937
0.885937
0.885123
0.885123
0.885123
0.885123
0.886486
0.886486
0.886486
0.886486
0.887499
0.887499
0.887805
0.887805
0.883639
0.883639
0.882989
0.882989
0.884869
0.884869
0.887227
0.887227
0.888742
0.888742
0.886371
0.886371
0.886461
0.886461
0.886228
0.886228
0.884629
0.884629
0.884518
0.884518
0.886903
0.886903
0.887212
0.887212
0.88666
0.88666
0.886338
0.886338
0.887921
0.887921
0.887921
0.887921
0.884994
0.884994
0.884994
0.884994
0.887828
0.887828
0.887828
0.887828
0.883835
0.883835
0.883835
0.883835
0.886925
0.886925
0.886925
0.886925
0.885937
0.885937
0.885937
0.885937
0.886486
0.886486
0.886486
0.886486
0.885123
0.885123
0.885123
0.885123
