4
2500
0.886143
0.886143
0.886143
0.886143
0.886143
0.886143
0.886143
0.886143
0.886081
0.886081
0.886081
0.886081
0.886081
0.886081
0.886081
0.886081
0.886901
0.886901
0.886901
0.886901
0.886901
0.886901
0.886901
0.886901
0.885852
0.885852
0.885959
0.885959
0.885959
0.885959
0.885852
0.885852
0.885722
0.885722
0.885638
0.885638
0.88577
0.88577
0.885962
0.885962
0.886179
0.886179
0.886064
0.886064
0.886633
0.886633
0.886566
0.886566
0.886901
0.886901
0.886901
0.886901
0.886901
0.886901
0.886901
0.886901
0.885203
0.885203
0.885203
0.885203
0.885203
0.885203
0.885203
0.885203
0.884001
0.884001
0.884001
0.884001
0.884001
0.884001
0.884001
0.884001
0.887323
0.887323
0.887323
0.887323
0.887323
0.887323
0.887323
0.887323
0.886901
0.886901
0.886901
0.886901
0.886901
0.886901
0.886901
0.886901
0.886901
0.886901
0.886901
0.886901
0.886901
0.886901
0.886901
0.886901
0.886901
0.886901
0.886901
0.886901
0.886901
0.886901
0.886901
0.886901
0.885144
0.885144
0.885146
0.885146
0.885146
0.885146
0.885144
0.885144
0.88573
0.88573
0.88573
0.88573
0.885942
0.885942
0.885988
0.885988
0.886013
0.886013
0.885836
0.885836
0.885959
0.885959
0.883367
0.883367
0.883816
0.883816
0.883931
0.883931
0.884185
0.884185
0.885303
0.885303
0.885527
0.885527
0.886062
0.886062
0.885999
0.885999
0.885998
0.885998
0.886167
0.886167
0.885962
0.885962
0.886924
0.886924
0.888157
0.888157
0.887546
0.887546
0.886415
0.886415
0.886132
0.886132
0.886687
0.886687
0.886324
0.886324
0.886436
0.886436
0.886436
0.886436
0.886324
0.886324
0.886566
0.886566
0.886566
0.886566
0.887654
0.887654
0.887672
0.887672
0.886462
0.886462
0.886564
0.886564
0.886642
0.886642
0.886642
0.886642
0.886642
0.886642
0.886642
0.886642
0.886993
0.886993
0.887661
0.887661
0.887351
0.887351
0.887351
0.887351
0.887351
0.887351
0.887367
0.887367
0.887367
0.887367
0.887367
0.887367
0.886573
0.886573
0.886573
0.886573
0.886573
0.886573
0.886578
0.886578
0.886578
0.886578
0.886578
0.886578
0.887514
0.887514
0.886778
0.886778
0.887055
0.887055
0.887844
0.887844
0.88695
0.88695
0.887675
0.887675
0.887331
0.887331
0.887834
0.887834
0.887625
0.887625
0.887963
0.887963
0.887733
0.887733
0.888211
0.888211
0.887082
0.887082
0.887656
0.887656
0.88643
0.88643
0.887766
0.887766
0.886607
0.886607
0.887734
0.887734
0.88649
0.88649
0.887683
0.887683
0.886492
0.886492
0.887526
0.887526
0.886475
0.886475
0.887575
0.887575
0.886198
0.886198
0.886472
0.886472
0.88618
0.88618
0.88618
0.88618
0.88618
0.88618
0.88618
0.88618
0.887859
0.887859
0.887929
0.887929
0.887652
0.887652
0.887652
0.887652
0.887652
0.887652
0.887696
0.887696
0.887696
0.887696
0.887696
0.887696
0.886282
0.886282
0.886282
0.886282
0.886282
0.886282
0.886289
0.886289
0.886289
0.886289
0.886289
0.886289
0.888402
0.888402
0.888366
0.888366
0.888051
0.888051
0.888014
0.888014
0.888204
0.888204
0.888269
0.888269
0.887573
0.887573
0.88812
0.88812
0.888033
0.888033
0.887843
0.887843
0.887745
0.887745
0.887628
0.887628
0.887695
0.887695
0.887214
0.887214
0.887214
0.887214
0.887214
0.887214
0.887214
0.887214
0.886727
0.886727
0.886631
0.886631
0.886631
0.886631
0.886631
0.886631
0.886631
0.886631
0.886631
0.886631
0.886631
0.886631
0.887395
0.887395
0.887395
0.887395
0.887395
0.887395
0.887395
0.887395
0.887395
0.887395
0.887395
0.887395
0.885708
0.885708
0.885915
0.885915
0.886842
0.886842
0.887002
0.887002
0.886875
0.886875
0.887816
0.887816
0.888114
0.888114
0.886007
0.886007
0.886091
0.886091
0.886149
0.886149
0.886005
0.886005
0.8862
0.8862
0.885999
0.885999
0.886143
0.886143
0.886081
0.886081
0.886081
0.886081
0.886081
0.886081
0.886081
0.886081
0.885852
0.885852
0.886633
0.886633
0.886566
0.886566
0.886566
0.886566
0.886633
0.886633
0.885203
0.885203
0.885203
0.885203
0.885203
0.885203
0.885203
0.885203
0.885203
0.885203
0.885203
0.885203
0.887323
0.887323
0.887323
0.887323
0.887323
0.887323
0.887323
0.887323
0.885146
0.885146
0.88522
0.88522
0.88573
0.88573
0.886144
0.886144
0.886144
0.886144
0.886144
0.886144
0.886144
0.886144
0.886145
0.886145
0.886145
0.886145
0.886145
0.886145
0.886145
0.886145
0.888157
0.888157
0.887546
0.887546
0.887546
0.887546
0.888157
0.888157
0.886687
0.886687
0.886687
0.886687
0.886436
0.886436
0.886324
0.886324
0.886143
0.886143
0.885988
0.885988
0.886143
0.886143
0.885959
0.885959
0.885898
0.885898
0.885203
0.885203
0.885203
0.885203
0.885203
0.885203
0.885203
0.885203
0.885203
0.885203
0.885146
0.885146
0.88522
0.88522
0.88573
0.88573
0.885893
0.885893
0.886436
0.886436
0.886324
0.886324
0.886081
0.886081
0.886081
0.886081
0.886081
0.886081
0.886081
0.886081
0.886081
0.886081
0.886081
0.886081
0.886081
0.886081
0.886081
0.886081
0.886081
0.886081
0.886081
0.886081
0.886633
0.886633
0.887323
0.887323
0.887323
0.887323
0.887323
0.887323
0.887323
0.887323
0.886013
0.886013
0.885957
0.885957
0.885961
0.885961
0.886013
0.886013
0.887546
0.887546
0.88811
0.88811
0.886687
0.886687
0.886143
0.886143
0.886143
0.886143
0.886143
0.886143
0.886143
0.886143
0.886081
0.886081
0.886081
0.886081
0.886901
0.886901
0.886901
0.886901
0.88577
0.88577
0.885962
0.885962
0.886901
0.886901
0.886901
0.886901
0.886901
0.886901
0.886901
0.886901
0.884001
0.884001
0.884001
0.884001
0.886901
0.886901
0.886901
0.886901
0.886901
0.886901
0.886901
0.886901
0.886901
0.886901
0.886901
0.886901
0.886901
0.886901
0.883816
0.883816
0.883931
0.883931
0.885527
0.885527
0.885998
0.885998
0.886462
0.886462
0.887672
0.887672
0.886642
0.886642
0.886642
0.886642
0.886198
0.886198
0.88618
0.88618
0.88618
0.88618
0.887695
0.887695
0.887261
0.887261
0.887261
0.887261
0.887261
0.887261
0.887214
0.887214
0.885999
0.885999
0.886143
0.886143
0.886081
0.886081
0.886081
0.886081
0.886081
0.886081
0.886143
0.886143
0.886081
0.886081
0.886081
0.886081
0.886081
0.886081
0.886901
0.886901
0.886901
0.886901
0.886901
0.886901
0.886901
0.886901
0.886901
0.886901
0.886901
0.886901
0.885998
0.885998
0.887672
0.887672
0.886462
0.886462
0.886198
0.886198
0.887695
0.887695
0.886143
0.886143
0.886143
0.886143
0.886081
0.886081
0.886081
0.886081
0.886324
0.886324
0.886143
0.886143
0.886143
0.886143
0.886081
0.886081
0.886081
0.886081
0.886081
0.886081
0.88577
0.88577
0.884001
0.884001
0.884001
0.884001
0.884001
0.884001
0.884001
0.884001
0.886901
0.886901
0.886901
0.886901
0.886901
0.886901
0.886901
0.886901
0.883931
0.883931
0.883816
0.883816
0.885527
0.885527
0.886642
0.886642
0.886642
0.886642
0.886642
0.886642
0.886642
0.886642
0.88618
0.88618
0.88618
0.88618
0.88618
0.88618
0.88618
0.88618
0.887261
0.887261
0.887261
0.887261
0.887261
0.887261
0.887261
0.887261
0.886143
0.886143
0.886081
0.886081
0.886081
0.886081
0.886081
0.886081
0.886081
0.886081
0.886081
0.886081
0.886081
0.886081
0.886143
0.886143
0.886143
0.886143
0.886143
0.886143
0.886143
0.886143
0.886143
0.886143
0.886143
0.886143
0.886145
0.886145
0.886145
0.886145
0.886145
0.886145
0.886145
0.886145
0.886145
0.886145
0.886145
0.886145
0.885203
0.885203
0.885203
0.885203
0.885203
0.885203
0.885203
0.885203
0.885144
0.885144
0.885146
0.885146
0.885146
0.885146
0.885144
0.885144
0.88573
0.88573
0.88573
0.88573
0.885899
0.885899
0.885893
0.885893
0.886436
0.886436
0.886436
0.886436
0.886324
0.886324
0.886566
0.886566
0.886081
0.886081
0.886081
0.886081
0.886081
0.886081
0.886081
0.886081
0.886633
0.886633
0.886633
0.886633
0.887323
0.887323
0.887323
0.887323
0.887323
0.887323
0.887323
0.887323
0.885961
0.885961
0.886013
0.886013
0.886013
0.886013
0.885961
0.885961
0.885959
0.885959
0.888157
0.888157
0.887546
0.887546
0.887546
0.887546
0.888157
0.888157
0.886687
0.886687
0.886687
0.886687
0.886143
0.886143
0.886143
0.886143
0.886143
0.886143
0.886143
0.886143
0.886081
0.886081
0.886081
0.886081
0.886081
0.886081
0.886081
0.886081
0.886143
0.886143
0.886143
0.886143
0.886081
0.886081
0.886081
0.886081
0.886081
0.886081
0.886081
0.886081
0.886081
0.886081
0.886081
0.886081
0.886144
0.886144
0.886144
0.886144
0.886144
0.886144
0.886144
0.886144
0.886145
0.886145
0.886145
0.886145
0.886143
0.886143
0.886143
0.886143
0.886143
0.886143
0.886143
0.886143
0.886145
0.886145
0.886145
0.886145
0.886145
0.886145
0.886145
0.886145
0.886081
0.886081
0.886081
0.886081
0.886081
0.886081
0.886081
0.886081
0.886143
0.886143
0.886143
0.886143
0.886143
0.886143
0.885898
0.885898
0.886081
0.886081
0.886081
0.886081
0.886081
0.886081
0.886081
0.886081
0.886081
0.886081
0.886081
0.886081
0.886081
0.886081
0.887323
0.887323
0.887323
0.887323
0.887323
0.887323
0.886143
0.886143
0.886143
0.886143
0.886901
0.886901
0.886081
0.886081
0.886081
0.886081
0.886143
0.886143
0.886143
0.886143
0.886143
0.886143
0.886143
0.886143
0.887701
0.887701
0.887701
0.887701
0.887701
0.887701
0.887547
0.887547
0.887547
0.887547
0.887547
0.887547
0.887783
0.887783
0.887783
0.887783
0.887783
0.887783
0.887705
0.887705
0.887705
0.887705
0.887705
0.887705
0.884436
0.884436
0.884436
0.884436
0.884436
0.884436
0.883968
0.883968
0.883968
0.883968
0.883968
0.883968
0.88541
0.88541
0.88541
0.88541
0.88541
0.88541
0.884665
0.884665
0.884665
0.884665
0.884665
0.884665
0.885695
0.885695
0.885695
0.885695
0.885695
0.885695
0.88578
0.88578
0.88578
0.88578
0.88578
0.88578
0.885986
0.885986
0.885973
0.885973
0.885981
0.885981
0.885981
0.885981
0.885979
0.885979
0.885981
0.885981
0.888275
0.888275
0.888275
0.888275
0.888275
0.888275
0.885985
0.885985
0.885985
0.885985
0.885985
0.885985
0.888187
0.888187
0.888187
0.888187
0.888187
0.888187
0.887726
0.887726
0.887726
0.887726
0.887726
0.887726
0.888319
0.888319
0.888319
0.888319
0.888319
0.888319
0.888627
0.888627
0.888627
0.888627
0.888627
0.888627
0.888259
0.888259
0.888259
0.888259
0.888259
0.888259
0.888259
0.888259
0.885194
0.885194
0.885194
0.885194
0.885194
0.885194
0.885194
0.885194
0.885194
0.885194
0.885194
0.885194
0.888259
0.888259
0.888259
0.888259
0.888259
0.888259
0.888259
0.888259
0.888259
0.888259
0.888259
0.888259
0.885194
0.885194
0.885194
0.885194
0.885194
0.885194
0.885194
0.885194
0.883695
0.883695
0.883695
0.883695
0.883695
0.883695
0.883695
0.883695
0.883988
0.883988
0.883988
0.883988
0.883988
0.883988
0.883988
0.883988
0.883988
0.883988
0.883988
0.883988
0.886166
0.886166
0.886166
0.886166
0.886166
0.886166
0.886136
0.886136
0.886136
0.886136
0.886136
0.886136
0.886578
0.886578
0.886578
0.886578
0.886578
0.886578
0.885861
0.885861
0.885861
0.885861
0.885861
0.885861
0.886578
0.886578
0.886578
0.886578
0.886578
0.886578
0.885674
0.885674
0.885674
0.885674
0.885674
0.885674
0.885556
0.885556
0.885556
0.885556
0.885556
0.885556
0.886552
0.886552
0.886552
0.886552
0.886552
0.886552
0.886552
0.886552
0.886657
0.886657
0.886657
0.886657
0.886657
0.886657
0.886616
0.886616
0.886616
0.886616
0.886616
0.886616
0.886277
0.886277
0.886277
0.886277
0.886277
0.886277
0.886484
0.886484
0.886484
0.886484
0.886484
0.886484
0.886565
0.886565
0.886565
0.886565
0.886565
0.886565
0.886701
0.886701
0.886701
0.886701
0.886701
0.886701
0.88647
0.88647
0.88647
0.88647
0.88647
0.88647
0.886612
0.886612
0.886612
0.886612
0.886612
0.886612
0.885874
0.885874
0.885874
0.885874
0.885874
0.885874
0.885874
0.885874
0.88587
0.88587
0.88587
0.88587
0.88587
0.88587
0.88587
0.88587
0.88587
0.88587
0.88587
0.88587
0.88587
0.88587
0.88587
0.88587
0.885651
0.885651
0.885651
0.885651
0.885651
0.885651
0.885869
0.885869
0.885869
0.885869
0.885869
0.885869
0.885791
0.885791
0.885791
0.885791
0.885791
0.885791
0.885795
0.885795
0.885795
0.885795
0.885795
0.885795
0.885617
0.885617
0.885617
0.885617
0.885617
0.885617
0.885628
0.885628
0.885628
0.885628
0.885628
0.885628
0.886615
0.886615
0.886615
0.886615
0.886615
0.886615
0.886615
0.886615
0.88587
0.88587
0.88587
0.88587
0.886552
0.886552
0.886552
0.886552
0.886552
0.886552
0.886556
0.886556
0.886556
0.886556
0.886556
0.886556
0.885874
0.885874
0.885874
0.885874
0.886615
0.886615
0.886615
0.886615
0.885704
0.885704
0.885704
0.885704
0.885704
0.885704
0.885704
0.885704
