4
2500
0.886158
0.886158
0.885956
0.885956
0.88598
0.88598
0.886087
0.886087
0.885946
0.885946
0.885948
0.885948
0.885983
0.885983
0.886007
0.886007
0.886145
0.886145
0.886027
0.886027
0.886155
0.886155
0.886239
0.886239
0.886237
0.886237
0.88622
0.88622
0.886252
0.886252
0.886285
0.886285
0.886162
0.886162
0.886269
0.886269
0.88627
0.88627
0.886213
0.886213
0.886213
0.886213
0.886186
0.886186
0.886186
0.886186
0.88609
0.88609
0.88609
0.88609
0.886023
0.886023
0.886126
0.886126
0.886138
0.886138
0.88619
0.88619
0.886225
0.886225
0.886105
0.886105
0.886088
0.886088
0.886213
0.886213
0.886156
0.886156
0.886159
0.886159
0.886242
0.886242
0.886327
0.886327
0.886293
0.886293
0.886283
0.886283
0.88635
0.88635
0.886269
0.886269
0.886204
0.886204
0.886322
0.886322
0.886407
0.886407
0.886366
0.886366
0.886366
0.886366
0.886139
0.886139
0.886139
0.886139
0.886204
0.886204
0.886204
0.886204
0.886144
0.886144
0.886197
0.886197
0.886264
0.886264
0.886205
0.886205
0.886367
0.886367
0.886338
0.886338
0.886222
0.886222
0.886242
0.886242
0.886213
0.886213
0.886137
0.886137
0.886335
0.886335
0.88619
0.88619
0.88617
0.88617
0.886359
0.886359
0.886284
0.886284
0.886253
0.886253
0.88617
0.88617
0.88629
0.88629
0.886245
0.886245
0.886268
0.886268
0.886268
0.886268
0.886182
0.886182
0.886182
0.886182
0.886021
0.886021
0.886021
0.886021
0.885976
0.885976
0.886063
0.886063
0.886083
0.886083
0.886062
0.886062
0.886253
0.886253
0.886265
0.886265
0.886219
0.886219
0.886027
0.886027
0.886024
0.886024
0.886114
0.886114
0.886036
0.886036
0.885901
0.885901
0.885976
0.885976
0.886025
0.886025
0.886052
0.886052
0.885914
0.885914
0.886
0.886
0.885926
0.885926
0.8859
0.8859
0.885908
0.885908
0.885908
0.885908
0.885911
0.885911
0.885911
0.885911
0.885994
0.885994
0.885994
0.885994
0.885832
0.885832
0.885935
0.885935
0.886083
0.886083
0.88612
0.88612
0.886028
0.886028
0.886004
0.886004
0.886126
0.886126
0.885983
0.885983
0.886157
0.886157
0.886158
0.886158
0.88615
0.88615
0.886197
0.886197
0.886333
0.886333
0.886219
0.886219
0.88629
0.88629
0.886236
0.886236
0.886068
0.886068
0.886238
0.886238
0.886056
0.886056
0.886056
0.886056
0.886195
0.886195
0.886195
0.886195
0.886224
0.886224
0.886158
0.886158
0.886029
0.886029
0.886022
0.886022
0.886071
0.886071
0.886081
0.886081
0.886139
0.886139
0.886154
0.886154
0.886443
0.886443
0.886323
0.886323
0.886366
0.886366
0.886407
0.886407
0.886455
0.886455
0.886393
0.886393
0.886387
0.886387
0.88664
0.88664
0.886634
0.886634
0.886358
0.886358
0.886621
0.886621
0.886621
0.886621
0.886391
0.886391
0.886391
0.886391
0.88637
0.88637
0.886407
0.886407
0.886627
0.886627
0.886645
0.886645
0.886661
0.886661
0.886293
0.886293
0.886243
0.886243
0.886455
0.886455
0.886538
0.886538
0.886422
0.886422
0.886484
0.886484
0.886515
0.886515
0.88641
0.88641
0.886314
0.886314
0.886234
0.886234
0.886329
0.886329
0.886378
0.886378
0.886247
0.886247
0.886393
0.886393
0.886393
0.886393
0.886314
0.886314
0.886314
0.886314
0.886234
0.886234
0.886225
0.886225
0.886343
0.886343
0.886336
0.886336
0.88636
0.88636
0.886313
0.886313
0.886196
0.886196
0.886366
0.886366
0.886366
0.886366
0.886106
0.886106
0.886189
0.886189
0.88616
0.88616
0.886113
0.886113
0.88608
0.88608
0.88598
0.88598
0.886204
0.886204
0.886158
0.886158
0.885869
0.885869
0.886099
0.886099
0.886099
0.886099
0.885857
0.885857
0.885857
0.885857
0.886401
0.886401
0.88609
0.88609
0.886249
0.886249
0.886386
0.886386
0.885891
0.885891
0.886004
0.886004
0.886046
0.886046
0.885953
0.885953
0.885832
0.885832
0.886133
0.886133
0.886061
0.886061
0.885802
0.885802
0.885787
0.885787
0.885996
0.885996
0.885801
0.885801
0.88578
0.88578
0.886059
0.886059
0.885959
0.885959
0.886177
0.886177
0.886177
0.886177
0.885861
0.885861
0.885861
0.885861
0.88588
0.88588
0.885919
0.885919
0.886254
0.886254
0.886513
0.886513
0.886263
0.886263
0.886037
0.886037
0.886036
0.886036
0.886331
0.886331
0.8862
0.8862
0.886035
0.886035
0.886376
0.886376
0.886462
0.886462
0.886839
0.886839
0.886699
0.886699
0.886781
0.886781
0.886918
0.886918
0.887131
0.887131
0.886858
0.886858
0.887257
0.887257
0.887257
0.887257
0.886791
0.886791
0.886791
0.886791
0.886942
0.886942
0.886821
0.886821
0.887254
0.887254
0.886972
0.886972
0.886775
0.886775
0.886885
0.886885
0.88675
0.88675
0.886725
0.886725
0.886552
0.886552
0.886484
0.886484
0.886591
0.886591
0.886178
0.886178
0.886323
0.886323
0.88647
0.88647
0.88635
0.88635
0.886566
0.886566
0.886455
0.886455
0.886428
0.886428
0.886527
0.886527
0.886527
0.886527
0.886428
0.886428
0.886428
0.886428
0.886479
0.886479
0.886348
0.886348
0.886665
0.886665
0.886427
0.886427
0.886373
0.886373
0.886369
0.886369
0.886136
0.886136
0.886731
0.886731
0.886594
0.886594
0.886192
0.886192
0.886266
0.886266
0.88626
0.88626
0.886642
0.886642
0.886445
0.886445
0.886311
0.886311
0.886401
0.886401
0.886248
0.886248
0.886449
0.886449
0.886055
0.886055
0.886055
0.886055
0.886441
0.886441
0.886441
0.886441
0.88563
0.88563
0.885172
0.885172
0.884757
0.884757
0.884236
0.884236
0.884406
0.884406
0.885441
0.885441
0.885274
0.885274
0.884645
0.884645
0.884447
0.884447
0.884912
0.884912
0.884959
0.884959
0.88357
0.88357
0.884455
0.884455
0.885495
0.885495
0.885941
0.885941
0.885462
0.885462
0.885776
0.885776
0.886141
0.886141
0.885843
0.885843
0.885843
0.885843
0.886481
0.886481
0.886424
0.886424
0.886838
0.886838
0.887233
0.887233
0.88614
0.88614
0.886353
0.886353
0.886324
0.886324
0.88673
0.88673
0.886779
0.886779
0.886292
0.886292
0.887255
0.887255
0.887053
0.887053
0.886991
0.886991
0.886889
0.886889
0.886692
0.886692
0.886877
0.886877
0.886412
0.886412
0.886383
0.886383
0.886679
0.886679
0.886449
0.886449
0.886599
0.886599
0.886599
0.886599
0.88673
0.88673
0.88673
0.88673
0.886667
0.886667
0.886697
0.886697
0.886382
0.886382
0.886377
0.886377
0.88629
0.88629
0.886967
0.886967
0.886536
0.886536
0.886242
0.886242
0.886179
0.886179
0.886797
0.886797
0.8863
0.8863
0.886192
0.886192
0.886379
0.886379
0.88648
0.88648
0.886901
0.886901
0.886507
0.886507
0.886672
0.886672
0.886723
0.886723
0.887127
0.887127
0.887127
0.887127
0.886634
0.886634
0.886634
0.886634
0.886918
0.886918
0.886764
0.886764
0.886977
0.886977
0.887599
0.887599
0.887113
0.887113
0.887165
0.887165
0.88721
0.88721
0.886832
0.886832
0.886823
0.886823
0.886689
0.886689
0.88688
0.88688
0.886351
0.886351
0.886851
0.886851
0.886441
0.886441
0.886365
0.886365
0.886225
0.886225
0.885536
0.885536
0.886097
0.886097
0.884976
0.884976
0.884976
0.884976
0.886296
0.886296
0.886296
0.886296
0.884757
0.884757
0.883746
0.883746
0.883537
0.883537
0.884236
0.884236
0.883542
0.883542
0.883327
0.883327
0.88304
0.88304
0.882781
0.882781
0.884406
0.884406
0.883307
0.883307
0.884645
0.884645
0.8829
0.8829
0.882874
0.882874
0.883001
0.883001
0.884447
0.884447
0.8833
0.8833
0.88357
0.88357
0.883052
0.883052
0.883556
0.883556
0.884352
0.884352
0.884455
0.884455
0.884425
0.884425
0.885462
0.885462
0.883997
0.883997
0.884456
0.884456
0.884835
0.884835
0.885776
0.885776
0.885201
0.885201
0.88517
0.88517
0.885203
0.885203
0.885203
0.885203
0.885843
0.885843
0.885843
0.885843
0.88614
0.88614
0.885539
0.885539
0.885534
0.885534
0.886353
0.886353
0.88529
0.88529
0.886276
0.886276
0.886339
0.886339
0.886632
0.886632
0.886324
0.886324
0.887304
0.887304
0.886292
0.886292
0.886712
0.886712
0.887361
0.887361
0.887357
0.887357
0.887255
0.887255
0.887906
0.887906
0.886889
0.886889
0.887529
0.887529
0.888623
0.888623
0.887695
0.887695
0.886692
0.886692
0.887189
0.887189
0.886383
0.886383
0.88849
0.88849
0.888105
0.888105
0.886989
0.886989
0.886679
0.886679
0.887706
0.887706
0.887706
0.887706
0.886901
0.886901
0.886901
0.886901
0.886599
0.886599
0.886599
0.886599
0.886382
0.886382
0.886806
0.886806
0.886814
0.886814
0.886377
0.886377
0.88764
0.88764
0.887329
0.887329
0.887699
0.887699
0.886271
0.886271
0.88629
0.88629
0.886895
0.886895
0.886242
0.886242
0.888
0.888
0.887795
0.887795
0.886549
0.886549
0.886179
0.886179
0.886673
0.886673
0.886192
0.886192
0.886754
0.886754
0.887276
0.887276
0.88742
0.88742
0.886379
0.886379
0.887126
0.887126
0.886507
0.886507
0.888015
0.888015
0.888037
0.888037
0.887229
0.887229
0.886672
0.886672
0.887844
0.887844
0.887844
0.887844
0.887322
0.887322
0.887322
0.887322
0.887127
0.887127
0.887127
0.887127
0.886977
0.886977
0.887364
0.887364
0.886968
0.886968
0.887599
0.887599
0.887871
0.887871
0.887719
0.887719
0.887141
0.887141
0.88748
0.88748
0.887113
0.887113
0.887455
0.887455
0.886832
0.886832
0.886425
0.886425
0.886728
0.886728
0.886805
0.886805
0.886823
0.886823
0.886672
0.886672
0.886351
0.886351
0.885723
0.885723
0.884963
0.884963
0.885827
0.885827
0.886851
0.886851
0.884795
0.884795
0.886225
0.886225
0.884161
0.884161
0.884154
0.884154
0.884268
0.884268
0.885536
0.885536
0.883913
0.883913
0.883913
0.883913
0.884001
0.884001
0.884001
0.884001
0.884976
0.884976
0.884976
0.884976
0.883542
0.883542
0.884355
0.884355
0.884202
0.884202
0.883327
0.883327
0.885628
0.885628
0.885205
0.885205
0.884887
0.884887
0.884303
0.884303
0.88304
0.88304
0.883796
0.883796
0.8829
0.8829
0.884782
0.884782
0.884631
0.884631
0.884143
0.884143
0.882874
0.882874
0.883726
0.883726
0.883052
0.883052
0.884355
0.884355
0.884669
0.884669
0.884143
0.884143
0.883556
0.883556
0.884852
0.884852
0.883997
0.883997
0.885121
0.885121
0.885196
0.885196
0.884979
0.884979
0.884456
0.884456
0.885428
0.885428
0.885428
0.885428
0.884985
0.884985
0.885053
0.885053
0.885201
0.885201
0.88517
0.88517
0.88529
0.88529
0.885606
0.885606
0.885679
0.885679
0.886276
0.886276
0.885708
0.885708
0.88568
0.88568
0.885907
0.885907
0.886483
0.886483
0.886339
0.886339
0.887131
0.887131
0.886712
0.886712
0.886656
0.886656
0.886917
0.886917
0.887211
0.887211
0.887361
0.887361
0.887931
0.887931
0.887529
0.887529
0.886997
0.886997
0.887732
0.887732
0.887927
0.887927
0.888623
0.888623
0.888258
0.888258
0.88849
0.88849
0.887785
0.887785
0.887798
0.887798
0.888289
0.888289
0.888105
0.888105
0.887682
0.887682
0.887682
0.887682
0.888553
0.888553
0.888553
0.888553
0.887706
0.887706
0.887706
0.887706
0.88764
0.88764
0.888022
0.888022
0.887747
0.887747
0.887329
0.887329
0.887978
0.887978
0.888255
0.888255
0.887882
0.887882
0.888127
0.888127
0.887699
0.887699
0.888093
0.888093
0.888
0.888
0.887999
0.887999
0.887856
0.887856
0.8877
0.8877
0.887795
0.887795
0.88761
0.88761
0.886754
0.886754
0.887695
0.887695
0.88747
0.88747
0.88791
0.88791
0.887276
0.887276
0.888012
0.888012
0.888015
0.888015
0.887329
0.887329
0.887422
0.887422
0.887964
0.887964
0.888037
0.888037
0.88738
0.88738
0.88738
0.88738
0.888085
0.888085
0.888085
0.888085
0.887844
0.887844
0.887844
0.887844
0.887871
0.887871
0.888284
0.888284
0.888369
0.888369
0.887719
0.887719
0.887313
0.887313
0.887362
0.887362
0.886712
0.886712
0.887426
0.887426
0.887141
0.887141
0.886936
0.886936
0.886425
0.886425
0.886467
0.886467
0.885945
0.885945
0.886665
0.886665
0.886728
0.886728
0.886075
0.886075
0.885723
0.885723
0.885828
0.885828
0.885852
0.885852
0.88547
0.88547
0.884963
0.884963
0.884598
0.884598
0.884161
0.884161
0.885637
0.885637
0.885684
0.885684
0.884393
0.884393
0.884154
0.884154
0.885734
0.885734
0.885734
0.885734
0.884553
0.884553
0.884553
0.884553
0.883913
0.883913
0.883913
0.883913
0.88579
0.88579
0.885652
0.885652
0.88591
0.88591
0.885858
0.885858
0.885815
0.885815
0.885632
0.885632
0.88546
0.88546
0.885584
0.885584
0.885677
0.885677
0.885209
0.885209
0.885409
0.885409
0.885699
0.885699
0.885674
0.885674
0.885375
0.885375
0.885398
0.885398
0.885693
0.885693
0.885834
0.885834
0.885605
0.885605
0.885919
0.885919
0.885919
0.885919
0.88571
0.88571
0.88571
0.88571
0.885852
0.885852
0.885864
0.885864
0.885926
0.885926
0.886018
0.886018
0.8862
0.8862
0.886108
0.886108
0.886137
0.886137
0.886387
0.886387
0.886569
0.886569
0.886457
0.886457
0.886786
0.886786
0.88654
0.88654
0.886658
0.886658
0.887205
0.887205
0.887269
0.887269
0.88689
0.88689
0.886921
0.886921
0.88752
0.88752
0.88689
0.88689
0.88689
0.88689
0.887559
0.887559
0.887559
0.887559
0.887586
0.887586
0.887367
0.887367
0.886919
0.886919
0.887027
0.887027
0.886993
0.886993
0.887372
0.887372
0.887452
0.887452
0.886974
0.886974
0.887138
0.887138
0.887523
0.887523
0.887385
0.887385
0.887132
0.887132
0.887188
0.887188
0.887193
0.887193
0.886868
0.886868
0.887014
0.887014
0.886732
0.886732
0.886896
0.886896
0.88665
0.88665
0.88665
0.88665
0.886693
0.886693
0.886693
0.886693
0.886621
0.886621
0.886517
0.886517
0.886565
0.886565
0.886459
0.886459
0.886351
0.886351
0.886413
0.886413
0.88615
0.88615
0.886253
0.886253
0.88636
0.88636
0.885885
0.885885
0.885971
0.885971
0.886147
0.886147
0.88603
0.88603
0.886054
0.886054
0.885905
0.885905
0.886073
0.886073
0.885991
0.885991
0.885902
0.885902
0.88595
0.88595
0.88595
0.88595
0.885788
0.885788
0.885788
0.885788
0.885908
0.885908
0.885877
0.885877
0.885924
0.885924
0.885837
0.885837
0.885771
0.885771
0.885702
0.885702
0.885643
0.885643
0.885604
0.885604
0.885766
0.885766
0.885801
0.885801
0.88593
0.88593
0.885866
0.885866
0.885856
0.885856
0.88581
0.88581
0.88577
0.88577
0.885812
0.885812
0.885894
0.885894
0.885854
0.885854
0.885926
0.885926
0.885926
0.885926
0.885916
0.885916
0.885916
0.885916
0.885913
0.885913
0.885961
0.885961
0.885935
0.885935
0.886
0.886
0.886203
0.886203
0.886155
0.886155
0.886276
0.886276
0.886211
0.886211
0.886312
0.886312
0.886332
0.886332
0.886488
0.886488
0.886449
0.886449
0.886607
0.886607
0.88653
0.88653
0.886548
0.886548
0.886515
0.886515
0.886613
0.886613
0.886557
0.886557
0.886591
0.886591
0.886591
0.886591
0.886549
0.886549
0.886549
0.886549
0.886548
0.886548
0.886639
0.886639
0.886596
0.886596
0.886609
0.886609
0.886803
0.886803
0.886735
0.886735
0.886895
0.886895
0.886943
0.886943
0.88687
0.88687
0.886889
0.886889
0.886818
0.886818
0.886857
0.886857
0.886887
0.886887
0.886933
0.886933
0.886864
0.886864
0.88682
0.88682
0.886722
0.886722
0.886782
0.886782
0.886608
0.886608
0.886608
0.886608
0.886617
0.886617
0.886617
0.886617
0.886648
0.886648
0.886493
0.886493
0.886574
0.886574
0.88646
0.88646
0.886338
0.886338
0.88638
0.88638
0.886225
0.886225
0.886264
0.886264
0.886212
0.886212
0.88624
0.88624
0.886165
0.886165
0.886213
0.886213
0.886162
0.886162
0.886097
0.886097
0.885952
0.885952
0.885934
0.885934
0.885944
0.885944
0.885923
0.885923
0.885919
0.885919
0.885919
0.885919
0.885909
0.885909
0.885909
0.885909
0.88593
0.88593
0.885893
0.885893
0.885865
0.885865
0.885698
0.885698
0.885635
0.885635
0.885842
0.885842
0.885901
0.885901
0.885784
0.885784
0.88579
0.88579
0.885915
0.885915
0.885961
0.885961
0.885961
0.885961
0.886009
0.886009
0.886009
0.886009
0.886049
0.886049
0.885981
0.885981
0.886148
0.886148
0.88617
0.88617
0.886239
0.886239
0.886177
0.886177
0.886462
0.886462
0.886491
0.886491
0.886536
0.886536
0.886425
0.886425
0.886351
0.886351
0.886351
0.886351
0.886528
0.886528
0.886528
0.886528
0.886508
0.886508
0.886635
0.886635
0.886521
0.886521
0.886716
0.886716
0.886947
0.886947
0.886832
0.886832
0.88681
0.88681
0.886815
0.886815
0.886799
0.886799
0.886794
0.886794
0.88646
0.88646
0.88646
0.88646
0.886668
0.886668
0.886668
0.886668
0.886507
0.886507
0.886448
0.886448
0.886114
0.886114
0.886297
0.886297
0.886237
0.886237
0.886178
0.886178
0.886237
0.886237
0.886132
0.886132
0.885861
0.885861
0.885909
0.885909
0.885874
0.885874
0.885874
0.885874
0.885892
0.885892
0.885892
0.885892
0.886143
0.886143
0.886143
0.886143
0.886143
0.886143
0.886143
0.886143
0.88611
0.88611
0.88611
0.88611
0.886081
0.886081
0.886081
0.886081
0.886112
0.886112
0.886112
0.886112
0.886081
0.886081
0.886081
0.886081
0.88637
0.88637
0.886122
0.886122
0.886242
0.886242
0.886193
0.886193
0.886183
0.886183
0.886362
0.886362
0.885906
0.885906
0.885914
0.885914
0.886005
0.886005
0.885991
0.885991
0.885926
0.885926
0.88591
0.88591
0.88662
0.88662
0.886393
0.886393
0.886379
0.886379
0.886598
0.886598
0.886066
0.886066
0.885844
0.885844
0.885864
0.885864
0.886102
0.886102
0.887251
0.887251
0.886849
0.886849
0.886773
0.886773
0.887255
0.887255
0.886066
0.886066
0.886439
0.886439
0.886488
0.886488
0.886068
0.886068
0.886517
0.886517
0.886798
0.886798
0.886743
0.886743
0.886625
0.886625
0.884794
0.884794
0.886183
0.886183
0.886387
0.886387
0.885118
0.885118
0.887557
0.887557
0.88691
0.88691
0.886517
0.886517
0.886625
0.886625
0.88697
0.88697
0.887816
0.887816
0.883798
0.883798
0.883976
0.883976
0.883542
0.883542
0.883746
0.883746
0.884757
0.884757
0.884794
0.884794
0.885118
0.885118
0.884106
0.884106
0.883971
0.883971
0.887712
0.887712
0.888468
0.888468
0.887557
0.887557
0.887816
0.887816
0.88862
0.88862
0.88768
0.88768
0.885708
0.885708
0.884592
0.884592
0.883798
0.883798
0.883971
0.883971
0.884589
0.884589
0.885747
0.885747
0.886864
0.886864
0.88757
0.88757
0.887597
0.887597
0.886887
0.886887
0.885942
0.885942
0.885834
0.885834
0.885778
0.885778
0.885933
0.885933
0.886585
0.886585
0.88649
0.88649
0.88651
0.88651
0.886515
0.886515
0.885837
0.885837
0.885862
0.885862
0.885854
0.885854
0.885916
0.885916
0.886388
0.886388
0.886539
0.886539
0.886498
0.886498
0.886368
0.886368
0.885849
0.885849
0.885894
0.885894
0.885873
0.885873
0.885945
0.885945
0.886076
0.886076
0.886076
0.886076
0.886215
0.886215
0.886215
0.886215
0.886066
0.886066
0.886066
0.886066
0.88604
0.88604
0.88604
0.88604
0.88621
0.88621
0.886151
0.886151
0.886078
0.886078
0.886081
0.886081
0.886182
0.886182
0.886216
0.886216
0.886268
0.886268
0.886197
0.886197
0.886045
0.886045
0.886009
0.886009
0.886236
0.886236
0.886271
0.886271
0.886013
0.886013
0.886207
0.886207
0.886206
0.886206
0.885995
0.885995
0.886437
0.886437
0.886328
0.886328
0.886331
0.886331
0.886422
0.886422
0.886205
0.886205
0.885829
0.885829
0.885897
0.885897
0.886163
0.886163
0.886568
0.886568
0.886427
0.886427
0.886473
0.886473
0.886498
0.886498
0.885991
0.885991
0.886554
0.886554
0.886367
0.886367
0.88584
0.88584
0.887205
0.887205
0.886579
0.886579
0.886604
0.886604
0.887038
0.887038
0.885314
0.885314
0.885352
0.885352
0.885991
0.885991
0.88584
0.88584
0.885013
0.885013
0.885014
0.885014
0.887926
0.887926
0.8874
0.8874
0.887205
0.887205
0.887038
0.887038
0.887203
0.887203
0.887907
0.887907
0.885502
0.885502
0.885049
0.885049
0.885314
0.885314
0.885014
0.885014
0.884967
0.884967
0.88536
0.88536
0.887374
0.887374
0.888164
0.888164
0.887926
0.887926
0.887907
0.887907
0.888083
0.888083
0.887405
0.887405
0.885975
0.885975
0.88573
0.88573
0.88573
0.88573
0.885933
0.885933
0.886595
0.886595
0.886641
0.886641
0.886755
0.886755
0.886604
0.886604
0.885928
0.885928
0.885882
0.885882
0.885883
0.885883
0.885927
0.885927
0.886601
0.886601
0.886665
0.886665
0.886691
0.886691
0.886621
0.886621
0.885958
0.885958
0.886022
0.886022
0.885994
0.885994
0.886008
0.886008
0.886375
0.886375
0.886639
0.886639
0.886673
0.886673
0.886504
0.886504
0.886047
0.886047
0.886047
0.886047
0.886214
0.886214
0.886214
0.886214
0.886088
0.886088
0.886098
0.886098
0.886054
0.886054
0.886119
0.886119
0.885982
0.885982
0.88615
0.88615
0.886367
0.886367
0.886084
0.886084
0.885203
0.885203
0.885203
0.885203
0.885203
0.885203
0.885203
0.885203
0.886901
0.886901
0.886901
0.886901
0.886901
0.886901
0.886901
0.886901
0.887322
0.887322
0.887322
0.887322
0.887322
0.887322
0.887322
0.887322
0.884001
0.884001
0.884001
0.884001
0.884001
0.884001
0.884001
0.884001
