4
2500
0.886736
0.886736
0.886815
0.886815
0.886605
0.886605
0.886419
0.886419
0.886329
0.886329
0.886552
0.886552
0.886188
0.886188
0.886589
0.886589
0.886504
0.886504
0.88657
0.88657
0.886454
0.886454
0.886097
0.886097
0.88644
0.88644
0.886077
0.886077
0.887096
0.887096
0.886688
0.886688
0.887076
0.887076
0.886878
0.886878
0.88752
0.88752
0.887009
0.887009
0.887423
0.887423
0.887639
0.887639
0.887899
0.887899
0.887935
0.887935
0.887814
0.887814
0.88767
0.88767
0.887786
0.887786
0.888239
0.888239
0.887508
0.887508
0.887933
0.887933
0.887337
0.887337
0.887744
0.887744
0.887338
0.887338
0.888249
0.888249
0.88681
0.88681
0.888373
0.888373
0.886571
0.886571
0.888558
0.888558
0.886755
0.886755
0.888315
0.888315
0.886622
0.886622
0.888411
0.888411
0.886279
0.886279
0.888121
0.888121
0.886268
0.886268
0.887966
0.887966
0.886286
0.886286
0.888109
0.888109
0.886124
0.886124
0.887966
0.887966
0.886316
0.886316
0.888192
0.888192
0.886362
0.886362
0.887211
0.887211
0.886488
0.886488
0.88692
0.88692
0.886406
0.886406
0.886844
0.886844
0.886443
0.886443
0.886597
0.886597
0.885874
0.885874
0.886787
0.886787
0.886422
0.886422
0.886542
0.886542
0.886605
0.886605
0.886419
0.886419
0.886378
0.886378
0.886322
0.886322
0.886317
0.886317
0.886312
0.886312
0.886137
0.886137
0.88613
0.88613
0.886313
0.886313
0.886509
0.886509
0.886168
0.886168
0.886429
0.886429
0.887033
0.887033
0.887238
0.887238
0.88746
0.88746
0.88736
0.88736
0.887204
0.887204
0.887488
0.887488
0.887823
0.887823
0.888229
0.888229
0.88845
0.88845
0.888373
0.888373
0.88835
0.88835
0.888121
0.888121
0.888284
0.888284
0.887881
0.887881
0.887629
0.887629
0.88758
0.88758
0.88698
0.88698
0.886294
0.886294
0.886317
0.886317
0.886407
0.886407
0.886416
0.886416
0.886503
0.886503
0.886378
0.886378
0.886664
0.886664
0.886652
0.886652
0.886479
0.886479
0.886184
0.886184
0.88646
0.88646
0.886725
0.886725
0.886895
0.886895
0.886908
0.886908
0.886796
0.886796
0.886659
0.886659
0.886519
0.886519
0.886813
0.886813
0.886983
0.886983
0.887296
0.887296
0.887257
0.887257
0.887438
0.887438
0.887692
0.887692
0.887742
0.887742
0.887971
0.887971
0.88788
0.88788
0.887737
0.887737
0.887912
0.887912
0.887859
0.887859
0.887554
0.887554
0.887251
0.887251
0.887185
0.887185
0.88701
0.88701
0.886521
0.886521
0.886107
0.886107
0.886205
0.886205
0.886327
0.886327
0.886492
0.886492
0.886664
0.886664
0.886652
0.886652
0.886636
0.886636
0.886531
0.886531
0.886437
0.886437
0.88669
0.88669
0.886848
0.886848
0.886872
0.886872
0.886934
0.886934
0.886839
0.886839
0.886695
0.886695
0.886538
0.886538
0.886408
0.886408
0.886706
0.886706
0.886969
0.886969
0.887223
0.887223
0.887453
0.887453
0.887547
0.887547
0.88744
0.88744
0.88723
0.88723
0.887227
0.887227
0.887348
0.887348
0.887334
0.887334
0.887251
0.887251
0.887287
0.887287
0.887186
0.887186
0.887185
0.887185
0.887091
0.887091
0.886852
0.886852
0.886638
0.886638
0.886585
0.886585
0.886444
0.886444
0.886555
0.886555
0.886652
0.886652
0.886628
0.886628
0.886383
0.886383
0.886288
0.886288
0.886234
0.886234
0.886374
0.886374
0.886236
0.886236
0.886569
0.886569
0.886692
0.886692
0.886416
0.886416
0.886642
0.886642
0.886755
0.886755
0.887118
0.887118
0.887323
0.887323
0.887297
0.887297
0.887328
0.887328
0.88764
0.88764
0.887708
0.887708
0.888089
0.888089
0.888292
0.888292
0.888407
0.888407
0.88836
0.88836
0.888155
0.888155
0.888156
0.888156
0.88796
0.88796
0.887679
0.887679
0.887479
0.887479
0.886918
0.886918
0.886453
0.886453
0.886316
0.886316
0.886374
0.886374
0.886584
0.886584
0.886701
0.886701
0.886628
0.886628
0.886783
0.886783
0.88695
0.88695
0.886485
0.886485
0.886637
0.886637
0.88637
0.88637
0.886825
0.886825
0.88625
0.88625
0.88671
0.88671
0.886019
0.886019
0.886497
0.886497
0.886034
0.886034
0.886017
0.886017
0.886313
0.886313
0.886042
0.886042
0.886555
0.886555
0.886266
0.886266
0.886688
0.886688
0.886949
0.886949
0.886854
0.886854
0.886928
0.886928
0.887612
0.887612
0.886823
0.886823
0.887642
0.887642
0.887256
0.887256
0.887791
0.887791
0.887798
0.887798
0.887976
0.887976
0.887928
0.887928
0.887744
0.887744
0.887963
0.887963
0.887612
0.887612
0.887804
0.887804
0.887844
0.887844
0.887685
0.887685
0.888497
0.888497
0.887741
0.887741
0.888724
0.888724
0.886908
0.886908
0.88845
0.88845
0.886936
0.886936
0.88862
0.88862
0.887071
0.887071
0.888362
0.888362
0.886837
0.886837
0.888201
0.888201
0.886499
0.886499
0.888131
0.888131
0.887269
0.887269
0.888069
0.888069
0.887054
0.887054
0.887857
0.887857
0.886436
0.886436
0.886892
0.886892
0.8859
0.8859
0.886333
0.886333
0.88689
0.88689
0.886633
0.886633
0.88693
0.88693
0.886415
0.886415
0.886627
0.886627
0.886499
0.886499
0.886472
0.886472
0.886265
0.886265
0.886863
0.886863
0.886485
0.886485
0.88695
0.88695
0.886762
0.886762
0.887721
0.887721
0.887621
0.887621
0.886757
0.886757
0.886774
0.886774
0.888077
0.888077
0.886758
0.886758
0.887888
0.887888
0.886773
0.886773
0.887951
0.887951
0.886804
0.886804
0.888007
0.888007
0.886824
0.886824
0.887914
0.887914
0.886819
0.886819
0.887709
0.887709
0.886779
0.886779
0.887418
0.887418
0.88681
0.88681
0.886995
0.886995
0.886836
0.886836
0.886888
0.886888
0.88684
0.88684
0.886391
0.886391
0.886879
0.886879
0.886062
0.886062
0.886923
0.886923
0.886158
0.886158
0.886958
0.886958
0.886281
0.886281
0.886927
0.886927
0.886618
0.886618
0.886893
0.886893
0.886624
0.886624
0.88686
0.88686
0.886381
0.886381
0.886849
0.886849
0.886342
0.886342
0.886859
0.886859
0.886092
0.886092
0.886876
0.886876
0.886403
0.886403
0.886894
0.886894
0.886518
0.886518
0.886939
0.886939
0.886682
0.886682
0.88697
0.88697
0.886662
0.886662
0.887008
0.887008
0.886541
0.886541
0.886991
0.886991
0.886557
0.886557
0.886938
0.886938
0.88645
0.88645
0.8869
0.8869
0.886795
0.886795
0.886908
0.886908
0.887037
0.887037
0.886885
0.886885
0.887199
0.887199
0.886822
0.886822
0.88723
0.88723
0.886768
0.886768
0.887453
0.887453
0.887621
0.887621
0.886757
0.886757
0.886843
0.886843
0.886793
0.886793
0.886759
0.886759
0.886727
0.886727
0.886708
0.886708
0.88672
0.88672
0.886748
0.886748
0.886768
0.886768
0.886813
0.886813
0.886862
0.886862
0.886912
0.886912
0.886939
0.886939
0.886948
0.886948
0.886946
0.886946
0.886952
0.886952
0.886976
0.886976
0.886976
0.886976
0.886952
0.886952
0.88693
0.88693
0.886913
0.886913
0.886919
0.886919
0.886944
0.886944
0.886961
0.886961
0.886974
0.886974
0.88697
0.88697
0.886972
0.886972
0.886975
0.886975
0.886947
0.886947
0.886939
0.886939
0.88693
0.88693
0.886895
0.886895
0.886869
0.886869
0.886843
0.886843
0.886901
0.886901
0.886793
0.886793
0.886901
0.886901
0.886793
0.886793
0.886901
0.886901
0.886759
0.886759
0.886901
0.886901
0.886708
0.886708
0.886901
0.886901
0.886708
0.886708
0.886901
0.886901
0.886748
0.886748
0.886901
0.886901
0.886748
0.886748
0.886901
0.886901
0.886768
0.886768
0.886901
0.886901
0.886862
0.886862
0.886901
0.886901
0.886912
0.886912
0.886901
0.886901
0.886912
0.886912
0.886901
0.886901
0.886939
0.886939
0.886901
0.886901
0.886946
0.886946
0.886901
0.886901
0.886952
0.886952
0.886901
0.886901
0.886976
0.886976
0.886901
0.886901
0.886976
0.886976
0.886901
0.886901
0.886952
0.886952
0.886901
0.886901
0.88693
0.88693
0.886901
0.886901
0.88693
0.88693
0.886901
0.886901
0.886919
0.886919
0.886901
0.886901
0.886944
0.886944
0.886901
0.886901
0.886961
0.886961
0.886901
0.886901
0.886974
0.886974
0.886901
0.886901
0.886974
0.886974
0.886901
0.886901
0.886972
0.886972
0.886901
0.886901
0.886975
0.886975
0.886901
0.886901
0.886947
0.886947
0.886901
0.886901
0.886947
0.886947
0.886901
0.886901
0.88693
0.88693
0.886901
0.886901
0.88693
0.88693
0.886901
0.886901
0.886895
0.886895
0.886901
0.886901
0.886869
0.886869
0.886122
0.886122
0.883597
0.883597
0.883795
0.883795
0.885808
0.885808
0.886545
0.886545
0.883429
0.883429
0.886515
0.886515
0.883287
0.883287
0.886787
0.886787
0.88295
0.88295
0.886649
0.886649
0.882842
0.882842
0.886597
0.886597
0.882939
0.882939
0.886727
0.886727
0.883093
0.883093
0.886684
0.886684
0.882695
0.882695
0.886885
0.886885
0.883007
0.883007
0.88588
0.88588
0.883666
0.883666
0.885506
0.885506
0.88394
0.88394
0.885309
0.885309
0.884235
0.884235
0.884901
0.884901
0.8843
0.8843
0.884855
0.884855
0.884275
0.884275
0.884375
0.884375
0.884685
0.884685
0.884046
0.884046
0.885196
0.885196
0.884134
0.884134
0.8858
0.8858
0.883741
0.883741
0.886161
0.886161
0.883606
0.883606
0.8862
0.8862
0.88339
0.88339
0.886314
0.886314
0.882769
0.882769
0.886199
0.886199
0.882588
0.882588
0.886473
0.886473
0.883143
0.883143
0.886107
0.886107
0.883315
0.883315
0.885849
0.885849
0.883438
0.883438
0.885829
0.885829
0.884167
0.884167
0.885173
0.885173
0.884603
0.884603
0.884399
0.884399
0.884438
0.884438
0.884305
0.884305
0.885168
0.885168
0.884284
0.884284
0.88506
0.88506
0.884147
0.884147
0.885086
0.885086
0.884089
0.884089
0.883795
0.883795
0.885808
0.885808
0.883953
0.883953
0.883932
0.883932
0.883553
0.883553
0.883963
0.883963
0.883488
0.883488
0.883387
0.883387
0.883189
0.883189
0.883075
0.883075
0.882841
0.882841
0.883279
0.883279
0.882641
0.882641
0.88311
0.88311
0.882806
0.882806
0.88329
0.88329
0.883074
0.883074
0.883258
0.883258
0.883234
0.883234
0.8831
0.8831
0.883405
0.883405
0.883135
0.883135
0.884158
0.884158
0.883225
0.883225
0.884294
0.884294
0.883584
0.883584
0.884467
0.884467
0.88384
0.88384
0.884926
0.884926
0.884063
0.884063
0.884836
0.884836
0.884332
0.884332
0.884877
0.884877
0.884677
0.884677
0.885319
0.885319
0.884959
0.884959
0.88609
0.88609
0.885257
0.885257
0.886538
0.886538
0.885656
0.885656
0.886475
0.886475
0.885741
0.885741
0.886799
0.886799
0.885914
0.885914
0.886652
0.886652
0.885926
0.885926
0.88651
0.88651
0.885867
0.885867
0.886566
0.886566
0.885732
0.885732
0.886607
0.886607
0.885584
0.885584
0.886363
0.886363
0.885075
0.885075
0.885238
0.885238
0.884805
0.884805
0.884677
0.884677
0.884263
0.884263
0.884797
0.884797
0.883882
0.883882
0.884413
0.884413
0.883968
0.883968
0.884358
0.884358
0.88394
0.88394
0.883957
0.883957
0.884106
0.884106
0.883953
0.883953
0.883963
0.883963
0.883743
0.883743
0.883914
0.883914
0.883444
0.883444
0.883294
0.883294
0.883505
0.883505
0.883587
0.883587
0.883636
0.883636
0.883748
0.883748
0.883569
0.883569
0.883381
0.883381
0.883206
0.883206
0.883317
0.883317
0.883647
0.883647
0.883964
0.883964
0.884262
0.884262
0.884528
0.884528
0.884785
0.884785
0.884839
0.884839
0.884756
0.884756
0.884892
0.884892
0.884967
0.884967
0.885063
0.885063
0.885024
0.885024
0.884992
0.884992
0.884878
0.884878
0.884854
0.884854
0.884644
0.884644
0.884255
0.884255
0.884023
0.884023
0.883809
0.883809
0.883771
0.883771
0.883854
0.883854
0.883914
0.883914
0.883608
0.883608
0.883589
0.883589
0.883729
0.883729
0.883778
0.883778
0.88376
0.88376
0.883762
0.883762
0.883757
0.883757
0.883799
0.883799
0.883762
0.883762
0.883704
0.883704
0.883638
0.883638
0.883567
0.883567
0.883599
0.883599
0.883811
0.883811
0.88403
0.88403
0.884222
0.884222
0.884319
0.884319
0.884392
0.884392
0.884367
0.884367
0.884331
0.884331
0.884434
0.884434
0.884427
0.884427
0.884454
0.884454
0.884552
0.884552
0.884562
0.884562
0.884512
0.884512
0.884477
0.884477
0.884347
0.884347
0.8841
0.8841
0.883943
0.883943
0.883868
0.883868
0.88376
0.88376
0.883589
0.883589
0.883766
0.883766
0.883754
0.883754
0.883766
0.883766
0.883752
0.883752
0.883757
0.883757
0.883752
0.883752
0.883753
0.883753
0.883754
0.883754
0.883761
0.883761
0.883779
0.883779
0.88374
0.88374
0.883717
0.883717
0.883742
0.883742
0.883805
0.883805
0.883857
0.883857
0.883902
0.883902
0.883894
0.883894
0.883908
0.883908
0.883969
0.883969
0.884022
0.884022
0.884035
0.884035
0.884063
0.884063
0.884176
0.884176
0.884239
0.884239
0.884279
0.884279
0.884255
0.884255
0.884173
0.884173
0.884058
0.884058
0.884057
0.884057
0.884033
0.884033
0.883938
0.883938
0.883821
0.883821
0.883754
0.883754
0.883883
0.883883
0.883947
0.883947
0.883835
0.883835
0.88379
0.88379
0.883759
0.883759
0.883761
0.883761
0.883782
0.883782
0.883798
0.883798
0.883841
0.883841
0.883891
0.883891
0.883944
0.883944
0.883978
0.883978
0.883996
0.883996
0.884005
0.884005
0.884023
0.884023
0.884061
0.884061
0.884076
0.884076
0.884067
0.884067
0.884058
0.884058
0.884055
0.884055
0.884071
0.884071
0.884107
0.884107
0.884132
0.884132
0.88415
0.88415
0.884147
0.884147
0.884148
0.884148
0.884147
0.884147
0.884113
0.884113
0.884094
0.884094
0.884076
0.884076
0.884028
0.884028
0.883988
0.883988
0.883947
0.883947
0.883883
0.883883
0.884001
0.884001
0.883883
0.883883
0.884001
0.884001
0.883835
0.883835
0.884001
0.884001
0.883759
0.883759
0.884001
0.884001
0.883759
0.883759
0.884001
0.884001
0.883761
0.883761
0.884001
0.884001
0.883782
0.883782
0.884001
0.884001
0.883798
0.883798
0.884001
0.884001
0.883891
0.883891
0.884001
0.884001
0.883891
0.883891
0.884001
0.884001
0.883978
0.883978
0.884001
0.884001
0.883978
0.883978
0.884001
0.884001
0.884005
0.884005
0.884001
0.884001
0.884023
0.884023
0.884001
0.884001
0.884023
0.884023
0.884001
0.884001
0.884076
0.884076
0.884001
0.884001
0.884067
0.884067
0.884001
0.884001
0.884067
0.884067
0.884001
0.884001
0.884055
0.884055
0.884001
0.884001
0.884071
0.884071
0.884001
0.884001
0.884107
0.884107
0.884001
0.884001
0.884107
0.884107
0.884001
0.884001
0.88415
0.88415
0.884001
0.884001
0.88415
0.88415
0.884001
0.884001
0.884148
0.884148
0.884001
0.884001
0.884147
0.884147
0.884001
0.884001
0.884113
0.884113
0.884001
0.884001
0.884094
0.884094
0.884001
0.884001
0.884094
0.884094
0.884001
0.884001
0.884076
0.884076
0.884001
0.884001
0.884028
0.884028
0.884001
0.884001
0.883988
0.883988
0.884001
0.884001
0.888396
0.888396
0.888065
0.888065
0.888293
0.888293
0.888116
0.888116
0.88872
0.88872
0.888046
0.888046
0.88851
0.88851
0.887934
0.887934
0.888675
0.888675
0.887365
0.887365
0.888176
0.888176
0.887333
0.887333
0.887988
0.887988
0.887409
0.887409
0.888148
0.888148
0.887611
0.887611
0.888166
0.888166
0.887083
0.887083
0.888089
0.888089
0.886854
0.886854
0.886802
0.886802
0.886873
0.886873
0.886539
0.886539
0.887243
0.887243
0.886677
0.886677
0.887221
0.887221
0.886352
0.886352
0.887015
0.887015
0.88651
0.88651
0.886524
0.886524
0.886417
0.886417
0.886765
0.886765
0.886357
0.886357
0.886786
0.886786
0.886638
0.886638
0.887023
0.887023
0.886375
0.886375
0.886743
0.886743
0.886321
0.886321
0.88666
0.88666
0.886334
0.886334
0.886729
0.886729
0.885894
0.885894
0.886355
0.886355
0.886102
0.886102
0.885704
0.885704
0.886631
0.886631
0.886138
0.886138
0.886742
0.886742
0.886446
0.886446
0.886997
0.886997
0.886348
0.886348
0.8875
0.8875
0.887188
0.887188
0.887642
0.887642
0.887861
0.887861
0.887716
0.887716
0.88813
0.88813
0.888221
0.888221
0.888051
0.888051
0.887831
0.887831
0.88797
0.88797
0.887733
0.887733
0.888451
0.888451
0.888065
0.888065
0.888293
0.888293
0.886795
0.886795
0.886978
0.886978
0.886729
0.886729
0.886608
0.886608
0.88671
0.88671
0.886359
0.886359
0.88575
0.88575
0.886095
0.886095
0.886441
0.886441
0.88632
0.88632
0.887189
0.887189
0.887865
0.887865
0.888137
0.888137
0.888082
0.888082
0.887963
0.887963
0.888407
0.888407
0.888232
0.888232
0.888119
0.888119
0.888048
0.888048
0.887961
0.887961
0.887364
0.887364
0.88738
0.88738
0.887401
0.887401
0.887665
0.887665
0.887112
0.887112
0.886809
0.886809
0.886821
0.886821
0.887287
0.887287
0.887212
0.887212
0.887022
0.887022
0.886498
0.886498
0.886744
0.886744
0.886795
0.886795
