4
2500
0.885824
0.885824
0.885226
0.885226
0.885226
0.885226
0.885824
0.885824
0.886263
0.886263
0.886263
0.886263
0.886072
0.886072
0.886072
0.886072
0.886505
0.886505
0.886072
0.886072
0.886072
0.886072
0.886505
0.886505
0.887219
0.887219
0.887219
0.887219
0.887861
0.887861
0.887861
0.887861
0.887565
0.887565
0.887565
0.887565
0.886143
0.886143
0.886143
0.886143
0.885316
0.885316
0.885316
0.885316
0.883653
0.883653
0.88472
0.88472
0.884001
0.884001
0.885205
0.885205
0.885205
0.885205
0.886306
0.886306
0.886612
0.886612
0.885696
0.885696
0.884523
0.884523
0.883924
0.883924
0.883071
0.883071
0.882844
0.882844
0.884528
0.884528
0.883805
0.883805
0.885332
0.885332
0.886492
0.886492
0.887062
0.887062
0.886492
0.886492
0.887176
0.887176
0.887122
0.887122
0.886609
0.886609
0.885852
0.885852
0.884209
0.884209
0.885824
0.885824
0.885226
0.885226
0.886263
0.886263
0.886072
0.886072
0.886072
0.886072
0.886505
0.886505
0.887219
0.887219
0.887861
0.887861
0.887565
0.887565
0.886143
0.886143
0.885316
0.885316
0.885226
0.885226
0.885824
0.885824
0.886371
0.886371
0.886337
0.886337
0.886263
0.886263
0.88645
0.88645
0.886072
0.886072
0.886646
0.886646
0.886072
0.886072
0.886505
0.886505
0.886646
0.886646
0.886233
0.886233
0.887219
0.887219
0.886599
0.886599
0.887861
0.887861
0.887638
0.887638
0.887565
0.887565
0.887616
0.887616
0.886143
0.886143
0.887393
0.887393
0.885316
0.885316
0.886714
0.886714
0.888065
0.888065
0.88706
0.88706
0.887017
0.887017
0.887589
0.887589
0.886623
0.886623
0.88677
0.88677
0.886427
0.886427
0.886456
0.886456
0.886456
0.886456
0.886427
0.886427
0.886831
0.886831
0.886497
0.886497
0.886915
0.886915
0.886314
0.886314
0.886824
0.886824
0.887386
0.887386
0.88683
0.88683
0.888132
0.888132
0.887154
0.887154
0.888289
0.888289
0.887006
0.887006
0.888447
0.888447
0.884315
0.884315
0.886129
0.886129
0.886536
0.886536
0.88428
0.88428
0.886366
0.886366
0.884602
0.884602
0.886738
0.886738
0.885209
0.885209
0.886158
0.886158
0.885821
0.885821
0.886838
0.886838
0.886013
0.886013
0.886838
0.886838
0.886986
0.886986
0.886556
0.886556
0.886013
0.886013
0.8864
0.8864
0.886519
0.886519
0.886388
0.886388
0.887377
0.887377
0.886117
0.886117
0.886833
0.886833
0.887322
0.887322
0.886991
0.886991
0.887307
0.887307
0.887418
0.887418
0.887458
0.887458
0.887078
0.887078
0.88772
0.88772
0.887104
0.887104
0.887845
0.887845
0.886038
0.886038
0.887458
0.887458
0.886138
0.886138
0.887385
0.887385
0.885671
0.885671
0.886756
0.886756
0.884492
0.884492
0.887103
0.887103
0.88397
0.88397
0.886181
0.886181
0.88332
0.88332
0.887865
0.887865
0.886901
0.886901
0.886901
0.886901
0.887723
0.887723
0.886901
0.886901
0.886677
0.886677
0.886901
0.886901
0.886407
0.886407
0.886901
0.886901
0.886323
0.886323
0.886901
0.886901
0.886448
0.886448
0.886901
0.886901
0.88646
0.88646
0.886901
0.886901
0.886455
0.886455
0.886901
0.886901
0.886086
0.886086
0.886901
0.886901
0.886203
0.886203
0.886901
0.886901
0.886416
0.886416
0.886901
0.886901
0.886481
0.886481
0.886901
0.886901
0.887367
0.887367
0.886901
0.886901
0.887592
0.887592
0.886901
0.886901
0.887448
0.887448
0.886901
0.886901
0.887516
0.887516
0.886901
0.886901
0.888327
0.888327
0.886901
0.886901
0.888537
0.888537
0.886901
0.886901
0.888403
0.888403
0.886901
0.886901
0.888217
0.888217
0.884001
0.884001
0.884001
0.884001
0.882915
0.882915
0.88297
0.88297
0.883933
0.883933
0.884001
0.884001
0.884312
0.884312
0.884001
0.884001
0.884385
0.884385
0.884001
0.884001
0.884711
0.884711
0.884001
0.884001
0.885797
0.885797
0.884001
0.884001
0.88627
0.88627
0.884001
0.884001
0.886365
0.886365
0.884001
0.884001
0.886347
0.886347
0.884001
0.884001
0.886089
0.886089
0.884001
0.884001
0.885956
0.885956
0.884001
0.884001
0.884833
0.884833
0.884001
0.884001
0.88441
0.88441
0.884001
0.884001
0.884108
0.884108
0.884001
0.884001
0.883975
0.883975
0.884001
0.884001
0.883712
0.883712
0.884001
0.884001
0.883443
0.883443
0.884001
0.884001
0.882847
0.882847
0.884001
0.884001
0.882795
0.882795
0.884001
0.884001
0.88428
0.88428
0.884315
0.884315
0.886536
0.886536
0.887723
0.887723
0.886366
0.886366
0.884602
0.884602
0.88428
0.88428
0.886366
0.886366
0.886407
0.886407
0.886738
0.886738
0.885209
0.885209
0.886738
0.886738
0.886407
0.886407
0.886158
0.886158
0.885821
0.885821
0.886158
0.886158
0.886448
0.886448
0.886838
0.886838
0.886013
0.886013
0.886838
0.886838
0.88646
0.88646
0.886986
0.886986
0.886556
0.886556
0.886013
0.886013
0.886986
0.886986
0.88646
0.88646
0.8864
0.8864
0.886519
0.886519
0.886556
0.886556
0.8864
0.8864
0.886086
0.886086
0.886388
0.886388
0.887377
0.887377
0.886388
0.886388
0.886086
0.886086
0.886117
0.886117
0.886833
0.886833
0.886117
0.886117
0.886416
0.886416
0.887322
0.887322
0.886991
0.886991
0.887322
0.887322
0.886416
0.886416
0.887307
0.887307
0.887418
0.887418
0.886991
0.886991
0.887307
0.887307
0.886481
0.886481
0.887458
0.887458
0.887078
0.887078
0.887418
0.887418
0.887458
0.887458
0.887592
0.887592
0.88772
0.88772
0.887104
0.887104
0.88772
0.88772
0.887592
0.887592
0.887845
0.887845
0.886038
0.886038
0.887845
0.887845
0.887516
0.887516
0.887458
0.887458
0.886138
0.886138
0.887458
0.887458
0.887516
0.887516
0.887385
0.887385
0.885671
0.885671
0.886138
0.886138
0.887385
0.887385
0.888327
0.888327
0.886756
0.886756
0.884492
0.884492
0.885671
0.885671
0.886756
0.886756
0.888403
0.888403
0.887103
0.887103
0.88397
0.88397
0.887103
0.887103
0.888403
0.888403
0.886181
0.886181
0.88332
0.88332
0.886181
0.886181
0.887865
0.887865
0.886129
0.886129
0.884315
0.884315
0.886129
0.886129
0.887865
0.887865
0.886536
0.886536
0.884001
0.884001
0.886871
0.886871
0.885095
0.885095
0.885095
0.885095
0.886871
0.886871
0.884001
0.884001
0.884001
0.884001
0.886763
0.886763
0.886763
0.886763
0.887886
0.887886
0.887886
0.887886
0.886901
0.886901
0.886901
0.886901
0.886961
0.886961
0.886816
0.886816
0.884055
0.884055
0.884775
0.884775
0.886248
0.886248
0.883548
0.883548
0.884141
0.884141
0.884094
0.884094
0.884106
0.884106
0.886931
0.886931
0.886925
0.886925
0.886361
0.886361
0.887073
0.887073
0.887633
0.887633
0.886746
0.886746
0.886946
0.886946
0.886925
0.886925
0.886872
0.886872
0.886301
0.886301
0.88351
0.88351
0.887132
0.887132
0.883317
0.883317
0.884093
0.884093
0.884129
0.884129
0.886786
0.886786
0.887588
0.887588
0.886867
0.886867
0.886871
0.886871
0.886897
0.886897
0.886856
0.886856
0.88732
0.88732
0.883045
0.883045
0.886989
0.886989
0.882899
0.882899
0.884113
0.884113
0.884118
0.884118
0.887767
0.887767
0.887138
0.887138
0.886439
0.886439
0.885997
0.885997
0.886824
0.886824
0.886802
0.886802
0.886671
0.886671
0.883267
0.883267
0.887049
0.887049
0.883586
0.883586
0.884045
0.884045
0.884035
0.884035
0.8867
0.8867
0.88707
0.88707
0.886138
0.886138
0.886205
0.886205
0.886786
0.886786
0.8867
0.8867
0.887125
0.887125
0.884258
0.884258
0.88701
0.88701
0.884323
0.884323
0.884061
0.884061
0.884037
0.884037
0.886829
0.886829
0.886492
0.886492
0.886948
0.886948
0.886736
0.886736
0.886831
0.886831
0.886859
0.886859
0.886863
0.886863
0.884561
0.884561
0.886989
0.886989
0.884647
0.884647
0.884047
0.884047
0.884001
0.884001
0.886317
0.886317
0.886309
0.886309
0.886877
0.886877
0.886866
0.886866
0.886918
0.886918
0.886901
0.886901
0.887133
0.887133
0.887352
0.887352
0.884731
0.884731
0.88475
0.88475
0.887651
0.887651
0.884921
0.884921
0.884042
0.884042
0.884055
0.884055
0.88397
0.88397
0.886447
0.886447
0.886219
0.886219
0.88669
0.88669
0.886731
0.886731
0.886839
0.886839
0.886846
0.886846
0.886922
0.886922
0.886926
0.886926
0.886845
0.886845
0.887961
0.887961
0.885188
0.885188
0.887886
0.887886
0.885229
0.885229
0.883968
0.883968
0.883966
0.883966
0.886719
0.886719
0.886622
0.886622
0.886864
0.886864
0.886879
0.886879
0.886847
0.886847
0.886851
0.886851
0.887618
0.887618
0.885528
0.885528
0.887742
0.887742
0.885694
0.885694
0.883963
0.883963
0.88396
0.88396
0.886323
0.886323
0.886263
0.886263
0.887107
0.887107
0.887102
0.887102
0.886853
0.886853
0.886857
0.886857
0.887964
0.887964
0.885689
0.885689
0.888012
0.888012
0.885901
0.885901
0.883958
0.883958
0.883958
0.883958
0.88635
0.88635
0.886192
0.886192
0.887012
0.887012
0.887044
0.887044
0.88686
0.88686
0.886864
0.886864
0.887827
0.887827
0.885852
0.885852
0.887833
0.887833
0.886014
0.886014
0.883956
0.883956
0.883955
0.883955
0.885882
0.885882
0.885934
0.885934
0.886849
0.886849
0.886984
0.886984
0.886867
0.886867
0.886871
0.886871
0.887958
0.887958
0.885772
0.885772
0.888033
0.888033
0.885778
0.885778
0.884027
0.884027
0.884034
0.884034
0.885892
0.885892
0.885849
0.885849
0.886581
0.886581
0.886517
0.886517
0.88694
0.88694
0.886956
0.886956
0.888056
0.888056
0.885935
0.885935
0.888032
0.888032
0.886035
0.886035
0.88402
0.88402
0.884001
0.884001
0.885668
0.885668
0.885704
0.885704
0.886517
0.886517
0.886607
0.886607
0.886942
0.886942
0.886901
0.886901
0.888017
0.888017
0.887822
0.887822
0.886491
0.886491
0.886392
0.886392
0.887794
0.887794
0.886711
0.886711
0.884011
0.884011
0.884002
0.884002
0.883955
0.883955
0.885207
0.885207
0.885535
0.885535
0.884948
0.884948
0.886693
0.886693
0.88671
0.88671
0.886912
0.886912
0.886902
0.886902
0.88695
0.88695
0.886914
0.886914
0.887012
0.887012
0.886782
0.886782
0.886681
0.886681
0.886445
0.886445
0.883926
0.883926
0.883955
0.883955
0.883867
0.883867
0.88355
0.88355
0.886621
0.886621
0.886022
0.886022
0.886997
0.886997
0.886997
0.886997
0.886564
0.886564
0.887105
0.887105
0.886592
0.886592
0.887593
0.887593
0.883914
0.883914
0.883888
0.883888
0.883574
0.883574
0.883541
0.883541
0.886722
0.886722
0.887242
0.887242
0.886979
0.886979
0.88696
0.88696
0.886123
0.886123
0.887471
0.887471
0.88623
0.88623
0.88677
0.88677
0.883791
0.883791
0.883777
0.883777
0.883038
0.883038
0.883061
0.883061
0.887302
0.887302
0.886505
0.886505
0.886973
0.886973
0.886907
0.886907
0.886162
0.886162
0.886826
0.886826
0.886163
0.886163
0.88692
0.88692
0.883823
0.883823
0.883941
0.883941
0.883176
0.883176
0.883285
0.883285
0.88672
0.88672
0.887066
0.887066
0.886876
0.886876
0.886916
0.886916
0.886525
0.886525
0.886525
0.886525
0.886948
0.886948
0.886948
0.886948
0.886525
0.886525
0.886948
0.886948
0.884001
0.884001
0.884001
0.884001
0.884001
0.884001
0.88382
0.88382
0.88382
0.88382
0.88382
0.88382
0.887142
0.887142
0.887142
0.887142
0.887142
0.887142
0.886901
0.886901
0.886901
0.886901
0.886901
0.886901
0.88686
0.88686
0.886771
0.886771
0.886381
0.886381
0.886785
0.886785
0.886867
0.886867
0.886179
0.886179
0.883884
0.883884
0.88393
0.88393
0.883874
0.883874
0.884282
0.884282
0.884342
0.884342
0.884692
0.884692
0.886904
0.886904
0.887106
0.887106
0.887036
0.887036
0.886888
0.886888
0.886885
0.886885
0.886928
0.886928
0.886766
0.886766
0.886561
0.886561
0.886941
0.886941
0.886695
0.886695
0.8839
0.8839
0.883923
0.883923
0.884828
0.884828
0.885197
0.885197
0.887471
0.887471
0.887806
0.887806
0.886914
0.886914
0.886906
0.886906
0.887074
0.887074
0.88616
0.88616
0.887062
0.887062
0.886175
0.886175
0.883953
0.883953
0.883984
0.883984
0.885692
0.885692
0.885867
0.885867
0.887748
0.887748
0.887809
0.887809
0.886903
0.886903
0.886909
0.886909
0.886726
0.886726
0.885857
0.885857
0.886663
0.886663
0.885702
0.885702
0.884024
0.884024
0.884062
0.884062
0.885871
0.885871
0.886021
0.886021
0.887951
0.887951
0.887938
0.887938
0.88691
0.88691
0.886918
0.886918
0.886728
0.886728
0.885435
0.885435
0.886883
0.886883
0.885008
0.885008
0.884052
0.884052
0.884045
0.884045
0.886293
0.886293
0.886626
0.886626
0.888031
0.888031
0.88775
0.88775
0.886888
0.886888
0.88688
0.88688
0.886663
0.886663
0.88692
0.88692
0.886987
0.886987
0.886459
0.886459
0.884002
0.884002
0.884005
0.884005
0.883989
0.883989
0.883664
0.883664
0.887087
0.887087
0.887186
0.887186
0.886923
0.886923
0.886931
0.886931
0.88685
0.88685
0.885055
0.885055
0.885075
0.885075
0.886887
0.886887
0.884061
0.884061
0.884033
0.884033
0.886836
0.886836
0.886756
0.886756
0.887876
0.887876
0.88782
0.88782
0.886928
0.886928
0.886916
0.886916
0.888074
0.888074
0.886157
0.886157
0.88402
0.88402
0.885638
0.885638
0.886622
0.886622
0.886941
0.886941
0.887061
0.887061
0.884638
0.884638
0.884041
0.884041
0.886338
0.886338
0.886872
0.886872
0.886916
0.886916
