4
2500
0.887468
0.887468
0.886425
0.886425
0.886801
0.886801
0.887448
0.887448
0.886517
0.886517
0.887298
0.887298
0.886913
0.886913
0.887168
0.887168
0.886684
0.886684
0.887314
0.887314
0.886235
0.886235
0.886834
0.886834
0.887129
0.887129
0.886886
0.886886
0.887414
0.887414
0.887012
0.887012
0.88679
0.88679
0.887332
0.887332
0.88782
0.88782
0.887643
0.887643
0.887897
0.887897
0.887592
0.887592
0.887993
0.887993
0.888118
0.888118
0.887465
0.887465
0.887174
0.887174
0.887204
0.887204
0.887328
0.887328
0.88791
0.88791
0.887927
0.887927
0.887797
0.887797
0.887453
0.887453
0.887179
0.887179
0.887377
0.887377
0.887229
0.887229
0.887116
0.887116
0.887302
0.887302
0.887768
0.887768
0.888099
0.888099
0.887896
0.887896
0.888087
0.888087
0.886449
0.886449
0.886454
0.886454
0.886223
0.886223
0.886373
0.886373
0.886344
0.886344
0.88658
0.88658
0.886943
0.886943
0.886539
0.886539
0.886906
0.886906
0.88701
0.88701
0.887185
0.887185
0.886965
0.886965
0.887878
0.887878
0.887888
0.887888
0.886468
0.886468
0.886593
0.886593
0.886198
0.886198
0.88625
0.88625
0.886062
0.886062
0.886712
0.886712
0.886406
0.886406
0.887459
0.887459
0.888165
0.888165
0.888096
0.888096
0.886889
0.886889
0.887278
0.887278
0.886748
0.886748
0.886811
0.886811
0.886718
0.886718
0.886434
0.886434
0.885904
0.885904
0.886561
0.886561
0.886701
0.886701
0.887777
0.887777
0.887852
0.887852
0.88826
0.88826
0.886756
0.886756
0.886813
0.886813
0.886783
0.886783
0.886745
0.886745
0.886874
0.886874
0.88688
0.88688
0.886941
0.886941
0.886947
0.886947
0.886958
0.886958
0.886457
0.886457
0.885966
0.885966
0.886557
0.886557
0.886561
0.886561
0.88724
0.88724
0.887491
0.887491
0.887461
0.887461
0.887055
0.887055
0.887111
0.887111
0.886459
0.886459
0.886593
0.886593
0.886628
0.886628
0.886333
0.886333
0.886314
0.886314
0.886373
0.886373
0.886639
0.886639
0.886927
0.886927
0.88663
0.88663
0.886511
0.886511
0.887229
0.887229
0.88724
0.88724
0.886615
0.886615
0.886387
0.886387
0.886968
0.886968
0.886442
0.886442
0.886427
0.886427
0.88643
0.88643
0.886486
0.886486
0.886357
0.886357
0.886591
0.886591
0.886613
0.886613
0.886579
0.886579
0.88669
0.88669
0.886671
0.886671
0.886605
0.886605
0.886612
0.886612
0.886697
0.886697
0.886903
0.886903
0.887031
0.887031
0.886141
0.886141
0.887642
0.887642
0.886822
0.886822
0.886745
0.886745
0.886685
0.886685
0.887084
0.887084
0.887134
0.887134
0.887055
0.887055
0.886688
0.886688
0.887017
0.887017
0.887273
0.887273
0.887154
0.887154
0.884956
0.884956
0.886382
0.886382
0.886394
0.886394
0.885369
0.885369
0.885446
0.885446
0.886229
0.886229
0.8855
0.8855
0.886514
0.886514
0.885318
0.885318
0.886229
0.886229
0.885526
0.885526
0.886198
0.886198
0.8862
0.8862
0.886276
0.886276
0.88618
0.88618
0.885579
0.885579
0.885711
0.885711
0.886384
0.886384
0.886107
0.886107
0.886604
0.886604
0.886086
0.886086
0.886059
0.886059
0.885944
0.885944
0.886158
0.886158
0.88585
0.88585
0.886021
0.886021
0.885927
0.885927
0.88594
0.88594
0.88544
0.88544
0.884829
0.884829
0.884089
0.884089
0.88443
0.88443
0.885835
0.885835
0.885921
0.885921
0.886137
0.886137
0.886157
0.886157
0.885027
0.885027
0.884913
0.884913
0.884476
0.884476
0.884847
0.884847
0.883228
0.883228
0.88419
0.88419
0.884909
0.884909
0.883564
0.883564
0.882695
0.882695
0.884361
0.884361
0.883981
0.883981
0.88524
0.88524
0.885307
0.885307
0.885658
0.885658
0.883671
0.883671
0.884498
0.884498
0.885003
0.885003
0.884075
0.884075
0.883556
0.883556
0.884212
0.884212
0.884208
0.884208
0.883245
0.883245
0.883631
0.883631
0.882737
0.882737
0.883079
0.883079
0.883601
0.883601
0.885024
0.885024
0.885189
0.885189
0.885534
0.885534
0.883529
0.883529
0.885
0.885
0.884138
0.884138
0.885
0.885
0.884729
0.884729
0.883772
0.883772
0.883406
0.883406
0.882374
0.882374
0.882915
0.882915
0.883433
0.883433
0.884573
0.884573
0.885041
0.885041
0.885359
0.885359
0.884267
0.884267
0.884243
0.884243
0.884316
0.884316
0.884206
0.884206
0.88433
0.88433
0.884819
0.884819
0.884505
0.884505
0.88395
0.88395
0.884054
0.884054
0.885404
0.885404
0.883908
0.883908
0.883314
0.883314
0.883122
0.883122
0.882986
0.882986
0.883517
0.883517
0.883587
0.883587
0.883633
0.883633
0.883564
0.883564
0.88424
0.88424
0.884251
0.884251
0.884204
0.884204
0.884237
0.884237
0.884202
0.884202
0.884034
0.884034
0.883863
0.883863
0.88392
0.88392
0.883794
0.883794
0.883765
0.883765
0.883802
0.883802
0.883722
0.883722
0.88386
0.88386
0.883831
0.883831
0.884
0.884
0.8842
0.8842
0.883971
0.883971
0.883981
0.883981
0.883929
0.883929
0.883925
0.883925
0.883799
0.883799
0.883757
0.883757
0.883696
0.883696
0.883734
0.883734
0.883706
0.883706
0.883881
0.883881
0.883928
0.883928
0.883955
0.883955
0.884061
0.884061
0.884146
0.884146
0.884266
0.884266
0.883742
0.883742
0.886398
0.886398
0.886234
0.886234
0.886517
0.886517
0.886446
0.886446
0.885356
0.885356
0.8839
0.8839
0.886505
0.886505
0.883087
0.883087
0.882473
0.882473
0.883779
0.883779
0.883711
0.883711
0.883167
0.883167
0.883798
0.883798
0.88424
0.88424
0.883824
0.883824
0.884277
0.884277
0.883972
0.883972
0.88518
0.88518
0.884189
0.884189
0.886223
0.886223
0.886027
0.886027
0.88652
0.88652
0.886489
0.886489
0.88563
0.88563
0.884069
0.884069
0.88675
0.88675
0.886688
0.886688
0.886223
0.886223
0.886087
0.886087
0.886627
0.886627
0.886396
0.886396
0.883227
0.883227
0.882628
0.882628
0.886047
0.886047
0.886685
0.886685
0.883163
0.883163
0.885287
0.885287
0.883654
0.883654
0.885722
0.885722
0.883563
0.883563
0.883473
0.883473
0.886718
0.886718
0.886789
0.886789
0.883751
0.883751
0.886699
0.886699
0.883721
0.883721
0.885472
0.885472
0.884022
0.884022
0.88347
0.88347
0.885518
0.885518
0.885523
0.885523
0.883808
0.883808
0.884138
0.884138
0.885416
0.885416
0.885432
0.885432
0.886186
0.886186
0.886446
0.886446
0.882904
0.882904
0.883546
0.883546
0.885124
0.885124
0.883924
0.883924
0.88609
0.88609
0.886174
0.886174
0.88631
0.88631
0.886015
0.886015
0.883711
0.883711
0.883779
0.883779
0.883798
0.883798
0.883824
0.883824
0.883972
0.883972
0.884189
0.884189
0.886489
0.886489
0.88652
0.88652
0.887508
0.887508
0.886688
0.886688
0.88675
0.88675
0.887712
0.887712
0.886396
0.886396
0.886627
0.886627
0.887271
0.887271
0.887167
0.887167
0.886685
0.886685
0.886047
0.886047
0.886831
0.886831
0.885287
0.885287
0.886363
0.886363
0.885722
0.885722
0.886272
0.886272
0.887498
0.887498
0.886789
0.886789
0.886718
0.886718
0.886993
0.886993
0.887635
0.887635
0.886699
0.886699
0.885472
0.885472
0.886008
0.886008
0.886175
0.886175
0.885523
0.885523
0.885518
0.885518
0.88608
0.88608
0.886591
0.886591
0.885432
0.885432
0.885416
0.885416
0.88655
0.88655
0.886446
0.886446
0.883924
0.883924
0.885124
0.885124
0.886174
0.886174
0.886015
0.886015
0.886802
0.886802
0.88634
0.88634
0.88317
0.88317
0.884484
0.884484
0.885949
0.885949
0.885885
0.885885
0.883216
0.883216
0.883357
0.883357
0.883761
0.883761
0.884279
0.884279
0.883826
0.883826
0.886385
0.886385
0.885902
0.885902
0.885579
0.885579
0.8865
0.8865
0.886765
0.886765
0.885934
0.885934
0.885913
0.885913
0.885235
0.885235
0.884788
0.884788
0.884051
0.884051
0.884681
0.884681
0.885081
0.885081
0.885957
0.885957
0.885412
0.885412
0.886
0.886
0.885617
0.885617
0.886033
0.886033
0.88488
0.88488
0.885154
0.885154
0.88586
0.88586
0.885354
0.885354
0.885561
0.885561
0.885923
0.885923
0.88586
0.88586
0.885569
0.885569
0.886067
0.886067
0.886337
0.886337
0.88643
0.88643
0.886629
0.886629
0.886056
0.886056
0.885548
0.885548
0.886869
0.886869
0.886112
0.886112
0.88684
0.88684
0.886105
0.886105
0.886163
0.886163
0.886344
0.886344
0.886572
0.886572
0.886196
0.886196
0.886493
0.886493
0.886967
0.886967
0.887431
0.887431
0.885461
0.885461
0.886191
0.886191
0.886337
0.886337
0.885319
0.885319
0.886149
0.886149
0.885697
0.885697
0.885393
0.885393
0.885581
0.885581
0.885825
0.885825
0.886338
0.886338
0.887304
0.887304
0.88767
0.88767
0.887937
0.887937
0.886417
0.886417
0.885965
0.885965
0.886247
0.886247
0.887218
0.887218
0.88701
0.88701
0.887283
0.887283
0.888012
0.888012
0.888312
0.888312
0.888089
0.888089
0.886483
0.886483
0.885983
0.885983
0.887175
0.887175
0.887273
0.887273
0.887107
0.887107
0.887485
0.887485
0.887523
0.887523
0.887837
0.887837
0.888149
0.888149
0.888605
0.888605
0.887776
0.887776
0.887103
0.887103
0.886749
0.886749
0.887286
0.887286
0.887268
0.887268
0.886885
0.886885
0.886762
0.886762
0.887081
0.887081
0.887489
0.887489
0.887527
0.887527
0.887472
0.887472
0.888066
0.888066
0.888252
0.888252
0.888605
0.888605
0.888412
0.888412
0.887507
0.887507
0.888108
0.888108
0.887393
0.887393
0.887832
0.887832
0.888077
0.888077
0.888117
0.888117
0.88834
0.88834
0.888371
0.888371
0.888224
0.888224
0.88798
0.88798
0.887704
0.887704
0.88716
0.88716
0.886592
0.886592
0.887005
0.887005
0.886444
0.886444
0.887138
0.887138
0.886418
0.886418
0.886748
0.886748
0.887352
0.887352
0.887605
0.887605
0.887602
0.887602
0.887576
0.887576
0.88744
0.88744
0.88737
0.88737
0.887291
0.887291
0.887088
0.887088
0.887031
0.887031
0.884223
0.884223
0.884596
0.884596
0.883941
0.883941
0.884601
0.884601
0.884549
0.884549
0.882867
0.882867
0.884451
0.884451
0.885053
0.885053
0.882998
0.882998
0.884397
0.884397
0.883075
0.883075
0.886427
0.886427
0.88653
0.88653
0.886714
0.886714
0.886818
0.886818
0.886484
0.886484
0.885962
0.885962
0.885974
0.885974
0.886027
0.886027
0.885606
0.885606
0.885827
0.885827
0.886468
0.886468
0.886565
0.886565
0.886206
0.886206
0.886113
0.886113
0.886316
0.886316
0.886754
0.886754
0.885896
0.885896
0.885882
0.885882
0.885714
0.885714
0.885708
0.885708
0.885873
0.885873
0.886348
0.886348
0.885585
0.885585
0.885923
0.885923
0.886396
0.886396
0.886441
0.886441
0.886022
0.886022
0.886011
0.886011
0.886067
0.886067
0.885736
0.885736
0.886918
0.886918
0.887241
0.887241
0.887157
0.887157
0.886879
0.886879
0.887247
0.887247
0.886786
0.886786
0.886992
0.886992
0.88669
0.88669
0.886351
0.886351
0.886391
0.886391
0.886626
0.886626
0.885879
0.885879
0.885801
0.885801
0.886685
0.886685
0.887052
0.887052
0.887087
0.887087
0.887808
0.887808
0.886787
0.886787
0.887018
0.887018
0.887224
0.887224
0.887365
0.887365
0.886975
0.886975
0.886706
0.886706
0.886564
0.886564
0.8862
0.8862
0.885949
0.885949
0.885718
0.885718
0.886671
0.886671
0.886635
0.886635
0.887367
0.887367
0.887406
0.887406
0.88735
0.88735
0.887039
0.887039
0.886574
0.886574
0.88684
0.88684
0.88654
0.88654
0.88626
0.88626
0.885806
0.885806
0.885455
0.885455
0.884287
0.884287
0.884463
0.884463
0.884679
0.884679
0.885793
0.885793
0.885868
0.885868
0.886843
0.886843
0.886674
0.886674
0.886273
0.886273
0.886918
0.886918
0.886577
0.886577
0.886493
0.886493
0.886368
0.886368
0.885897
0.885897
0.885384
0.885384
0.884829
0.884829
0.884714
0.884714
0.884297
0.884297
0.884248
0.884248
0.884316
0.884316
0.884563
0.884563
0.884715
0.884715
0.884802
0.884802
0.884746
0.884746
0.884852
0.884852
0.884872
0.884872
0.88483
0.88483
0.884724
0.884724
0.884567
0.884567
0.884449
0.884449
0.884025
0.884025
0.884041
0.884041
0.884085
0.884085
0.884234
0.884234
0.884288
0.884288
0.884452
0.884452
0.884559
0.884559
0.884586
0.884586
0.884582
0.884582
0.88455
0.88455
0.88455
0.88455
0.884389
0.884389
0.884312
0.884312
0.886753
0.886753
0.886783
0.886783
0.886759
0.886759
0.886755
0.886755
0.886518
0.886518
0.88671
0.88671
0.886466
0.886466
0.886688
0.886688
0.884882
0.884882
0.884995
0.884995
0.886816
0.886816
0.886357
0.886357
0.88479
0.88479
0.886148
0.886148
0.884526
0.884526
0.885118
0.885118
0.884439
0.884439
0.886559
0.886559
0.885839
0.885839
0.885905
0.885905
0.886688
0.886688
0.884908
0.884908
0.882492
0.882492
0.883606
0.883606
0.884399
0.884399
0.885874
0.885874
0.884857
0.884857
0.884053
0.884053
0.884743
0.884743
0.886044
0.886044
0.882912
0.882912
0.883592
0.883592
0.886601
0.886601
0.884556
0.884556
0.88636
0.88636
0.88497
0.88497
0.886012
0.886012
0.885783
0.885783
0.883765
0.883765
0.883188
0.883188
0.885756
0.885756
0.885073
0.885073
0.883872
0.883872
0.885111
0.885111
0.885859
0.885859
0.885518
0.885518
0.885273
0.885273
0.885293
0.885293
0.885074
0.885074
0.884744
0.884744
0.885296
0.885296
0.886489
0.886489
0.88546
0.88546
0.886743
0.886743
0.884107
0.884107
0.884353
0.884353
0.886145
0.886145
0.883996
0.883996
0.885824
0.885824
0.885097
0.885097
0.886776
0.886776
0.884995
0.884995
0.884882
0.884882
0.88479
0.88479
0.884526
0.884526
0.884439
0.884439
0.885839
0.885839
0.885905
0.885905
0.88502
0.88502
0.885157
0.885157
0.883606
0.883606
0.882492
0.882492
0.885231
0.885231
0.884053
0.884053
0.884857
0.884857
0.883028
0.883028
0.883676
0.883676
0.883592
0.883592
0.882912
0.882912
0.884576
0.884576
0.884556
0.884556
0.884507
0.884507
0.88497
0.88497
0.884264
0.884264
0.883899
0.883899
0.883188
0.883188
0.883765
0.883765
0.884992
0.884992
0.883872
0.883872
0.885755
0.885755
0.885111
0.885111
0.886291
0.886291
0.88705
0.88705
0.885293
0.885293
0.885273
0.885273
0.886989
0.886989
0.885296
0.885296
0.88546
0.88546
0.884353
0.884353
0.884107
0.884107
0.883996
0.883996
0.885097
0.885097
0.885864
0.885864
0.886631
0.886631
0.886536
0.886536
0.886262
0.886262
0.88576
0.88576
0.885804
0.885804
0.887027
0.887027
0.887069
0.887069
0.886008
0.886008
0.884867
0.884867
0.887034
0.887034
0.886946
0.886946
0.886416
0.886416
0.887026
0.887026
0.884966
0.884966
0.886229
0.886229
0.886348
0.886348
0.884265
0.884265
0.884189
0.884189
0.884248
0.884248
0.884306
0.884306
0.884666
0.884666
0.884115
0.884115
0.884958
0.884958
0.884515
0.884515
0.88388
0.88388
0.884081
0.884081
0.884795
0.884795
0.884099
0.884099
0.883996
0.883996
0.883968
0.883968
0.883763
0.883763
0.883284
0.883284
0.883837
0.883837
0.883137
0.883137
0.883897
0.883897
0.882965
0.882965
0.88376
0.88376
0.883517
0.883517
0.883707
0.883707
0.883623
0.883623
0.883609
0.883609
0.883695
0.883695
0.883928
0.883928
0.883682
0.883682
0.884211
0.884211
0.884069
0.884069
0.884298
0.884298
0.884229
0.884229
0.884199
0.884199
0.884175
0.884175
0.884034
0.884034
0.883859
0.883859
0.883903
0.883903
0.883786
0.883786
0.883821
0.883821
0.883818
0.883818
0.883789
0.883789
0.883797
0.883797
0.883847
0.883847
0.883987
0.883987
0.884214
0.884214
0.883971
0.883971
0.884064
0.884064
0.883988
0.883988
0.883901
0.883901
0.883872
0.883872
0.883734
0.883734
0.883685
0.883685
0.883744
0.883744
0.883715
0.883715
0.883804
0.883804
0.883937
0.883937
0.883978
0.883978
0.884073
0.884073
0.884157
0.884157
0.884288
0.884288
0.883742
0.883742
0.885497
0.885497
0.885517
0.885517
0.88385
0.88385
0.8835
0.8835
0.885354
0.885354
0.885344
0.885344
0.883793
0.883793
0.884109
0.884109
0.883528
0.883528
0.883781
0.883781
0.883839
0.883839
0.884279
0.884279
0.885117
0.885117
0.883958
0.883958
0.884348
0.884348
0.885895
0.885895
0.886413
0.886413
0.886347
0.886347
0.886416
0.886416
0.886341
0.886341
0.886416
0.886416
0.886678
0.886678
0.886535
0.886535
0.886879
0.886879
0.886472
0.886472
0.886889
0.886889
0.886843
0.886843
0.886756
0.886756
0.886662
0.886662
0.886699
0.886699
0.886337
0.886337
0.886097
0.886097
0.886153
0.886153
0.885702
0.885702
0.886547
0.886547
0.886587
0.886587
0.886442
0.886442
0.886784
0.886784
0.887085
0.887085
0.887724
0.887724
0.887831
0.887831
0.888059
0.888059
0.888302
0.888302
0.888085
0.888085
0.886433
0.886433
0.886337
0.886337
0.886483
0.886483
0.886527
0.886527
0.886439
0.886439
0.886353
0.886353
0.886348
0.886348
0.886435
0.886435
0.88648
0.88648
0.886672
0.886672
0.886419
0.886419
0.886217
0.886217
0.886442
0.886442
0.886171
0.886171
0.886518
0.886518
0.886139
0.886139
0.886458
0.886458
0.886728
0.886728
0.8866
0.8866
0.886912
0.886912
0.886556
0.886556
0.886725
0.886725
0.886692
0.886692
0.886671
0.886671
0.886844
0.886844
0.887279
0.887279
0.886227
0.886227
0.886197
0.886197
0.886232
0.886232
0.88628
0.88628
0.886207
0.886207
0.886217
0.886217
0.886206
0.886206
0.886287
0.886287
0.886293
0.886293
0.886494
0.886494
0.886554
0.886554
0.886583
0.886583
0.886679
0.886679
0.886742
0.886742
0.886832
0.886832
0.886141
0.886141
0.887471
0.887471
0.886445
0.886445
0.88667
0.88667
0.886779
0.886779
0.887042
0.887042
0.886602
0.886602
0.887
0.887
0.887214
0.887214
0.8864
0.8864
0.886405
0.886405
0.886835
0.886835
0.886515
0.886515
0.886853
0.886853
0.886961
0.886961
0.886945
0.886945
0.887214
0.887214
0.886784
0.886784
0.886783
0.886783
0.886951
0.886951
0.886604
0.886604
0.886729
0.886729
0.886962
0.886962
0.886623
0.886623
0.887005
0.887005
0.886791
0.886791
0.887643
0.887643
0.886759
0.886759
0.887467
0.887467
0.886421
0.886421
0.887941
0.887941
0.886716
0.886716
0.887966
0.887966
0.886701
0.886701
0.887713
0.887713
0.886602
0.886602
0.887499
0.887499
0.886411
0.886411
0.886427
0.886427
0.886475
0.886475
0.886275
0.886275
0.886075
0.886075
0.886968
0.886968
0.886766
0.886766
0.886563
0.886563
0.886582
0.886582
0.887031
0.887031
0.886667
0.886667
0.887056
0.887056
0.886797
0.886797
0.887229
0.887229
0.886831
0.886831
0.886406
0.886406
0.886161
0.886161
0.886951
0.886951
0.886783
0.886783
0.886962
0.886962
0.887005
0.887005
0.887643
0.887643
0.887467
0.887467
0.887941
0.887941
0.887966
0.887966
0.887713
0.887713
0.887499
0.887499
0.886475
0.886475
0.886427
0.886427
0.886766
0.886766
0.886968
0.886968
0.887031
0.887031
0.886538
0.886538
0.887056
0.887056
0.886635
0.886635
0.887229
0.887229
0.885899
0.885899
0.886406
0.886406
0.8843
0.8843
0.884448
0.884448
0.884479
0.884479
0.885638
0.885638
0.88545
0.88545
0.886576
0.886576
0.886597
0.886597
0.884528
0.884528
0.886434
0.886434
0.886127
0.886127
0.886894
0.886894
0.885106
0.885106
0.886603
0.886603
0.884889
0.884889
0.886427
0.886427
0.884907
0.884907
0.886366
0.886366
0.884987
0.884987
0.885934
0.885934
0.884841
0.884841
0.885359
0.885359
0.884752
0.884752
0.884853
0.884853
0.88475
0.88475
0.884594
0.884594
0.884517
0.884517
0.884346
0.884346
0.884196
0.884196
0.884243
0.884243
0.884558
0.884558
0.884683
0.884683
0.88478
0.88478
0.8848
0.8848
0.884889
0.884889
0.88488
0.88488
0.88482
0.88482
0.884756
0.884756
0.884641
0.884641
0.884488
0.884488
0.883981
0.883981
0.884018
0.884018
0.884085
0.884085
0.88421
0.88421
0.884302
0.884302
0.884441
0.884441
0.884536
0.884536
0.884586
0.884586
0.88459
0.88459
0.884558
0.884558
0.884471
0.884471
0.884412
0.884412
0.884326
0.884326
0.885189
0.885189
0.884869
0.884869
0.885805
0.885805
0.884963
0.884963
0.884699
0.884699
0.885314
0.885314
0.885999
0.885999
0.886664
0.886664
0.884853
0.884853
0.885814
0.885814
0.88581
0.88581
0.88406
0.88406
0.884784
0.884784
0.88628
0.88628
0.886357
0.886357
0.886434
0.886434
0.88692
0.88692
0.886664
0.886664
0.887061
0.887061
0.887168
0.887168
0.886872
0.886872
0.887066
0.887066
0.887497
0.887497
0.886432
0.886432
0.887545
0.887545
0.887009
0.887009
0.887883
0.887883
0.887328
0.887328
0.888137
0.888137
0.887867
0.887867
0.888697
0.888697
0.888207
0.888207
0.888704
0.888704
0.888454
0.888454
0.887998
0.887998
0.888131
0.888131
0.887788
0.887788
0.886362
0.886362
0.886284
0.886284
0.886334
0.886334
0.886582
0.886582
0.887512
0.887512
0.886755
0.886755
0.888154
0.888154
0.88688
0.88688
0.888352
0.888352
0.886876
0.886876
0.888128
0.888128
0.887048
0.887048
0.888224
0.888224
0.887143
0.887143
0.888303
0.888303
0.887181
0.887181
0.88805
0.88805
0.887156
0.887156
0.887731
0.887731
0.887078
0.887078
0.887648
0.887648
0.887031
0.887031
0.887632
0.887632
0.886209
0.886209
0.886204
0.886204
0.886238
0.886238
0.886389
0.886389
0.886457
0.886457
0.886645
0.886645
0.886788
0.886788
0.886858
0.886858
0.886902
0.886902
0.886923
0.886923
0.886976
0.886976
0.886867
0.886867
0.886837
0.886837
0.888029
0.888029
0.887799
0.887799
0.888125
0.888125
0.888657
0.888657
0.887533
0.887533
0.887553
0.887553
0.887681
0.887681
0.888003
0.888003
0.887118
0.887118
0.886784
0.886784
0.886798
0.886798
0.887385
0.887385
0.888322
0.888322
0.888064
0.888064
0.883983
0.883983
0.883602
0.883602
0.883406
0.883406
0.88376
0.88376
0.883652
0.883652
0.884522
0.884522
0.884063
0.884063
0.884626
0.884626
0.884095
0.884095
0.8853
0.8853
0.884706
0.884706
0.885716
0.885716
0.885153
0.885153
0.886136
0.886136
0.885409
0.885409
0.886895
0.886895
0.886278
0.886278
0.887041
0.887041
0.887338
0.887338
0.887162
0.887162
0.886267
0.886267
0.887314
0.887314
0.887054
0.887054
0.886886
0.886886
0.883275
0.883275
0.884133
0.884133
0.88366
0.88366
0.883716
0.883716
0.884987
0.884987
0.882869
0.882869
0.884405
0.884405
0.88625
0.88625
0.883983
0.883983
0.88376
0.88376
0.884522
0.884522
0.884626
0.884626
0.8853
0.8853
0.885716
0.885716
0.886136
0.886136
0.886895
0.886895
0.887041
0.887041
0.887338
0.887338
0.887314
0.887314
0.886886
0.886886
0.88615
0.88615
0.883275
0.883275
0.886335
0.886335
0.88366
0.88366
0.887305
0.887305
0.884987
0.884987
0.88625
0.88625
