4
2500
0.886901
0.886901
0.886901
0.886901
0.886901
0.886901
0.886901
0.886901
0.884001
0.884001
0.884001
0.884001
0.884001
0.884001
0.884001
0.884001
0.886432
0.886432
0.886432
0.886432
0.886432
0.886432
0.886432
0.886432
0.885497
0.885497
0.885497
0.885497
0.885497
0.885497
0.885497
0.885497
0.885883
0.885883
0.885883
0.885883
0.885883
0.885883
0.885883
0.885883
0.887109
0.887109
0.887109
0.887109
0.887109
0.887109
0.887109
0.887109
0.887869
0.887869
0.887643
0.887643
0.887594
0.887594
0.888453
0.888453
0.886683
0.886683
0.887102
0.887102
0.886528
0.886528
0.886664
0.886664
0.886537
0.886537
0.886625
0.886625
0.885991
0.885991
0.886101
0.886101
0.885969
0.885969
0.884774
0.884774
0.886746
0.886746
0.884055
0.884055
0.88332
0.88332
0.885415
0.885415
0.887008
0.887008
0.886438
0.886438
0.886315
0.886315
0.885889
0.885889
0.88424
0.88424
0.884916
0.884916
0.887203
0.887203
0.886259
0.886259
0.886259
0.886259
0.887203
0.887203
0.887717
0.887717
0.887701
0.887701
0.887701
0.887701
0.887717
0.887717
0.887201
0.887201
0.887201
0.887201
0.8876
0.8876
0.8876
0.8876
0.886675
0.886675
0.886675
0.886675
0.886486
0.886486
0.886486
0.886486
0.885975
0.885975
0.883848
0.883848
0.883848
0.883848
0.885975
0.885975
0.88761
0.88761
0.885606
0.885606
0.885606
0.885606
0.88761
0.88761
0.884391
0.884391
0.884391
0.884391
0.882737
0.882737
0.882737
0.882737
0.886222
0.886222
0.886222
0.886222
0.884954
0.884954
0.884954
0.884954
0.88787
0.88787
0.886871
0.886871
0.886871
0.886871
0.88787
0.88787
0.886212
0.886212
0.886117
0.886117
0.886117
0.886117
0.886212
0.886212
0.885732
0.885732
0.886154
0.886154
0.886154
0.886154
0.885732
0.885732
0.887482
0.887482
0.886221
0.886221
0.886221
0.886221
0.887482
0.887482
0.885975
0.885975
0.885975
0.885975
0.884391
0.884391
0.884391
0.884391
0.886675
0.886675
0.886675
0.886675
0.887203
0.887203
0.887203
0.887203
0.885969
0.885969
0.886746
0.886746
0.884055
0.884055
0.885415
0.885415
0.886101
0.886101
0.885991
0.885991
0.886664
0.886664
0.886528
0.886528
0.887701
0.887701
0.887701
0.887701
0.884954
0.884954
0.884954
0.884954
0.886154
0.886154
0.886154
0.886154
0.88787
0.88787
0.88787
0.88787
0.887594
0.887594
0.887643
0.887643
0.884916
0.884916
0.88424
0.88424
0.884916
0.884916
0.887643
0.887643
0.8876
0.8876
0.8876
0.8876
0.885606
0.885606
0.885606
0.885606
0.886117
0.886117
0.886117
0.886117
0.886221
0.886221
0.886221
0.886221
0.888453
0.888453
0.887102
0.887102
0.885991
0.885991
0.886625
0.886625
0.884774
0.884774
0.885969
0.885969
0.886315
0.886315
0.886438
0.886438
0.885415
0.885415
0.886664
0.886664
0.888453
0.888453
0.886438
0.886438
0.887482
0.887482
0.887482
0.887482
0.887109
0.887109
0.887109
0.887109
0.885606
0.885606
0.884001
0.884001
0.88491
0.88491
0.886438
0.886438
0.886221
0.886221
0.885883
0.885883
0.885883
0.885883
0.886221
0.886221
0.886259
0.886259
0.886901
0.886901
0.886901
0.886901
0.886259
0.886259
0.886315
0.886315
0.887008
0.887008
0.886598
0.886598
0.886571
0.886571
0.886528
0.886528
0.885606
0.885606
0.88761
0.88761
0.887566
0.887566
0.887203
0.887203
0.88612
0.88612
0.886476
0.886476
0.886453
0.886453
0.887109
0.887109
0.887109
0.887109
0.884001
0.884001
0.887203
0.887203
0.885956
0.885956
0.885956
0.885956
0.885871
0.885871
0.885871
0.885871
0.884901
0.884901
0.884001
0.884001
0.883041
0.883041
0.884433
0.884433
0.88541
0.88541
0.88455
0.88455
0.88455
0.88455
0.88541
0.88541
0.886492
0.886492
0.886901
0.886901
0.886901
0.886901
0.886492
0.886492
0.883656
0.883656
0.885838
0.885838
0.886339
0.886339
0.886878
0.886878
0.886041
0.886041
0.884901
0.884901
0.886279
0.886279
0.886279
0.886279
0.886708
0.886708
0.883265
0.883265
0.885622
0.885622
0.887885
0.887885
0.885871
0.885871
0.885871
0.885871
0.884001
0.884001
0.886708
0.886708
0.886901
0.886901
0.886901
0.886901
0.886901
0.886901
0.886901
0.886901
0.884001
0.884001
0.884001
0.884001
0.884001
0.884001
0.884001
0.884001
0.886432
0.886432
0.886432
0.886432
0.886432
0.886432
0.886432
0.886432
0.887104
0.887104
0.887104
0.887104
0.887104
0.887104
0.887104
0.887104
0.885883
0.885883
0.885883
0.885883
0.885883
0.885883
0.885883
0.885883
0.884536
0.884536
0.884536
0.884536
0.884536
0.884536
0.884536
0.884536
0.886809
0.886809
0.888483
0.888483
0.886285
0.886285
0.887713
0.887713
0.887987
0.887987
0.886796
0.886796
0.886359
0.886359
0.886878
0.886878
0.886088
0.886088
0.886161
0.886161
0.886084
0.886084
0.886528
0.886528
0.885182
0.885182
0.883153
0.883153
0.883003
0.883003
0.887761
0.887761
0.886298
0.886298
0.885318
0.885318
0.883646
0.883646
0.88589
0.88589
0.884404
0.884404
0.886363
0.886363
0.887387
0.887387
0.886729
0.886729
0.885986
0.885986
0.885986
0.885986
0.887758
0.887758
0.887758
0.887758
0.887717
0.887717
0.887717
0.887717
0.887701
0.887701
0.887701
0.887701
0.886731
0.886731
0.886434
0.886434
0.886434
0.886434
0.886731
0.886731
0.886675
0.886675
0.886486
0.886486
0.886486
0.886486
0.886675
0.886675
0.885975
0.885975
0.885975
0.885975
0.883848
0.883848
0.883848
0.883848
0.883498
0.883498
0.883498
0.883498
0.882983
0.882983
0.882983
0.882983
0.88726
0.88726
0.886019
0.886019
0.886019
0.886019
0.88726
0.88726
0.886222
0.886222
0.884954
0.884954
0.884954
0.884954
0.886222
0.886222
0.884591
0.884591
0.884557
0.884557
0.885903
0.885903
0.885903
0.885903
0.887945
0.887945
0.887945
0.887945
0.887454
0.887454
0.887454
0.887454
0.88639
0.88639
0.88639
0.88639
0.88677
0.88677
0.886778
0.886778
0.885385
0.885385
0.885385
0.885385
0.885983
0.885983
0.885983
0.885983
0.885975
0.885975
0.885975
0.885975
0.88726
0.88726
0.88726
0.88726
0.886675
0.886675
0.886675
0.886675
0.885986
0.885986
0.885986
0.885986
0.886809
0.886809
0.886285
0.886285
0.887761
0.887761
0.886298
0.886298
0.886363
0.886363
0.887387
0.887387
0.886088
0.886088
0.886359
0.886359
0.887701
0.887701
0.887701
0.887701
0.884954
0.884954
0.884954
0.884954
0.887945
0.887945
0.887945
0.887945
0.885385
0.885385
0.885385
0.885385
0.888483
0.888483
0.886285
0.886285
0.887713
0.887713
0.886796
0.886796
0.884404
0.884404
0.883646
0.883646
0.886729
0.886729
0.887387
0.887387
0.887761
0.887761
0.886359
0.886359
0.886434
0.886434
0.886434
0.886434
0.882983
0.882983
0.882983
0.882983
0.885903
0.885903
0.885903
0.885903
0.88639
0.88639
0.88639
0.88639
0.886161
0.886161
0.886528
0.886528
0.883003
0.883003
0.885182
0.885182
0.885182
0.885182
0.886528
0.886528
0.887713
0.887713
0.884404
0.884404
0.885385
0.885385
0.884536
0.884536
0.884536
0.884536
0.885385
0.885385
0.882983
0.882983
0.884431
0.884431
0.884907
0.884907
0.884001
0.884001
0.885951
0.885951
0.885983
0.885983
0.885883
0.885883
0.885883
0.885883
0.887839
0.887839
0.887839
0.887839
0.886901
0.886901
0.886901
0.886901
0.883646
0.883646
0.885875
0.885875
0.886022
0.886022
0.886375
0.886375
0.886987
0.886987
0.882983
0.882983
0.883498
0.883498
0.883498
0.883498
0.885986
0.885986
0.886119
0.886119
0.886453
0.886453
0.886476
0.886476
0.884536
0.884536
0.884536
0.884536
0.884001
0.884001
0.885986
0.885986
0.886191
0.886191
0.885871
0.885871
0.885871
0.885871
0.886191
0.886191
0.884901
0.884901
0.886437
0.886437
0.885557
0.885557
0.884001
0.884001
0.887509
0.887509
0.887509
0.887509
0.887122
0.887122
0.887122
0.887122
0.886492
0.886492
0.886901
0.886901
0.886237
0.886237
0.887017
0.887017
0.88651
0.88651
0.886617
0.886617
0.886537
0.886537
0.886279
0.886279
0.886708
0.886708
0.887469
0.887469
0.886349
0.886349
0.887171
0.887171
0.886901
0.886901
0.886901
0.886901
0.886901
0.886901
0.886901
0.886901
0.884001
0.884001
0.884001
0.884001
0.884001
0.884001
0.884001
0.884001
0.88638
0.88638
0.88638
0.88638
0.88638
0.88638
0.88638
0.88638
0.885497
0.885497
0.885497
0.885497
0.885497
0.885497
0.885497
0.885497
0.885969
0.885969
0.885969
0.885969
0.885969
0.885969
0.885969
0.885969
0.887109
0.887109
0.887109
0.887109
0.887109
0.887109
0.887109
0.887109
0.886562
0.886562
0.886045
0.886045
0.886609
0.886609
0.886501
0.886501
0.886532
0.886532
0.88599
0.88599
0.888013
0.888013
0.887751
0.887751
0.88736
0.88736
0.888691
0.888691
0.886414
0.886414
0.886304
0.886304
0.886155
0.886155
0.887009
0.887009
0.886786
0.886786
0.88549
0.88549
0.885901
0.885901
0.884479
0.884479
0.886359
0.886359
0.885817
0.885817
0.884528
0.884528
0.884701
0.884701
0.883929
0.883929
0.882734
0.882734
0.887203
0.887203
0.887203
0.887203
0.886259
0.886259
0.886259
0.886259
0.887055
0.887055
0.887055
0.887055
0.886665
0.886665
0.886665
0.886665
0.887201
0.887201
0.8876
0.8876
0.8876
0.8876
0.887201
0.887201
0.886976
0.886976
0.887868
0.887868
0.887868
0.887868
0.886976
0.886976
0.886141
0.886141
0.886141
0.886141
0.885208
0.885208
0.885208
0.885208
0.88761
0.88761
0.88761
0.88761
0.885606
0.885606
0.885606
0.885606
0.884391
0.884391
0.882737
0.882737
0.882737
0.882737
0.884391
0.884391
0.885682
0.885682
0.883966
0.883966
0.883966
0.883966
0.885682
0.885682
0.887033
0.887033
0.887033
0.887033
0.88646
0.88646
0.88646
0.88646
0.886235
0.886235
0.886235
0.886235
0.886052
0.886052
0.886052
0.886052
0.88545
0.88545
0.88545
0.88545
0.885337
0.885337
0.885371
0.885371
0.887558
0.887558
0.887558
0.887558
0.886283
0.886283
0.886283
0.886283
0.886141
0.886141
0.886141
0.886141
0.884391
0.884391
0.884391
0.884391
0.886976
0.886976
0.886976
0.886976
0.887203
0.887203
0.887203
0.887203
0.887009
0.887009
0.886155
0.886155
0.88549
0.88549
0.885901
0.885901
0.886414
0.886414
0.886304
0.886304
0.88736
0.88736
0.888013
0.888013
0.886665
0.886665
0.886665
0.886665
0.883966
0.883966
0.883966
0.883966
0.885337
0.885337
0.885371
0.885371
0.887033
0.887033
0.887033
0.887033
0.886045
0.886045
0.886609
0.886609
0.882734
0.882734
0.883929
0.883929
0.883929
0.883929
0.886609
0.886609
0.8876
0.8876
0.8876
0.8876
0.885606
0.885606
0.885606
0.885606
0.886052
0.886052
0.886052
0.886052
0.886283
0.886283
0.886283
0.886283
0.886501
0.886501
0.886532
0.886532
0.888691
0.888691
0.886304
0.886304
0.886786
0.886786
0.886155
0.886155
0.884528
0.884528
0.885817
0.885817
0.885901
0.885901
0.88736
0.88736
0.886501
0.886501
0.884528
0.884528
0.887558
0.887558
0.887109
0.887109
0.887109
0.887109
0.887558
0.887558
0.885606
0.885606
0.884528
0.884528
0.883918
0.883918
0.884001
0.884001
0.886283
0.886283
0.886283
0.886283
0.885969
0.885969
0.885969
0.885969
0.886259
0.886259
0.886901
0.886901
0.886359
0.886359
0.88586
0.88586
0.887293
0.887293
0.888013
0.888013
0.887712
0.887712
0.88761
0.88761
0.887203
0.887203
0.885747
0.885747
0.887842
0.887842
0.886715
0.886715
0.885231
0.885231
0.885955
0.885955
0.885955
0.885955
0.885231
0.885231
0.883913
0.883913
0.88282
0.88282
0.883044
0.883044
0.884001
0.884001
0.88402
0.88402
0.88402
0.88402
0.88455
0.88455
0.88455
0.88455
0.887912
0.887912
0.887912
0.887912
0.886901
0.886901
0.886901
0.886901
0.88478
0.88478
0.882897
0.882897
0.886193
0.886193
0.886047
0.886047
0.888321
0.888321
0.883913
0.883913
0.885693
0.885693
0.885693
0.885693
0.887012
0.887012
0.883265
0.883265
0.887885
0.887885
0.885622
0.885622
0.885955
0.885955
0.885955
0.885955
0.884001
0.884001
0.887012
0.887012
0.886901
0.886901
0.886901
0.886901
0.886901
0.886901
0.886901
0.886901
0.884001
0.884001
0.884001
0.884001
0.884001
0.884001
0.884001
0.884001
0.88638
0.88638
0.88638
0.88638
0.88638
0.88638
0.88638
0.88638
0.887104
0.887104
0.887104
0.887104
0.887104
0.887104
0.887104
0.887104
0.885969
0.885969
0.885969
0.885969
0.885969
0.885969
0.885969
0.885969
0.884536
0.884536
0.884536
0.884536
0.884536
0.884536
0.884536
0.884536
0.886301
0.886301
0.886442
0.886442
0.88668
0.88668
0.886059
0.886059
0.885993
0.885993
0.886856
0.886856
0.886214
0.886214
0.886093
0.886093
0.888321
0.888321
0.887975
0.887975
0.887537
0.887537
0.887011
0.887011
0.886064
0.886064
0.884764
0.884764
0.88403
0.88403
0.887567
0.887567
0.886706
0.886706
0.886174
0.886174
0.882887
0.882887
0.882793
0.882793
0.884832
0.884832
0.885973
0.885973
0.884969
0.884969
0.88759
0.88759
0.885986
0.885986
0.887758
0.887758
0.887758
0.887758
0.885986
0.885986
0.887055
0.887055
0.886665
0.886665
0.886665
0.886665
0.887055
0.887055
0.886731
0.886731
0.886731
0.886731
0.886434
0.886434
0.886434
0.886434
0.886976
0.886976
0.886976
0.886976
0.887868
0.887868
0.887868
0.887868
0.886141
0.886141
0.885208
0.885208
0.885208
0.885208
0.886141
0.886141
0.883498
0.883498
0.882983
0.882983
0.882983
0.882983
0.883498
0.883498
0.88726
0.88726
0.88726
0.88726
0.886019
0.886019
0.886019
0.886019
0.885682
0.885682
0.885682
0.885682
0.883966
0.883966
0.883966
0.883966
0.885794
0.885794
0.885959
0.885959
0.885959
0.885959
0.88576
0.88576
0.886499
0.886499
0.8866
0.8866
0.8866
0.8866
0.886499
0.886499
0.886576
0.886576
0.888001
0.888001
0.887993
0.887993
0.886576
0.886576
0.883991
0.883991
0.885257
0.885257
0.885257
0.885257
0.883991
0.883991
0.886442
0.886442
0.886301
0.886301
0.886064
0.886064
0.88403
0.88403
0.886174
0.886174
0.886856
0.886856
0.885993
0.885993
0.88759
0.88759
0.887011
0.887011
0.887537
0.887537
0.884832
0.884832
0.886093
0.886093
0.887868
0.887868
0.887868
0.887868
0.886665
0.886665
0.886665
0.886665
0.883966
0.883966
0.883966
0.883966
0.885208
0.885208
0.885208
0.885208
0.887993
0.887993
0.888001
0.888001
0.888321
0.888321
0.88668
0.88668
0.886059
0.886059
0.887975
0.887975
0.887011
0.887011
0.884764
0.884764
0.882793
0.882793
0.88759
0.88759
0.884969
0.884969
0.886706
0.886706
0.886434
0.886434
0.886434
0.886434
0.887758
0.887758
0.887758
0.887758
0.882983
0.882983
0.882983
0.882983
0.886019
0.886019
0.886019
0.886019
0.885959
0.885959
0.885959
0.885959
0.8866
0.8866
0.8866
0.8866
0.885257
0.885257
0.885257
0.885257
0.88668
0.88668
0.886059
0.886059
0.886856
0.886856
0.887975
0.887975
0.888321
0.888321
0.886093
0.886093
0.886174
0.886174
0.886706
0.886706
0.884764
0.884764
0.884832
0.884832
0.882793
0.882793
0.884969
0.884969
0.888321
0.888321
0.88668
0.88668
0.882793
0.882793
0.884969
0.884969
0.886706
0.886706
0.884764
0.884764
0.883991
0.883991
0.883991
0.883991
0.884536
0.884536
0.884536
0.884536
0.882983
0.882983
0.884001
0.884001
0.883947
0.883947
0.882818
0.882818
0.885224
0.885224
0.885969
0.885969
0.885969
0.885969
0.885257
0.885257
0.887839
0.887839
0.886901
0.886901
0.884817
0.884817
0.882887
0.882887
0.886027
0.886027
0.888356
0.888356
0.886232
0.886232
0.883498
0.883498
0.885986
0.885986
0.885748
0.885748
0.886715
0.886715
0.887842
0.887842
0.886256
0.886256
0.886256
0.886256
0.885955
0.885955
0.885955
0.885955
0.883913
0.883913
0.884001
0.884001
0.885554
0.885554
0.884528
0.884528
0.887583
0.887583
0.887122
0.887122
0.887122
0.887122
0.887583
0.887583
0.887912
0.887912
0.886901
0.886901
0.88637
0.88637
0.885779
0.885779
0.887993
0.887993
0.887677
0.887677
0.887314
0.887314
0.885693
0.885693
0.887012
0.887012
0.887469
0.887469
0.887171
0.887171
0.886349
0.886349
