4
2500
0.884001
0.884001
0.884001
0.884001
0.883835
0.883835
0.883835
0.883835
0.884001
0.884001
0.884001
0.884001
0.883835
0.883835
0.883835
0.883835
0.884001
0.884001
0.884001
0.884001
0.884001
0.884001
0.885832
0.885832
0.884001
0.884001
0.884001
0.884001
0.885832
0.885832
0.882778
0.882778
0.884001
0.884001
0.883835
0.883835
0.882989
0.882989
0.887828
0.887828
0.886901
0.886901
0.886901
0.886901
0.887828
0.887828
0.886901
0.886901
0.886901
0.886901
0.886901
0.886901
0.886901
0.886901
0.886901
0.886901
0.887828
0.887828
0.887828
0.887828
0.887828
0.887828
0.886901
0.886901
0.886901
0.886901
0.886901
0.886901
0.887828
0.887828
0.886901
0.886901
0.886901
0.886901
0.886901
0.886901
0.886901
0.886901
0.886901
0.886901
0.886143
0.886143
0.886143
0.886143
0.886143
0.886143
0.886143
0.886143
0.886143
0.886143
0.886143
0.886143
0.886143
0.886143
0.886143
0.886143
0.886143
0.886143
0.886143
0.886143
0.886143
0.886143
0.886143
0.886143
0.887302
0.887302
0.887302
0.887302
0.887302
0.887302
0.887302
0.887302
0.886594
0.886594
0.886143
0.886143
0.886143
0.886143
0.886594
0.886594
0.884994
0.884994
0.885183
0.885183
0.885183
0.885183
0.884994
0.884994
0.886143
0.886143
0.886143
0.886143
0.886143
0.886143
0.886143
0.886143
0.884759
0.884759
0.883639
0.883639
0.887227
0.887227
0.885889
0.885889
0.884869
0.884869
0.886686
0.886686
0.888742
0.888742
0.886371
0.886371
0.887499
0.887499
0.887805
0.887805
0.887588
0.887588
0.883835
0.883835
0.885803
0.885803
0.885803
0.885803
0.883835
0.883835
0.885803
0.885803
0.885803
0.885803
0.883835
0.883835
0.885803
0.885803
0.885803
0.885803
0.883835
0.883835
0.887455
0.887455
0.887455
0.887455
0.885803
0.885803
0.883835
0.883835
0.884329
0.884329
0.885803
0.885803
0.885803
0.885803
0.887668
0.887668
0.887668
0.887668
0.887828
0.887828
0.887828
0.887828
0.887668
0.887668
0.887668
0.887668
0.887668
0.887668
0.887668
0.887668
0.887668
0.887668
0.887668
0.887668
0.887397
0.887397
0.886268
0.886268
0.886607
0.886607
0.886607
0.886607
0.887699
0.887699
0.887699
0.887699
0.887668
0.887668
0.887828
0.887828
0.887921
0.887921
0.887921
0.887921
0.88574
0.88574
0.88574
0.88574
0.885803
0.885803
0.886143
0.886143
0.884329
0.884329
0.885183
0.885183
0.887668
0.887668
0.887397
0.887397
0.884001
0.884001
0.884001
0.884001
0.882778
0.882778
0.884001
0.884001
0.886901
0.886901
0.885183
0.885183
0.884001
0.884001
0.884001
0.884001
0.884001
0.884001
0.886901
0.886901
0.886268
0.886268
0.886901
0.886901
0.884001
0.884001
0.887828
0.887828
0.884001
0.884001
0.884001
0.884001
0.886901
0.886901
0.886143
0.886143
0.884001
0.884001
0.884001
0.884001
0.884001
0.884001
0.884001
0.884001
0.884001
0.884001
0.884001
0.884001
0.884001
0.884001
0.886901
0.886901
0.886901
0.886901
0.886901
0.886901
0.886901
0.886901
0.886901
0.886901
0.885769
0.885769
0.886143
0.886143
0.886361
0.886361
0.885984
0.885984
0.88598
0.88598
0.885956
0.885956
0.884259
0.884259
0.885345
0.885345
0.88501
0.88501
0.884462
0.884462
0.886427
0.886427
0.886072
0.886072
0.886084
0.886084
0.88622
0.88622
0.886169
0.886169
0.886069
0.886069
0.88711
0.88711
0.887524
0.887524
0.887041
0.887041
0.887343
0.887343
0.884001
0.884001
0.884001
0.884001
0.884001
0.884001
0.884001
0.884001
0.884001
0.884001
0.884001
0.884001
0.884001
0.884001
0.884001
0.884001
0.884001
0.884001
0.884001
0.884001
0.887469
0.887469
0.88751
0.88751
0.885222
0.885222
0.885856
0.885856
0.884518
0.884518
0.885469
0.885469
0.886321
0.886321
0.886412
0.886412
0.884001
0.884001
0.884001
0.884001
0.884001
0.884001
0.884001
0.884001
0.887177
0.887177
0.888214
0.888214
0.887016
0.887016
0.887803
0.887803
0.886121
0.886121
0.88701
0.88701
0.886076
0.886076
0.886611
0.886611
0.884309
0.884309
0.88544
0.88544
0.8839
0.8839
0.884985
0.884985
0.883291
0.883291
0.885199
0.885199
0.883738
0.883738
0.88512
0.88512
0.884455
0.884455
0.886335
0.886335
0.88519
0.88519
0.886295
0.886295
0.885725
0.885725
0.885923
0.885923
0.88598
0.88598
0.886046
0.886046
0.886817
0.886817
0.8865
0.8865
0.88735
0.88735
0.886435
0.886435
0.886873
0.886873
0.887039
0.887039
0.886975
0.886975
0.88716
0.88716
0.884001
0.884001
0.884001
0.884001
0.884001
0.884001
0.884001
0.884001
0.884001
0.884001
0.884001
0.884001
0.884001
0.884001
0.884001
0.884001
0.884001
0.884001
0.884001
0.884001
0.884001
0.884001
0.884001
0.884001
0.884001
0.884001
0.884001
0.884001
0.884001
0.884001
0.884001
0.884001
0.884001
0.884001
0.884001
0.884001
0.884001
0.884001
0.884001
0.884001
0.884001
0.884001
0.884001
0.884001
0.884001
0.884001
0.884001
0.884001
0.884001
0.884001
0.884001
0.884001
0.884001
0.884001
0.884001
0.884001
0.884001
0.884001
0.884001
0.884001
0.884001
0.884001
0.884001
0.884001
0.884001
0.884001
0.884001
0.884001
0.884001
0.884001
0.884001
0.884001
0.884001
0.884001
0.884001
0.884001
0.884001
0.884001
0.884001
0.884001
0.884001
0.884001
0.884001
0.884001
0.884001
0.884001
0.884001
0.884001
0.884001
0.884001
0.884001
0.884001
0.883799
0.883799
0.88389
0.88389
0.883788
0.883788
0.88281
0.88281
0.882733
0.882733
0.885056
0.885056
0.884907
0.884907
0.885805
0.885805
0.88611
0.88611
0.885942
0.885942
0.88553
0.88553
0.883186
0.883186
0.884469
0.884469
0.886071
0.886071
0.884128
0.884128
0.884115
0.884115
0.884165
0.884165
0.884541
0.884541
0.883411
0.883411
0.883153
0.883153
0.883174
0.883174
0.882932
0.882932
0.883256
0.883256
0.883656
0.883656
0.884072
0.884072
0.884099
0.884099
0.886165
0.886165
0.886
0.886
0.886155
0.886155
0.886188
0.886188
0.886143
0.886143
0.886361
0.886361
0.885956
0.885956
0.885345
0.885345
0.88501
0.88501
0.886072
0.886072
0.886084
0.886084
0.886069
0.886069
0.887524
0.887524
0.887041
0.887041
0.88751
0.88751
0.885856
0.885856
0.885469
0.885469
0.886412
0.886412
0.888214
0.888214
0.887803
0.887803
0.88701
0.88701
0.886611
0.886611
0.88544
0.88544
0.884985
0.884985
0.885199
0.885199
0.88512
0.88512
0.886335
0.886335
0.886295
0.886295
0.885923
0.885923
0.886046
0.886046
0.8865
0.8865
0.886435
0.886435
0.887039
0.887039
0.88716
0.88716
0.887535
0.887535
0.887828
0.887828
0.886901
0.886901
0.886901
0.886901
0.887878
0.887878
0.886901
0.886901
0.888186
0.888186
0.886901
0.886901
0.888361
0.888361
0.886901
0.886901
0.888338
0.888338
0.886901
0.886901
0.888068
0.888068
0.886901
0.886901
0.888051
0.888051
0.886901
0.886901
0.887711
0.887711
0.886901
0.886901
0.887612
0.887612
0.886901
0.886901
0.887334
0.887334
0.886901
0.886901
0.886578
0.886578
0.886901
0.886901
0.886332
0.886332
0.886901
0.886901
0.88644
0.88644
0.886901
0.886901
0.886723
0.886723
0.886901
0.886901
0.88661
0.88661
0.886901
0.886901
0.886486
0.886486
0.886901
0.886901
0.886435
0.886435
0.886901
0.886901
0.886413
0.886413
0.886901
0.886901
0.886196
0.886196
0.886901
0.886901
0.886358
0.886358
0.886901
0.886901
0.886282
0.886282
0.886901
0.886901
0.886716
0.886716
0.886901
0.886901
0.886324
0.886324
0.886901
0.886901
0.886325
0.886325
0.886901
0.886901
0.886694
0.886694
0.886901
0.886901
0.887027
0.887027
0.886901
0.886901
0.887339
0.887339
0.886901
0.886901
0.887341
0.887341
0.886901
0.886901
0.887565
0.887565
0.886901
0.886901
0.887419
0.887419
0.887668
0.887668
0.887517
0.887517
0.886668
0.886668
0.886615
0.886615
0.88682
0.88682
0.886848
0.886848
0.886848
0.886848
0.88735
0.88735
0.887366
0.887366
0.887589
0.887589
0.886357
0.886357
0.886514
0.886514
0.88659
0.88659
0.887345
0.887345
0.887346
0.887346
0.887663
0.887663
0.887799
0.887799
0.88732
0.88732
0.887093
0.887093
0.887151
0.887151
0.886394
0.886394
0.886357
0.886357
0.886622
0.886622
0.886691
0.886691
0.886316
0.886316
0.886722
0.886722
0.886399
0.886399
0.886417
0.886417
0.886041
0.886041
