4
2500
0.887302
0.887302
0.887302
0.887302
0.887302
0.887302
0.887302
0.887302
0.885183
0.885183
0.885183
0.885183
0.885183
0.885183
0.885183
0.885183
0.886072
0.886072
0.886072
0.886072
0.886072
0.886072
0.886072
0.886072
0.884001
0.884001
0.884001
0.884001
0.884001
0.884001
0.884001
0.884001
0.886143
0.886143
0.886143
0.886143
0.886143
0.886143
0.886143
0.886143
0.886901
0.886901
0.886901
0.886901
0.886901
0.886901
0.886901
0.886901
0.886412
0.886412
0.886228
0.886228
0.886461
0.886461
0.887212
0.887212
0.886903
0.886903
0.886357
0.886357
0.887805
0.887805
0.887588
0.887588
0.887499
0.887499
0.887227
0.887227
0.885889
0.885889
0.884869
0.884869
0.886094
0.886094
0.886338
0.886338
0.88666
0.88666
0.884518
0.884518
0.884629
0.884629
0.885812
0.885812
0.888742
0.888742
0.886371
0.886371
0.886686
0.886686
0.884759
0.884759
0.883639
0.883639
0.882989
0.882989
0.886268
0.886268
0.887397
0.887397
0.887397
0.887397
0.886268
0.886268
0.886594
0.886594
0.887921
0.887921
0.887921
0.887921
0.886594
0.886594
0.885832
0.885832
0.887455
0.887455
0.887455
0.887455
0.885832
0.885832
0.886486
0.886486
0.886925
0.886925
0.886925
0.886925
0.886486
0.886486
0.885718
0.885718
0.885937
0.885937
0.885937
0.885937
0.885718
0.885718
0.882778
0.882778
0.884329
0.884329
0.884329
0.884329
0.882778
0.882778
0.88574
0.88574
0.884994
0.884994
0.884994
0.884994
0.88574
0.88574
0.887699
0.887699
0.886607
0.886607
0.886607
0.886607
0.887699
0.887699
0.885123
0.885123
0.886494
0.886494
0.886494
0.886494
0.885123
0.885123
0.886486
0.886486
0.886848
0.886848
0.886848
0.886848
0.886486
0.886486
0.885803
0.885803
0.883835
0.883835
0.883835
0.883835
0.885803
0.885803
0.887828
0.887828
0.887668
0.887668
0.887668
0.887668
0.887828
0.887828
0.885812
0.885812
0.886357
0.886357
0.886903
0.886903
0.886228
0.886228
0.886412
0.886412
0.886094
0.886094
0.88666
0.88666
0.882989
0.882989
0.884869
0.884869
0.885889
0.885889
0.886686
0.886686
0.887588
0.887588
0.887921
0.887921
0.887921
0.887921
0.886925
0.886925
0.886925
0.886925
0.884994
0.884994
0.884994
0.884994
0.885937
0.885937
0.885937
0.885937
0.883835
0.883835
0.883835
0.883835
0.887499
0.887499
0.886461
0.886461
0.887212
0.887212
0.887227
0.887227
0.884869
0.884869
0.882989
0.882989
0.883639
0.883639
0.884629
0.884629
0.886338
0.886338
0.886371
0.886371
0.887455
0.887455
0.887455
0.887455
0.887397
0.887397
0.887397
0.887397
0.886607
0.886607
0.886607
0.886607
0.884329
0.884329
0.884329
0.884329
0.886848
0.886848
0.886848
0.886848
0.886494
0.886494
0.886494
0.886494
0.887668
0.887668
0.887668
0.887668
0.887227
0.887227
0.887499
0.887499
0.887588
0.887588
0.886461
0.886461
0.887212
0.887212
0.886357
0.886357
0.885812
0.885812
0.884629
0.884629
0.886338
0.886338
0.886686
0.886686
0.886371
0.886371
0.883639
0.883639
0.887499
0.887499
0.886461
0.886461
0.886371
0.886371
0.883639
0.883639
0.884629
0.884629
0.886338
0.886338
0.887302
0.887302
0.887302
0.887302
0.887302
0.887302
0.887302
0.887302
0.885183
0.885183
0.885183
0.885183
0.885183
0.885183
0.885183
0.885183
0.886072
0.886072
0.886072
0.886072
0.886072
0.886072
0.886072
0.886072
0.884001
0.884001
0.884001
0.884001
0.884001
0.884001
0.884001
0.884001
0.886143
0.886143
0.886143
0.886143
0.886143
0.886143
0.886143
0.886143
0.886901
0.886901
0.886901
0.886901
0.886901
0.886901
0.886901
0.886901
0.886412
0.886412
0.886228
0.886228
0.886461
0.886461
0.887212
0.887212
0.886903
0.886903
0.886357
0.886357
0.887805
0.887805
0.887588
0.887588
0.887499
0.887499
0.887227
0.887227
0.885889
0.885889
0.884869
0.884869
0.886094
0.886094
0.886338
0.886338
0.88666
0.88666
0.884518
0.884518
0.884629
0.884629
0.885812
0.885812
0.888742
0.888742
0.886371
0.886371
0.886686
0.886686
0.884759
0.884759
0.883639
0.883639
0.882989
0.882989
0.886268
0.886268
0.887397
0.887397
0.887397
0.887397
0.886268
0.886268
0.886594
0.886594
0.887921
0.887921
0.887921
0.887921
0.886594
0.886594
0.885832
0.885832
0.887455
0.887455
0.887455
0.887455
0.885832
0.885832
0.886486
0.886486
0.886925
0.886925
0.886925
0.886925
0.886486
0.886486
0.885718
0.885718
0.885937
0.885937
0.885937
0.885937
0.885718
0.885718
0.882778
0.882778
0.884329
0.884329
0.884329
0.884329
0.882778
0.882778
0.88574
0.88574
0.884994
0.884994
0.884994
0.884994
0.88574
0.88574
0.887699
0.887699
0.886607
0.886607
0.886607
0.886607
0.887699
0.887699
0.885123
0.885123
0.886494
0.886494
0.886494
0.886494
0.885123
0.885123
0.886486
0.886486
0.886848
0.886848
0.886848
0.886848
0.886486
0.886486
0.885803
0.885803
0.883835
0.883835
0.883835
0.883835
0.885803
0.885803
0.887828
0.887828
0.887668
0.887668
0.887668
0.887668
0.887828
0.887828
0.885718
0.885718
0.885718
0.885718
0.886486
0.886486
0.886486
0.886486
0.882778
0.882778
0.882778
0.882778
0.885832
0.885832
0.885832
0.885832
0.88574
0.88574
0.88574
0.88574
0.886594
0.886594
0.886594
0.886594
0.887699
0.887699
0.887699
0.887699
0.886268
0.886268
0.886268
0.886268
0.884518
0.884518
0.885812
0.885812
0.886357
0.886357
0.886903
0.886903
0.886228
0.886228
0.886412
0.886412
0.886094
0.886094
0.88666
0.88666
0.884759
0.884759
0.882989
0.882989
0.884869
0.884869
0.885889
0.885889
0.888742
0.888742
0.886686
0.886686
0.887588
0.887588
0.887805
0.887805
0.885123
0.885123
0.885123
0.885123
0.883835
0.883835
0.883835
0.883835
0.887828
0.887828
0.887828
0.887828
0.886486
0.886486
0.886486
0.886486
0.884518
0.884518
0.882989
0.882989
0.884869
0.884869
0.886903
0.886903
0.888742
0.888742
0.88666
0.88666
0.886228
0.886228
0.887805
0.887805
0.886901
0.886901
0.886901
0.886901
0.886901
0.886901
0.886901
0.886901
0.884001
0.884001
0.884001
0.884001
0.884001
0.884001
0.884001
0.884001
0.886072
0.886072
0.886072
0.886072
0.886072
0.886072
0.886072
0.886072
0.887302
0.887302
0.887302
0.887302
0.887302
0.887302
0.887302
0.887302
0.886143
0.886143
0.886143
0.886143
0.886143
0.886143
0.886143
0.886143
0.885183
0.885183
0.885183
0.885183
0.885183
0.885183
0.885183
0.885183
0.886094
0.886094
0.886338
0.886338
0.88666
0.88666
0.886228
0.886228
0.886461
0.886461
0.886412
0.886412
0.886371
0.886371
0.886686
0.886686
0.888742
0.888742
0.887805
0.887805
0.887588
0.887588
0.887499
0.887499
0.885812
0.885812
0.884518
0.884518
0.884629
0.884629
0.887212
0.887212
0.886903
0.886903
0.886357
0.886357
0.883639
0.883639
0.882989
0.882989
0.884759
0.884759
0.885889
0.885889
0.884869
0.884869
0.887227
0.887227
0.886607
0.886607
0.887699
0.887699
0.887699
0.887699
0.886607
0.886607
0.887668
0.887668
0.887828
0.887828
0.887828
0.887828
0.887668
0.887668
0.887397
0.887397
0.886268
0.886268
0.886268
0.886268
0.887397
0.887397
0.886848
0.886848
0.886486
0.886486
0.886486
0.886486
0.886848
0.886848
0.886494
0.886494
0.885123
0.885123
0.885123
0.885123
0.886494
0.886494
0.887455
0.887455
0.885832
0.885832
0.885832
0.885832
0.887455
0.887455
0.885803
0.885803
0.883835
0.883835
0.883835
0.883835
0.885803
0.885803
0.884329
0.884329
0.882778
0.882778
0.882778
0.882778
0.884329
0.884329
0.886925
0.886925
0.886486
0.886486
0.886486
0.886486
0.886925
0.886925
0.885937
0.885937
0.885718
0.885718
0.885718
0.885718
0.885937
0.885937
0.886594
0.886594
0.887921
0.887921
0.887921
0.887921
0.886594
0.886594
0.884994
0.884994
0.88574
0.88574
0.88574
0.88574
0.884994
0.884994
0.886494
0.886494
0.886494
0.886494
0.886848
0.886848
0.886848
0.886848
0.887455
0.887455
0.887455
0.887455
0.887397
0.887397
0.887397
0.887397
0.885803
0.885803
0.885803
0.885803
0.887668
0.887668
0.887668
0.887668
0.884329
0.884329
0.884329
0.884329
0.886607
0.886607
0.886607
0.886607
0.887212
0.887212
0.886357
0.886357
0.886412
0.886412
0.886461
0.886461
0.886338
0.886338
0.886094
0.886094
0.885812
0.885812
0.884629
0.884629
0.885889
0.885889
0.887227
0.887227
0.887499
0.887499
0.887588
0.887588
0.883639
0.883639
0.884759
0.884759
0.886686
0.886686
0.886371
0.886371
0.886925
0.886925
0.886925
0.886925
0.887921
0.887921
0.887921
0.887921
0.884994
0.884994
0.884994
0.884994
0.885937
0.885937
0.885937
0.885937
0.887212
0.887212
0.887227
0.887227
0.887499
0.887499
0.886461
0.886461
0.883639
0.883639
0.884629
0.884629
0.886338
0.886338
0.886371
0.886371
0.886901
0.886901
0.886901
0.886901
0.886901
0.886901
0.886901
0.886901
0.886901
0.886901
0.886901
0.886901
0.886901
0.886901
0.886901
0.886901
0.884001
0.884001
0.884001
0.884001
0.884001
0.884001
0.884001
0.884001
0.884001
0.884001
0.884001
0.884001
0.884001
0.884001
0.884001
0.884001
0.886072
0.886072
0.886072
0.886072
0.886072
0.886072
0.886072
0.886072
0.886072
0.886072
0.886072
0.886072
0.886072
0.886072
0.886072
0.886072
0.886143
0.886143
0.886143
0.886143
0.886143
0.886143
0.886143
0.886143
0.886143
0.886143
0.886143
0.886143
0.886143
0.886143
0.886143
0.886143
0.887828
0.887828
0.887668
0.887668
0.887828
0.887828
0.887668
0.887668
0.887668
0.887668
0.887828
0.887828
0.887668
0.887668
0.887828
0.887828
0.886486
0.886486
0.886848
0.886848
0.886486
0.886486
0.886848
0.886848
0.886848
0.886848
0.886486
0.886486
0.886848
0.886848
0.886486
0.886486
0.885123
0.885123
0.886494
0.886494
0.885123
0.885123
0.886494
0.886494
0.886494
0.886494
0.885123
0.885123
0.886494
0.886494
0.885123
0.885123
0.883835
0.883835
0.885803
0.885803
0.883835
0.883835
0.885803
0.885803
0.885803
0.885803
0.883835
0.883835
0.885803
0.885803
0.883835
0.883835
0.886494
0.886494
0.886494
0.886494
0.886494
0.886494
0.886494
0.886494
0.886848
0.886848
0.886848
0.886848
0.886848
0.886848
0.886848
0.886848
0.885803
0.885803
0.885803
0.885803
0.885803
0.885803
0.885803
0.885803
0.887668
0.887668
0.887668
0.887668
0.887668
0.887668
0.887668
0.887668
0.886901
0.886901
0.886901
0.886901
0.886901
0.886901
0.886901
0.886901
0.884001
0.884001
0.884001
0.884001
0.884001
0.884001
0.884001
0.884001
0.886072
0.886072
0.886072
0.886072
0.886072
0.886072
0.886072
0.886072
0.887302
0.887302
0.887302
0.887302
0.887302
0.887302
0.887302
0.887302
0.886143
0.886143
0.886143
0.886143
0.886143
0.886143
0.886143
0.886143
0.885183
0.885183
0.885183
0.885183
0.885183
0.885183
0.885183
0.885183
0.886094
0.886094
0.886338
0.886338
0.88666
0.88666
0.886228
0.886228
0.886461
0.886461
0.886412
0.886412
0.886371
0.886371
0.886686
0.886686
0.888742
0.888742
0.887805
0.887805
0.887588
0.887588
0.887499
0.887499
0.885812
0.885812
0.884518
0.884518
0.884629
0.884629
0.887212
0.887212
0.886903
0.886903
0.886357
0.886357
0.883639
0.883639
0.882989
0.882989
0.884759
0.884759
0.885889
0.885889
0.884869
0.884869
0.887227
0.887227
0.886607
0.886607
0.887699
0.887699
0.887699
0.887699
0.886607
0.886607
0.887668
0.887668
0.887828
0.887828
0.887828
0.887828
0.887668
0.887668
0.887397
0.887397
0.886268
0.886268
0.886268
0.886268
0.887397
0.887397
0.886848
0.886848
0.886486
0.886486
0.886486
0.886486
0.886848
0.886848
0.886494
0.886494
0.885123
0.885123
0.885123
0.885123
0.886494
0.886494
0.887455
0.887455
0.885832
0.885832
0.885832
0.885832
0.887455
0.887455
0.885803
0.885803
0.883835
0.883835
0.883835
0.883835
0.885803
0.885803
0.884329
0.884329
0.882778
0.882778
0.882778
0.882778
0.884329
0.884329
0.886925
0.886925
0.886486
0.886486
0.886486
0.886486
0.886925
0.886925
0.885937
0.885937
0.885718
0.885718
0.885718
0.885718
0.885937
0.885937
0.886594
0.886594
0.887921
0.887921
0.887921
0.887921
0.886594
0.886594
0.884994
0.884994
0.88574
0.88574
0.88574
0.88574
0.884994
0.884994
0.886494
0.886494
0.886494
0.886494
0.886848
0.886848
0.886848
0.886848
0.887455
0.887455
0.887455
0.887455
0.887397
0.887397
0.887397
0.887397
0.885803
0.885803
0.885803
0.885803
0.887668
0.887668
0.887668
0.887668
0.884329
0.884329
0.884329
0.884329
0.886607
0.886607
0.886607
0.886607
0.887212
0.887212
0.886357
0.886357
0.886412
0.886412
0.886461
0.886461
0.886338
0.886338
0.886094
0.886094
0.885812
0.885812
0.884629
0.884629
0.885889
0.885889
0.887227
0.887227
0.887499
0.887499
0.887588
0.887588
0.883639
0.883639
0.884759
0.884759
0.886686
0.886686
0.886371
0.886371
0.886925
0.886925
0.886925
0.886925
0.887921
0.887921
0.887921
0.887921
0.884994
0.884994
0.884994
0.884994
0.885937
0.885937
0.885937
0.885937
0.887212
0.887212
0.887227
0.887227
0.887499
0.887499
0.886461
0.886461
0.883639
0.883639
0.884629
0.884629
0.886338
0.886338
0.886371
0.886371
0.886901
0.886901
0.886901
0.886901
0.886901
0.886901
0.886901
0.886901
0.886901
0.886901
0.886901
0.886901
0.886901
0.886901
0.886901
0.886901
0.884001
0.884001
0.884001
0.884001
0.884001
0.884001
0.884001
0.884001
0.884001
0.884001
0.884001
0.884001
0.884001
0.884001
0.884001
0.884001
0.886072
0.886072
0.886072
0.886072
0.886072
0.886072
0.886072
0.886072
0.886072
0.886072
0.886072
0.886072
0.886072
0.886072
0.886072
0.886072
0.886143
0.886143
0.886143
0.886143
0.886143
0.886143
0.886143
0.886143
0.886143
0.886143
0.886143
0.886143
0.886143
0.886143
0.886143
0.886143
0.887828
0.887828
0.887668
0.887668
0.887828
0.887828
0.887668
0.887668
0.887668
0.887668
0.887828
0.887828
0.887668
0.887668
0.887828
0.887828
0.886486
0.886486
0.886848
0.886848
0.886486
0.886486
0.886848
0.886848
0.886848
0.886848
0.886486
0.886486
0.886848
0.886848
0.886486
0.886486
0.885123
0.885123
0.886494
0.886494
0.885123
0.885123
0.886494
0.886494
0.886494
0.886494
0.885123
0.885123
0.886494
0.886494
0.885123
0.885123
0.883835
0.883835
0.885803
0.885803
0.883835
0.883835
0.885803
0.885803
0.885803
0.885803
0.883835
0.883835
0.885803
0.885803
0.883835
0.883835
0.886494
0.886494
0.886494
0.886494
0.886494
0.886494
0.886494
0.886494
0.886848
0.886848
0.886848
0.886848
0.886848
0.886848
0.886848
0.886848
0.885803
0.885803
0.885803
0.885803
0.885803
0.885803
0.885803
0.885803
0.887668
0.887668
0.887668
0.887668
0.887668
0.887668
0.887668
0.887668
0.886072
0.886072
0.886072
0.886072
0.886072
0.886072
0.886072
0.886072
0.886072
0.886072
0.886072
0.886072
0.886072
0.886072
0.886072
0.886072
0.886072
0.886072
0.886072
0.886072
0.886072
0.886072
0.886072
0.886072
0.885718
0.885718
0.885718
0.885718
0.886486
0.886486
0.886486
0.886486
0.885718
0.885718
0.885718
0.885718
0.886486
0.886486
0.886486
0.886486
0.886494
0.886494
0.886494
0.886494
0.886848
0.886848
0.886848
0.886848
0.886494
0.886494
0.886494
0.886494
0.886848
0.886848
0.886848
0.886848
0.886357
0.886357
0.885812
0.885812
0.886094
0.886094
0.886412
0.886412
0.886357
0.886357
0.886094
0.886094
0.885812
0.885812
0.886412
0.886412
0.885937
0.885937
0.885183
0.885183
0.885183
0.885183
0.885937
0.885937
0.886925
0.886925
0.887302
0.887302
0.887302
0.887302
0.886925
0.886925
0.885937
0.885937
0.885183
0.885183
0.885183
0.885183
0.885937
0.885937
0.886925
0.886925
0.887302
0.887302
0.887302
0.887302
0.886925
0.886925
0.884629
0.884629
0.883219
0.883219
0.886461
0.886461
0.887397
0.887397
0.884629
0.884629
0.883219
0.883219
0.886461
0.886461
0.887397
0.887397
0.886732
0.886732
0.887212
0.887212
0.886607
0.886607
0.886338
0.886338
0.886732
0.886732
0.887212
0.887212
0.886607
0.886607
0.886338
0.886338
0.885123
0.885123
0.883862
0.883862
0.883862
0.883862
0.885123
0.885123
0.886486
0.886486
0.886901
0.886901
0.886901
0.886901
0.886486
0.886486
0.885123
0.885123
0.883862
0.883862
0.883862
0.883862
0.885123
0.885123
0.886486
0.886486
0.886901
0.886901
0.886901
0.886901
0.886486
0.886486
0.886903
0.886903
0.884842
0.884842
0.882898
0.882898
0.884518
0.884518
0.88666
0.88666
0.887699
0.887699
0.886268
0.886268
0.886228
0.886228
0.886903
0.886903
0.884811
0.884811
0.88666
0.88666
0.887699
0.887699
0.882898
0.882898
0.884518
0.884518
0.886268
0.886268
0.886228
0.886228
0.885183
0.885183
0.885183
0.885183
0.885183
0.885183
0.885183
0.885183
0.887302
0.887302
0.887302
0.887302
0.887302
0.887302
0.887302
0.887302
0.885183
0.885183
0.885183
0.885183
0.885183
0.885183
0.885183
0.885183
0.887302
0.887302
0.887302
0.887302
0.887302
0.887302
0.887302
0.887302
0.884541
0.884541
0.884329
0.884329
0.887397
0.887397
0.887397
0.887397
0.884541
0.884541
0.884329
0.884329
0.887397
0.887397
0.887397
0.887397
0.887455
0.887455
0.887318
0.887318
0.886607
0.886607
0.886607
0.886607
0.887455
0.887455
0.887349
0.887349
0.886607
0.886607
0.886607
0.886607
0.883808
0.883808
0.884001
0.884001
0.884001
0.884001
0.883808
0.883808
0.886901
0.886901
0.886901
0.886901
0.886901
0.886901
0.886901
0.886901
0.883808
0.883808
0.884001
0.884001
0.884001
0.884001
0.883808
0.883808
0.886901
0.886901
0.886901
0.886901
0.886901
0.886901
0.886901
0.886901
0.884921
0.884921
0.885832
0.885832
0.882778
0.882778
0.88296
0.88296
0.887699
0.887699
0.887699
0.887699
0.886268
0.886268
0.886268
0.886268
0.884921
0.884921
0.885832
0.885832
0.887699
0.887699
0.887699
0.887699
0.882778
0.882778
0.88296
0.88296
0.886268
0.886268
0.886268
0.886268
0.885183
0.885183
0.885183
0.885183
0.887302
0.887302
0.887302
0.887302
0.885183
0.885183
0.885183
0.885183
0.887302
0.887302
0.887302
0.887302
0.884236
0.884236
0.887397
0.887397
0.884236
0.884236
0.887397
0.887397
0.887446
0.887446
0.886607
0.886607
0.887474
0.887474
0.886607
0.886607
0.884036
0.884036
0.884036
0.884036
0.883862
0.883862
0.883862
0.883862
0.886901
0.886901
0.886901
0.886901
0.884036
0.884036
0.884036
0.884036
0.883862
0.883862
0.883862
0.883862
0.886901
0.886901
0.886901
0.886901
0.885723
0.885723
0.884842
0.884842
0.884179
0.884179
0.882898
0.882898
0.887699
0.887699
0.886268
0.886268
0.885723
0.885723
0.884811
0.884811
0.887699
0.887699
0.884179
0.884179
0.882898
0.882898
0.886268
0.886268
0.884036
0.884036
0.884036
0.884036
0.884036
0.884036
0.884036
0.884036
0.885723
0.885723
0.884179
0.884179
0.885723
0.885723
0.884179
0.884179
0.887212
0.887212
0.886903
0.886903
0.886338
0.886338
0.88666
0.88666
0.887212
0.887212
0.886903
0.886903
0.886338
0.886338
0.88666
0.88666
0.884518
0.884518
0.884629
0.884629
0.886228
0.886228
0.886461
0.886461
0.884518
0.884518
0.884629
0.884629
0.886228
0.886228
0.886461
0.886461
0.885937
0.885937
0.885937
0.885937
0.886925
0.886925
0.886925
0.886925
0.885937
0.885937
0.885937
0.885937
0.886925
0.886925
0.886925
0.886925
0.885123
0.885123
0.885123
0.885123
0.886486
0.886486
0.886486
0.886486
0.885123
0.885123
0.885123
0.885123
0.886486
0.886486
0.886486
0.886486
0.886903
0.886903
0.884842
0.884842
0.886338
0.886338
0.886607
0.886607
0.887212
0.887212
0.886732
0.886732
0.886338
0.886338
0.886607
0.886607
0.884629
0.884629
0.883219
0.883219
0.886461
0.886461
0.887397
0.887397
0.884629
0.884629
0.883219
0.883219
0.886461
0.886461
0.887397
0.887397
0.885832
0.885832
0.884921
0.884921
0.886607
0.886607
0.886607
0.886607
0.887455
0.887455
0.887349
0.887349
0.886607
0.886607
0.886607
0.886607
0.884329
0.884329
0.884541
0.884541
0.887397
0.887397
0.887397
0.887397
0.884329
0.884329
0.884541
0.884541
0.887397
0.887397
0.887397
0.887397
0.886732
0.886732
0.887446
0.887446
0.886607
0.886607
0.886732
0.886732
0.887474
0.887474
0.886607
0.886607
0.883219
0.883219
0.884236
0.884236
0.887397
0.887397
0.883219
0.883219
0.884236
0.884236
0.887397
0.887397
0.887318
0.887318
0.887446
0.887446
0.887474
0.887474
0.884236
0.884236
0.884236
0.884236
0.886072
0.886072
0.886072
0.886072
0.886072
0.886072
0.886072
0.886072
0.885718
0.885718
0.885718
0.885718
0.886486
0.886486
0.886486
0.886486
0.886848
0.886848
0.886848
0.886848
0.886494
0.886494
0.886494
0.886494
0.885812
0.885812
0.886094
0.886094
0.886357
0.886357
0.886412
0.886412
0.885937
0.885937
0.885183
0.885183
0.885183
0.885183
0.885937
0.885937
0.886925
0.886925
0.887302
0.887302
0.887302
0.887302
0.886925
0.886925
0.884629
0.884629
0.883219
0.883219
0.886461
0.886461
0.887397
0.887397
0.886607
0.886607
0.886338
0.886338
0.886732
0.886732
0.887212
0.887212
0.886486
0.886486
0.886901
0.886901
0.886901
0.886901
0.886486
0.886486
0.885123
0.885123
0.883862
0.883862
0.883862
0.883862
0.885123
0.885123
0.882898
0.882898
0.884518
0.884518
0.88666
0.88666
0.887699
0.887699
0.886903
0.886903
0.884811
0.884811
0.886268
0.886268
0.886228
0.886228
0.885183
0.885183
0.885183
0.885183
0.885183
0.885183
0.885183
0.885183
0.887302
0.887302
0.887302
0.887302
0.887302
0.887302
0.887302
0.887302
0.884541
0.884541
0.884329
0.884329
0.887397
0.887397
0.887397
0.887397
0.886607
0.886607
0.886607
0.886607
0.887455
0.887455
0.887349
0.887349
0.886901
0.886901
0.886901
0.886901
0.886901
0.886901
0.886901
0.886901
0.883808
0.883808
0.884001
0.884001
0.884001
0.884001
0.883808
0.883808
0.882778
0.882778
0.88296
0.88296
0.887699
0.887699
0.887699
0.887699
0.884921
0.884921
0.885832
0.885832
0.886268
0.886268
0.886268
0.886268
0.885183
0.885183
0.885183
0.885183
0.887302
0.887302
0.887302
0.887302
0.884236
0.884236
0.887397
0.887397
0.886607
0.886607
0.887474
0.887474
0.886901
0.886901
0.886901
0.886901
0.884036
0.884036
0.884036
0.884036
0.883862
0.883862
0.883862
0.883862
0.884179
0.884179
0.882898
0.882898
0.887699
0.887699
0.885723
0.885723
0.884811
0.884811
0.886268
0.886268
0.884036
0.884036
0.884036
0.884036
0.884179
0.884179
0.885723
0.885723
0.886338
0.886338
0.88666
0.88666
0.887212
0.887212
0.886903
0.886903
0.884518
0.884518
0.884629
0.884629
0.886228
0.886228
0.886461
0.886461
0.885937
0.885937
0.885937
0.885937
0.886925
0.886925
0.886925
0.886925
0.886486
0.886486
0.886486
0.886486
0.885123
0.885123
0.885123
0.885123
0.886338
0.886338
0.886607
0.886607
0.887212
0.887212
0.886732
0.886732
0.884629
0.884629
0.883219
0.883219
0.886461
0.886461
0.887397
0.887397
0.886607
0.886607
0.886607
0.886607
0.887455
0.887455
0.887349
0.887349
0.884329
0.884329
0.884541
0.884541
0.887397
0.887397
0.887397
0.887397
0.886607
0.886607
0.886732
0.886732
0.887474
0.887474
0.883219
0.883219
0.884236
0.884236
0.887397
0.887397
0.887474
0.887474
0.884236
0.884236
0.886072
0.886072
0.886072
0.886072
0.886072
0.886072
0.886072
0.886072
0.886486
0.886486
0.886486
0.886486
0.885718
0.885718
0.885718
0.885718
0.886494
0.886494
0.886494
0.886494
0.886848
0.886848
0.886848
0.886848
0.886357
0.886357
0.886412
0.886412
0.886094
0.886094
0.885812
0.885812
0.886925
0.886925
0.887302
0.887302
0.887302
0.887302
0.886925
0.886925
0.885937
0.885937
0.885183
0.885183
0.885183
0.885183
0.885937
0.885937
0.886461
0.886461
0.887397
0.887397
0.884629
0.884629
0.883219
0.883219
0.886732
0.886732
0.887212
0.887212
0.886607
0.886607
0.886338
0.886338
0.885123
0.885123
0.883862
0.883862
0.883862
0.883862
0.885123
0.885123
0.886486
0.886486
0.886901
0.886901
0.886901
0.886901
0.886486
0.886486
0.886903
0.886903
0.884842
0.884842
0.886268
0.886268
0.886228
0.886228
0.88666
0.88666
0.887699
0.887699
0.882928
0.882928
0.884518
0.884518
0.887302
0.887302
0.887302
0.887302
0.887302
0.887302
0.887302
0.887302
0.885183
0.885183
0.885183
0.885183
0.885183
0.885183
0.885183
0.885183
0.887397
0.887397
0.887397
0.887397
0.884541
0.884541
0.884329
0.884329
0.887455
0.887455
0.887318
0.887318
0.886607
0.886607
0.886607
0.886607
0.883808
0.883808
0.884001
0.884001
0.884001
0.884001
0.883808
0.883808
0.886901
0.886901
0.886901
0.886901
0.886901
0.886901
0.886901
0.886901
0.884921
0.884921
0.885832
0.885832
0.886268
0.886268
0.886268
0.886268
0.887699
0.887699
0.887699
0.887699
0.882778
0.882778
0.88296
0.88296
0.887302
0.887302
0.887302
0.887302
0.885183
0.885183
0.885183
0.885183
0.887397
0.887397
0.884236
0.884236
0.887446
0.887446
0.886607
0.886607
0.884036
0.884036
0.884036
0.884036
0.883862
0.883862
0.883862
0.883862
0.886901
0.886901
0.886901
0.886901
0.885723
0.885723
0.884842
0.884842
0.886268
0.886268
0.887699
0.887699
0.884179
0.884179
0.882928
0.882928
0.884036
0.884036
0.884036
0.884036
0.885723
0.885723
0.884179
0.884179
0.887212
0.887212
0.886903
0.886903
0.886338
0.886338
0.88666
0.88666
0.886228
0.886228
0.886461
0.886461
0.884518
0.884518
0.884629
0.884629
0.886925
0.886925
0.886925
0.886925
0.885937
0.885937
0.885937
0.885937
0.885123
0.885123
0.885123
0.885123
0.886486
0.886486
0.886486
0.886486
0.886903
0.886903
0.884842
0.884842
0.886338
0.886338
0.886607
0.886607
0.886461
0.886461
0.887397
0.887397
0.884629
0.884629
0.883219
0.883219
0.885832
0.885832
0.884921
0.884921
0.886607
0.886607
0.886607
0.886607
0.887397
0.887397
0.887397
0.887397
0.884329
0.884329
0.884541
0.884541
0.886732
0.886732
0.887446
0.887446
0.886607
0.886607
0.887397
0.887397
0.883219
0.883219
0.884236
0.884236
0.887318
0.887318
0.887446
0.887446
0.884236
0.884236
0.886072
0.886072
0.886072
0.886072
0.886072
0.886072
0.886072
0.886072
0.886072
0.886072
0.886072
0.886072
0.886072
0.886072
0.886072
0.886072
0.885718
0.885718
0.885718
0.885718
0.886486
0.886486
0.886486
0.886486
0.885718
0.885718
0.885718
0.885718
0.886486
0.886486
0.886486
0.886486
0.886494
0.886494
0.886494
0.886494
0.886848
0.886848
0.886848
0.886848
0.886494
0.886494
0.886494
0.886494
0.886848
0.886848
0.886848
0.886848
0.886357
0.886357
0.885812
0.885812
0.886094
0.886094
0.886412
0.886412
0.886357
0.886357
0.886094
0.886094
0.885812
0.885812
0.886412
0.886412
0.885937
0.885937
0.885183
0.885183
0.885183
0.885183
0.885937
0.885937
0.886925
0.886925
0.887302
0.887302
0.887302
0.887302
0.886925
0.886925
0.885937
0.885937
0.885183
0.885183
0.885183
0.885183
0.885937
0.885937
0.886925
0.886925
0.887302
0.887302
0.887302
0.887302
0.886925
0.886925
0.884629
0.884629
0.883219
0.883219
0.886461
0.886461
0.887397
0.887397
0.884629
0.884629
0.883219
0.883219
0.886461
0.886461
0.887397
0.887397
0.886732
0.886732
0.887212
0.887212
0.886607
0.886607
0.886338
0.886338
0.886732
0.886732
0.887212
0.887212
0.886607
0.886607
0.886338
0.886338
0.885123
0.885123
0.883862
0.883862
0.883862
0.883862
0.885123
0.885123
0.886486
0.886486
0.886901
0.886901
0.886901
0.886901
0.886486
0.886486
0.885123
0.885123
0.883862
0.883862
0.883862
0.883862
0.885123
0.885123
0.886486
0.886486
0.886901
0.886901
0.886901
0.886901
0.886486
0.886486
0.886903
0.886903
0.884811
0.884811
0.882898
0.882898
0.884518
0.884518
0.88666
0.88666
0.887699
0.887699
0.886268
0.886268
0.886228
0.886228
0.886903
0.886903
0.884811
0.884811
0.88666
0.88666
0.887699
0.887699
0.882898
0.882898
0.884518
0.884518
0.886268
0.886268
0.886228
0.886228
0.885183
0.885183
0.885183
0.885183
0.885183
0.885183
0.885183
0.885183
0.887302
0.887302
0.887302
0.887302
0.887302
0.887302
0.887302
0.887302
0.885183
0.885183
0.885183
0.885183
0.885183
0.885183
0.885183
0.885183
0.887302
0.887302
0.887302
0.887302
0.887302
0.887302
0.887302
0.887302
0.884541
0.884541
0.884329
0.884329
0.887397
0.887397
0.887397
0.887397
0.884541
0.884541
0.884329
0.884329
0.887397
0.887397
0.887397
0.887397
0.887455
0.887455
0.887349
0.887349
0.886607
0.886607
0.886607
0.886607
0.887455
0.887455
0.887349
0.887349
0.886607
0.886607
0.886607
0.886607
0.883808
0.883808
0.884001
0.884001
0.884001
0.884001
0.883808
0.883808
0.886901
0.886901
0.886901
0.886901
0.886901
0.886901
0.886901
0.886901
0.883808
0.883808
0.884001
0.884001
0.884001
0.884001
0.883808
0.883808
0.886901
0.886901
0.886901
0.886901
0.886901
0.886901
0.886901
0.886901
0.884921
0.884921
0.885832
0.885832
0.882778
0.882778
0.88296
0.88296
0.887699
0.887699
0.887699
0.887699
0.886268
0.886268
0.886268
0.886268
0.884921
0.884921
0.885832
0.885832
0.887699
0.887699
0.887699
0.887699
0.882778
0.882778
0.88296
0.88296
0.886268
0.886268
0.886268
0.886268
0.885183
0.885183
0.885183
0.885183
0.887302
0.887302
0.887302
0.887302
0.885183
0.885183
0.885183
0.885183
0.887302
0.887302
0.887302
0.887302
0.884236
0.884236
0.887397
0.887397
0.884236
0.884236
0.887397
0.887397
0.887474
0.887474
0.886607
0.886607
0.887474
0.887474
0.886607
0.886607
0.884036
0.884036
0.884036
0.884036
0.883862
0.883862
0.883862
0.883862
0.886901
0.886901
0.886901
0.886901
0.884036
0.884036
0.884036
0.884036
0.883862
0.883862
0.883862
0.883862
0.886901
0.886901
0.886901
0.886901
0.885723
0.885723
0.884811
0.884811
0.884179
0.884179
0.882898
0.882898
0.887699
0.887699
0.886268
0.886268
0.885723
0.885723
0.884811
0.884811
0.887699
0.887699
0.884179
0.884179
0.882898
0.882898
0.886268
0.886268
0.884036
0.884036
0.884036
0.884036
0.884036
0.884036
0.884036
0.884036
0.885723
0.885723
0.884179
0.884179
0.885723
0.885723
0.884179
0.884179
0.887212
0.887212
0.886903
0.886903
0.886338
0.886338
0.88666
0.88666
0.887212
0.887212
0.886903
0.886903
0.886338
0.886338
0.88666
0.88666
0.884518
0.884518
0.884629
0.884629
0.886228
0.886228
0.886461
0.886461
0.884518
0.884518
0.884629
0.884629
0.886228
0.886228
0.886461
0.886461
0.885937
0.885937
0.885937
0.885937
0.886925
0.886925
0.886925
0.886925
0.885937
0.885937
0.885937
0.885937
0.886925
0.886925
0.886925
0.886925
0.885123
0.885123
0.885123
0.885123
0.886486
0.886486
0.886486
0.886486
0.885123
0.885123
0.885123
0.885123
0.886486
0.886486
0.886486
0.886486
0.887212
0.887212
0.886732
0.886732
0.886338
0.886338
0.886607
0.886607
0.887212
0.887212
0.886732
0.886732
0.886338
0.886338
0.886607
0.886607
0.884629
0.884629
0.883219
0.883219
0.886461
0.886461
0.887397
0.887397
0.884629
0.884629
0.883219
0.883219
0.886461
0.886461
0.887397
0.887397
0.887455
0.887455
0.887349
0.887349
0.886607
0.886607
0.886607
0.886607
0.887455
0.887455
0.887349
0.887349
0.886607
0.886607
0.886607
0.886607
0.884329
0.884329
0.884541
0.884541
0.887397
0.887397
0.887397
0.887397
0.884329
0.884329
0.884541
0.884541
0.887397
0.887397
0.887397
0.887397
0.886732
0.886732
0.887474
0.887474
0.886607
0.886607
0.886732
0.886732
0.887474
0.887474
0.886607
0.886607
0.883219
0.883219
0.884236
0.884236
0.887397
0.887397
0.883219
0.883219
0.884236
0.884236
0.887397
0.887397
0.887474
0.887474
0.887474
0.887474
0.884236
0.884236
0.884236
0.884236
0.886072
0.886072
0.886072
0.886072
0.886072
0.886072
0.886072
0.886072
0.886094
0.886094
0.886338
0.886338
0.88666
0.88666
0.886228
0.886228
0.886461
0.886461
0.886412
0.886412
0.885812
0.885812
0.884518
0.884518
0.884629
0.884629
0.887212
0.887212
0.886903
0.886903
0.886357
0.886357
0.886848
0.886848
0.886486
0.886486
0.886486
0.886486
0.886848
0.886848
0.886494
0.886494
0.885123
0.885123
0.885123
0.885123
0.886494
0.886494
0.886925
0.886925
0.886486
0.886486
0.886486
0.886486
0.886925
0.886925
0.885937
0.885937
0.885718
0.885718
0.885718
0.885718
0.885937
0.885937
0.886494
0.886494
0.886494
0.886494
0.886848
0.886848
0.886848
0.886848
0.887212
0.887212
0.886357
0.886357
0.886412
0.886412
0.886461
0.886461
0.886338
0.886338
0.886094
0.886094
0.885812
0.885812
0.884629
0.884629
0.886901
0.886901
0.886901
0.886901
0.884001
0.884001
0.884001
0.884001
0.886925
0.886925
0.886925
0.886925
0.887302
0.887302
0.887302
0.887302
0.885937
0.885937
0.885937
0.885937
0.885183
0.885183
0.885183
0.885183
0.886607
0.886607
0.887699
0.887699
0.886268
0.886268
0.887397
0.887397
0.887455
0.887455
0.885832
0.885832
0.882778
0.882778
0.884329
0.884329
0.887212
0.887212
0.887455
0.887455
0.886461
0.886461
0.887397
0.887397
0.884629
0.884629
0.884329
0.884329
0.886338
0.886338
0.886607
0.886607
0.886072
0.886072
0.886072
0.886072
0.886072
0.886072
0.886072
0.886072
0.886072
0.886072
0.886072
0.886072
0.886072
0.886072
0.886072
0.886072
0.886486
0.886486
0.886848
0.886848
0.886486
0.886486
0.886848
0.886848
0.886848
0.886848
0.886486
0.886486
0.886848
0.886848
0.886486
0.886486
0.885123
0.885123
0.886494
0.886494
0.885123
0.885123
0.886494
0.886494
0.886494
0.886494
0.885123
0.885123
0.886494
0.886494
0.885123
0.885123
0.886494
0.886494
0.886494
0.886494
0.886494
0.886494
0.886494
0.886494
0.886848
0.886848
0.886848
0.886848
0.886848
0.886848
0.886848
0.886848
0.886901
0.886901
0.886901
0.886901
0.886901
0.886901
0.886901
0.886901
0.884001
0.884001
0.884001
0.884001
0.884001
0.884001
0.884001
0.884001
