4
2500
0.886901
0.886901
0.886901
0.886901
0.886901
0.886901
0.886901
0.886901
0.886536
0.886536
0.886901
0.886901
0.886901
0.886901
0.886322
0.886322
0.883019
0.883019
0.884001
0.884001
0.886045
0.886045
0.885778
0.885778
0.884001
0.884001
0.884001
0.884001
0.886045
0.886045
0.886045
0.886045
0.88741
0.88741
0.885394
0.885394
0.886318
0.886318
0.886271
0.886271
0.885394
0.885394
0.885394
0.885394
0.886318
0.886318
0.886246
0.886246
0.88676
0.88676
0.886203
0.886203
0.886318
0.886318
0.8872
0.8872
0.88676
0.88676
0.886203
0.886203
0.886203
0.886203
0.88676
0.88676
0.886203
0.886203
0.886203
0.886203
0.886318
0.886318
0.886318
0.886318
0.886203
0.886203
0.886203
0.886203
0.886203
0.886203
0.886203
0.886203
0.886601
0.886601
0.887469
0.887469
0.886536
0.886536
0.886322
0.886322
0.886601
0.886601
0.887469
0.887469
0.887469
0.887469
0.886601
0.886601
0.888404
0.888404
0.886641
0.886641
0.886641
0.886641
0.888404
0.888404
0.888404
0.888404
0.886641
0.886641
0.886641
0.886641
0.888404
0.888404
0.886641
0.886641
0.886641
0.886641
0.886641
0.886641
0.886641
0.886641
0.886641
0.886641
0.886641
0.886641
0.886641
0.886641
0.886641
0.886641
0.886901
0.886901
0.886901
0.886901
0.886901
0.886901
0.886901
0.886901
0.886901
0.886901
0.886901
0.886901
0.886901
0.886901
0.886901
0.886901
0.884001
0.884001
0.884001
0.884001
0.884001
0.884001
0.884001
0.884001
0.886827
0.886827
0.884002
0.884002
0.884002
0.884002
0.886827
0.886827
0.885394
0.885394
0.885394
0.885394
0.885394
0.885394
0.885394
0.885394
0.883019
0.883019
0.885394
0.885394
0.885394
0.885394
0.883019
0.883019
0.886536
0.886536
0.887469
0.887469
0.887469
0.887469
0.886536
0.886536
0.887469
0.887469
0.887469
0.887469
0.887469
0.887469
0.887469
0.887469
0.886901
0.886901
0.886901
0.886901
0.886901
0.886901
0.886901
0.886901
0.886641
0.886641
0.888404
0.888404
0.888404
0.888404
0.886641
0.886641
0.886641
0.886641
0.886641
0.886641
0.886641
0.886641
0.886641
0.886641
0.886641
0.886641
0.886641
0.886641
0.886641
0.886641
0.886641
0.886641
0.886641
0.886641
0.886641
0.886641
0.886641
0.886641
0.886641
0.886641
0.886641
0.886641
0.886641
0.886641
0.886641
0.886641
0.886641
0.886641
0.886641
0.886641
0.886641
0.886641
0.886641
0.886641
0.886641
0.886641
0.886901
0.886901
0.886901
0.886901
0.886901
0.886901
0.886901
0.886901
0.886203
0.886203
0.88676
0.88676
0.88676
0.88676
0.886203
0.886203
0.886203
0.886203
0.886203
0.886203
0.886203
0.886203
0.886203
0.886203
0.886203
0.886203
0.886203
0.886203
0.886203
0.886203
0.886203
0.886203
0.886203
0.886203
0.886203
0.886203
0.886203
0.886203
0.886203
0.886203
0.886203
0.886203
0.886203
0.886203
0.886203
0.886203
0.886203
0.886203
0.886203
0.886203
0.886203
0.886203
0.886203
0.886203
0.886203
0.886203
0.884384
0.884384
0.883019
0.883019
0.885394
0.885394
0.886318
0.886318
0.886045
0.886045
0.886045
0.886045
0.886636
0.886636
0.886045
0.886045
0.886601
0.886601
0.886092
0.886092
0.886827
0.886827
0.886641
0.886641
0.886641
0.886641
0.886641
0.886641
0.886641
0.886641
0.886641
0.886641
0.886827
0.886827
0.886827
0.886827
0.886641
0.886641
0.886641
0.886641
0.886203
0.886203
0.886203
0.886203
0.886318
0.886318
0.885394
0.885394
0.885394
0.885394
0.886318
0.886318
0.886601
0.886601
0.886601
0.886601
0.886641
0.886641
0.886641
0.886641
0.88741
0.88741
0.88741
0.88741
0.888404
0.888404
0.888404
0.888404
0.88676
0.88676
0.88676
0.88676
0.88741
0.88741
0.886901
0.886901
0.88676
0.88676
0.886045
0.886045
0.884001
0.884001
0.884001
0.884001
0.886045
0.886045
0.888404
0.888404
0.883019
0.883019
0.883019
0.883019
0.886641
0.886641
0.886641
0.886641
0.884384
0.884384
0.88676
0.88676
0.886901
0.886901
0.886901
0.886901
0.88676
0.88676
0.886827
0.886827
0.884001
0.884001
0.886045
0.886045
0.886823
0.886823
0.886901
0.886901
0.886901
0.886901
0.886203
0.886203
0.886203
0.886203
0.886641
0.886641
0.886823
0.886823
0.886536
0.886536
0.884384
0.884384
0.883019
0.883019
0.8872
0.8872
0.88741
0.88741
0.886601
0.886601
0.886823
0.886823
0.886536
0.886536
0.887469
0.887469
0.886601
0.886601
0.886601
0.886601
0.887469
0.887469
0.887469
0.887469
0.883019
0.883019
0.886636
0.886636
0.886827
0.886827
0.88741
0.88741
0.886827
0.886827
0.885778
0.885778
0.886271
0.886271
0.886092
0.886092
0.888095
0.888095
0.887508
0.887508
0.888095
0.888095
0.888095
0.888095
0.884968
0.884968
0.886925
0.886925
0.885008
0.885008
0.884957
0.884957
0.885443
0.885443
0.884195
0.884195
0.885443
0.885443
0.885443
0.885443
0.886318
0.886318
0.8872
0.8872
0.886318
0.886318
0.886318
0.886318
0.885993
0.885993
0.884391
0.884391
0.886035
0.886035
0.885983
0.885983
0.8866
0.8866
0.886584
0.886584
0.886601
0.886601
0.886528
0.886528
0.886925
0.886925
0.884391
0.884391
0.887364
0.887364
0.886823
0.886823
0.884195
0.884195
0.886584
0.886584
0.888404
0.888404
0.888404
0.888404
0.888404
0.888404
0.88676
0.88676
0.88676
0.88676
0.888404
0.888404
0.888404
0.888404
0.88676
0.88676
0.88676
0.88676
0.888404
0.888404
