4
2500
0.885183
0.885183
0.885183
0.885183
0.886249
0.886249
0.886249
0.886249
0.88598
0.88598
0.88598
0.88598
0.88598
0.88598
0.88598
0.88598
0.886342
0.886342
0.886342
0.886342
0.886947
0.886947
0.886947
0.886947
0.887302
0.887302
0.887302
0.887302
0.888004
0.888004
0.888004
0.888004
0.886702
0.886702
0.886702
0.886702
0.885754
0.885754
0.885754
0.885754
0.885274
0.885274
0.885274
0.885274
0.88633
0.88633
0.887954
0.887954
0.886901
0.886901
0.88643
0.88643
0.886281
0.886281
0.886035
0.886035
0.886281
0.886281
0.886462
0.886462
0.887557
0.887557
0.887584
0.887584
0.888646
0.888646
0.888331
0.888331
0.886326
0.886326
0.886508
0.886508
0.886442
0.886442
0.886281
0.886281
0.886545
0.886545
0.886545
0.886545
0.886491
0.886491
0.887335
0.887335
0.887548
0.887548
0.887661
0.887661
0.886884
0.886884
0.88653
0.88653
0.885183
0.885183
0.886249
0.886249
0.88598
0.88598
0.886545
0.886545
0.886342
0.886342
0.886342
0.886342
0.886947
0.886947
0.887302
0.887302
0.888004
0.888004
0.886702
0.886702
0.885754
0.885754
0.885274
0.885274
0.886342
0.886342
