4
2500
0.886778
0.886778
0.886272
0.886272
0.887196
0.887196
0.887196
0.887196
0.887074
0.887074
0.887074
0.887074
0.88639
0.88639
0.88639
0.88639
0.886272
0.886272
0.886479
0.886479
0.886477
0.886477
0.887456
0.887456
0.888031
0.888031
0.887456
0.887456
0.88736
0.88736
0.886807
0.886807
0.88736
0.88736
0.88664
0.88664
0.886477
0.886477
0.88664
0.88664
0.886472
0.886472
0.886385
0.886385
0.886477
0.886477
0.886796
0.886796
0.886715
0.886715
0.886479
0.886479
0.886477
0.886477
0.88697
0.88697
0.886479
0.886479
0.886966
0.886966
0.887149
0.887149
0.888067
0.888067
0.887456
0.887456
0.887866
0.887866
0.88804
0.88804
0.888031
0.888031
0.887456
0.887456
0.888207
0.888207
0.888031
0.888031
0.888343
0.888343
0.888381
0.888381
0.888103
0.888103
0.88736
0.88736
0.887596
0.887596
0.88695
0.88695
0.886807
0.886807
0.88736
0.88736
0.886574
0.886574
0.886807
0.886807
0.886977
0.886977
0.88669
0.88669
0.886208
0.886208
0.88664
0.88664
0.886302
0.886302
0.886486
0.886486
0.886694
0.886694
0.886571
0.886571
0.88695
0.88695
0.887065
0.887065
0.88727
0.88727
0.887062
0.887062
0.887249
0.887249
0.887523
0.887523
0.887481
0.887481
0.887528
0.887528
0.888417
0.888417
0.888548
0.888548
0.888408
0.888408
0.887653
0.887653
0.887169
0.887169
0.886538
0.886538
0.886468
0.886468
0.886186
0.886186
0.886028
0.886028
0.886507
0.886507
0.886806
0.886806
0.886874
0.886874
0.886815
0.886815
0.886627
0.886627
0.887096
0.887096
0.887129
0.887129
0.886756
0.886756
0.886833
0.886833
0.887544
0.887544
0.887445
0.887445
0.88761
0.88761
0.887994
0.887994
0.888457
0.888457
0.888366
0.888366
0.887709
0.887709
0.888
0.888
0.887742
0.887742
0.88678
0.88678
0.88616
0.88616
0.88635
0.88635
0.886906
0.886906
0.887232
0.887232
0.887078
0.887078
0.886964
0.886964
0.886609
0.886609
0.886755
0.886755
0.886961
0.886961
0.886036
0.886036
0.886833
0.886833
0.887429
0.887429
0.887092
0.887092
0.887567
0.887567
0.887889
0.887889
0.888106
0.888106
0.888521
0.888521
0.887939
0.887939
0.888069
0.888069
0.887771
0.887771
0.886725
0.886725
0.886093
0.886093
0.886657
0.886657
0.886922
0.886922
0.886695
0.886695
0.886159
0.886159
0.88638
0.88638
0.886088
0.886088
0.886544
0.886544
0.886866
0.886866
0.886109
0.886109
0.885476
0.885476
0.886185
0.886185
0.885858
0.885858
0.886576
0.886576
0.88674
0.88674
0.887367
0.887367
0.887749
0.887749
0.887972
0.887972
0.887898
0.887898
0.886781
0.886781
0.886532
0.886532
0.886268
0.886268
0.885908
0.885908
0.886322
0.886322
0.886477
0.886477
0.886218
0.886218
0.886871
0.886871
0.886742
0.886742
0.886327
0.886327
0.886177
0.886177
0.885
0.885
0.885847
0.885847
0.884414
0.884414
0.885466
0.885466
0.884015
0.884015
0.884952
0.884952
0.883066
0.883066
0.883229
0.883229
0.883016
0.883016
0.883147
0.883147
0.88262
0.88262
0.882995
0.882995
0.883401
0.883401
0.883298
0.883298
0.884129
0.884129
0.884272
0.884272
0.884323
0.884323
0.884955
0.884955
0.884908
0.884908
0.885836
0.885836
0.885422
0.885422
0.885942
0.885942
0.886124
0.886124
0.886662
0.886662
0.886709
0.886709
0.888089
0.888089
0.886897
0.886897
0.887663
0.887663
0.886408
0.886408
0.887199
0.887199
0.886744
0.886744
0.88762
0.88762
0.886812
0.886812
0.887338
0.887338
0.886672
0.886672
0.887038
0.887038
0.886871
0.886871
0.886218
0.886218
0.886695
0.886695
0.886159
0.886159
0.886177
0.886177
0.88638
0.88638
0.885847
0.885847
0.886088
0.886088
0.885466
0.885466
0.886544
0.886544
0.884952
0.884952
0.886866
0.886866
0.883229
0.883229
0.886109
0.886109
0.883147
0.883147
0.885476
0.885476
0.882995
0.882995
0.886185
0.886185
0.883298
0.883298
0.885858
0.885858
0.884272
0.884272
0.886576
0.886576
0.884955
0.884955
0.88674
0.88674
0.885836
0.885836
0.887367
0.887367
0.885942
0.885942
0.887749
0.887749
0.886662
0.886662
0.887972
0.887972
0.888089
0.888089
0.887898
0.887898
0.887663
0.887663
0.886781
0.886781
0.887199
0.887199
0.886532
0.886532
0.88762
0.88762
0.886268
0.886268
0.887338
0.887338
0.885908
0.885908
0.887038
0.887038
0.886322
0.886322
0.886871
0.886871
0.886809
0.886809
0.886697
0.886697
0.886242
0.886242
0.886922
0.886922
0.886697
0.886697
0.886485
0.886485
0.886922
0.886922
0.886242
0.886242
0.886485
0.886485
0.886011
0.886011
0.886295
0.886295
0.886381
0.886381
0.886665
0.886665
0.886381
0.886381
0.886579
0.886579
0.886999
0.886999
0.886579
0.886579
0.886562
0.886562
0.886295
0.886295
0.886562
0.886562
0.886633
0.886633
0.886424
0.886424
0.886561
0.886561
0.886295
0.886295
0.886771
0.886771
0.886295
0.886295
0.886011
0.886011
0.886669
0.886669
0.886099
0.886099
0.886011
0.886011
0.885776
0.885776
0.886359
0.886359
0.886818
0.886818
0.886381
0.886381
0.887
0.887
0.886381
0.886381
0.886665
0.886665
0.887718
0.887718
0.887485
0.887485
0.886665
0.886665
0.887358
0.887358
0.887299
0.887299
0.887596
0.887596
0.886579
0.886579
0.887163
0.887163
0.886579
0.886579
0.886999
0.886999
0.887164
0.887164
0.887195
0.887195
0.886999
0.886999
0.88635
0.88635
0.886344
0.886344
0.886414
0.886414
0.886562
0.886562
0.886689
0.886689
0.886349
0.886349
0.886847
0.886847
0.887016
0.887016
0.886836
0.886836
0.88645
0.88645
0.885866
0.885866
0.886588
0.886588
0.886859
0.886859
0.887177
0.887177
0.888066
0.888066
0.887682
0.887682
0.888227
0.888227
0.887505
0.887505
0.888109
0.888109
0.888056
0.888056
0.887954
0.887954
0.887476
0.887476
0.886761
0.886761
0.886647
0.886647
0.886661
0.886661
0.886795
0.886795
0.886649
0.886649
0.887031
0.887031
0.886716
0.886716
0.886669
0.886669
0.886228
0.886228
0.886146
0.886146
0.886391
0.886391
0.886345
0.886345
0.887152
0.887152
0.887734
0.887734
0.888239
0.888239
0.888021
0.888021
0.888021
0.888021
0.888709
0.888709
0.888536
0.888536
0.888231
0.888231
0.888139
0.888139
0.88702
0.88702
0.886933
0.886933
0.886939
0.886939
0.886976
0.886976
0.886713
0.886713
0.886982
0.886982
0.886859
0.886859
0.88689
0.88689
0.885983
0.885983
0.886017
0.886017
0.886617
0.886617
0.886508
0.886508
0.887057
0.887057
0.888047
0.888047
0.888132
0.888132
0.887839
0.887839
0.888473
0.888473
0.888328
0.888328
0.88818
0.88818
0.887928
0.887928
0.887837
0.887837
0.887479
0.887479
0.887002
0.887002
0.887137
0.887137
0.886407
0.886407
0.886319
0.886319
0.886355
0.886355
0.88643
0.88643
0.886469
0.886469
0.886997
0.886997
0.886671
0.886671
0.88721
0.88721
0.887507
0.887507
0.888242
0.888242
0.888264
0.888264
0.887777
0.887777
0.887488
0.887488
0.887761
0.887761
0.887068
0.887068
0.887155
0.887155
0.886691
0.886691
0.887496
0.887496
0.886464
0.886464
0.886594
0.886594
0.886672
0.886672
0.885151
0.885151
0.884631
0.884631
0.885344
0.885344
0.885847
0.885847
0.884908
0.884908
0.886284
0.886284
0.885675
0.885675
0.886685
0.886685
0.886275
0.886275
0.886888
0.886888
0.886298
0.886298
0.887117
0.887117
0.886197
0.886197
0.887183
0.887183
0.8859
0.8859
0.887054
0.887054
0.884768
0.884768
0.886648
0.886648
0.885236
0.885236
0.886956
0.886956
0.884957
0.884957
0.886397
0.886397
0.884604
0.884604
0.886023
0.886023
0.884216
0.884216
0.885822
0.885822
0.884454
0.884454
0.885323
0.885323
0.883884
0.883884
0.884531
0.884531
0.883559
0.883559
0.884495
0.884495
0.882905
0.882905
0.884061
0.884061
0.882417
0.882417
0.884294
0.884294
0.882894
0.882894
0.884377
0.884377
0.882999
0.882999
0.884777
0.884777
0.8841
0.8841
0.884834
0.884834
0.885344
0.885344
0.886319
0.886319
0.886407
0.886407
0.885847
0.885847
0.886355
0.886355
0.886284
0.886284
0.88643
0.88643
0.886685
0.886685
0.886469
0.886469
0.886888
0.886888
0.886997
0.886997
0.887117
0.887117
0.886671
0.886671
0.887183
0.887183
0.88721
0.88721
0.887054
0.887054
0.887507
0.887507
0.886648
0.886648
0.888242
0.888242
0.886956
0.886956
0.888264
0.888264
0.886397
0.886397
0.887777
0.887777
0.886023
0.886023
0.887488
0.887488
0.885822
0.885822
0.887761
0.887761
0.885323
0.885323
0.887068
0.887068
0.884531
0.884531
0.887155
0.887155
0.884495
0.884495
0.886691
0.886691
0.884061
0.884061
0.887496
0.887496
0.884294
0.884294
0.886464
0.886464
0.884377
0.884377
0.886594
0.886594
0.884777
0.884777
0.886672
0.886672
0.884834
0.884834
0.885344
0.885344
0.887265
0.887265
0.887211
0.887211
0.887165
0.887165
0.888264
0.888264
0.887211
0.887211
0.887585
0.887585
0.888264
0.888264
0.887165
0.887165
0.887585
0.887585
0.886628
0.886628
0.886819
0.886819
0.887764
0.887764
0.886628
0.886628
0.887211
0.887211
0.887844
0.887844
0.887764
0.887764
0.888022
0.888022
0.887844
0.887844
0.888264
0.888264
0.887818
0.887818
0.888022
0.888022
0.887767
0.887767
0.887818
0.887818
0.887585
0.887585
0.887139
0.887139
0.887767
0.887767
0.886819
0.886819
0.886762
0.886762
0.886895
0.886895
0.886763
0.886763
0.886699
0.886699
0.886218
0.886218
0.886628
0.886628
0.886886
0.886886
0.88694
0.88694
0.887684
0.887684
0.887764
0.887764
0.887849
0.887849
0.888201
0.888201
0.888175
0.888175
0.887844
0.887844
0.88836
0.88836
0.887998
0.887998
0.887923
0.887923
0.888022
0.888022
0.888336
0.888336
0.888099
0.888099
0.888796
0.888796
0.887818
0.887818
0.888565
0.888565
0.888216
0.888216
0.887532
0.887532
0.887767
0.887767
0.887073
0.887073
0.886724
0.886724
0.886652
0.886652
0.886044
0.886044
0.886086
0.886086
0.886217
0.886217
0.886552
0.886552
0.886698
0.886698
0.88688
0.88688
0.887638
0.887638
0.888056
0.888056
0.888011
0.888011
0.888113
0.888113
0.888045
0.888045
0.888408
0.888408
0.888431
0.888431
0.888117
0.888117
0.888297
0.888297
0.888703
0.888703
0.888203
0.888203
0.887851
0.887851
0.887185
0.887185
0.886673
0.886673
0.886289
0.886289
0.886406
0.886406
0.886368
0.886368
0.885793
0.885793
0.886081
0.886081
0.886428
0.886428
0.886499
0.886499
0.886875
0.886875
0.887416
0.887416
0.887748
0.887748
0.887949
0.887949
0.887922
0.887922
0.887938
0.887938
0.888232
0.888232
0.888063
0.888063
0.887616
0.887616
0.888006
0.888006
0.887985
0.887985
0.887875
0.887875
0.886849
0.886849
0.886175
0.886175
0.886453
0.886453
0.886618
0.886618
0.886831
0.886831
0.886678
0.886678
0.885649
0.885649
0.886593
0.886593
0.88671
0.88671
0.886829
0.886829
0.887406
0.887406
0.887701
0.887701
0.887871
0.887871
0.887531
0.887531
0.887729
0.887729
0.88778
0.88778
0.887437
0.887437
0.887445
0.887445
0.887572
0.887572
0.887556
0.887556
0.88826
0.88826
0.886491
0.886491
0.886748
0.886748
0.887008
0.887008
0.88721
0.88721
0.886951
0.886951
0.886378
0.886378
0.886252
0.886252
0.886612
0.886612
0.887132
0.887132
0.887735
0.887735
0.888195
0.888195
0.88762
0.88762
0.886721
0.886721
0.886633
0.886633
0.886052
0.886052
0.886069
0.886069
0.886139
0.886139
0.886555
0.886555
0.886421
0.886421
0.887521
0.887521
0.886706
0.886706
0.887319
0.887319
0.885699
0.885699
0.885354
0.885354
0.885921
0.885921
0.88595
0.88595
0.886143
0.886143
0.886013
0.886013
0.886305
0.886305
0.886353
0.886353
0.886501
0.886501
0.886457
0.886457
0.886464
0.886464
0.887242
0.887242
0.886788
0.886788
0.886893
0.886893
0.886533
0.886533
0.88755
0.88755
0.886708
0.886708
0.886938
0.886938
0.885372
0.885372
0.886575
0.886575
0.884069
0.884069
0.886066
0.886066
0.883802
0.883802
0.885345
0.885345
0.883484
0.883484
0.884815
0.884815
0.882978
0.882978
0.884755
0.884755
0.882666
0.882666
0.884282
0.884282
0.882587
0.882587
0.883159
0.883159
0.883031
0.883031
0.883478
0.883478
0.882849
0.882849
0.88454
0.88454
0.883434
0.883434
0.884655
0.884655
0.884122
0.884122
0.885857
0.885857
0.88478
0.88478
0.886051
0.886051
0.885921
0.885921
0.887008
0.887008
0.886748
0.886748
0.88595
0.88595
0.88721
0.88721
0.886013
0.886013
0.886951
0.886951
0.886353
0.886353
0.886378
0.886378
0.886457
0.886457
0.886252
0.886252
0.887242
0.887242
0.886612
0.886612
0.886893
0.886893
0.887132
0.887132
0.88755
0.88755
0.887735
0.887735
0.886938
0.886938
0.888195
0.888195
0.886575
0.886575
0.88762
0.88762
0.886066
0.886066
0.886721
0.886721
0.885345
0.885345
0.886633
0.886633
0.884815
0.884815
0.886052
0.886052
0.884755
0.884755
0.886069
0.886069
0.884282
0.884282
0.886139
0.886139
0.883159
0.883159
0.886555
0.886555
0.883478
0.883478
0.886421
0.886421
0.88454
0.88454
0.887521
0.887521
0.884655
0.884655
0.886706
0.886706
0.885857
0.885857
0.887319
0.887319
0.886051
0.886051
0.885921
0.885921
0.888413
0.888413
0.887362
0.887362
0.888174
0.888174
0.888174
0.888174
0.88845
0.88845
0.88845
0.88845
0.888004
0.888004
0.888004
0.888004
0.887362
0.887362
0.887562
0.887562
0.886859
0.886859
0.888174
0.888174
0.887562
0.887562
0.888169
0.888169
0.888314
0.888314
0.888169
0.888169
0.88845
0.88845
0.888314
0.888314
0.888495
0.888495
0.888162
0.888162
0.888495
0.888495
0.888004
0.888004
0.888162
0.888162
0.887354
0.887354
0.887087
0.887087
0.887354
0.887354
0.886859
0.886859
0.886706
0.886706
0.886709
0.886709
0.886837
0.886837
0.886966
0.886966
0.887562
0.887562
0.887748
0.887748
0.888194
0.888194
0.887929
0.887929
0.888169
0.888169
0.887682
0.887682
0.887516
0.887516
0.887785
0.887785
0.888314
0.888314
0.887752
0.887752
0.887819
0.887819
0.888104
0.888104
0.888495
0.888495
0.888134
0.888134
0.888472
0.888472
0.887839
0.887839
0.888162
0.888162
0.887793
0.887793
0.887553
0.887553
0.887142
0.887142
0.887354
0.887354
0.886729
0.886729
0.886855
0.886855
0.886647
0.886647
0.886495
0.886495
0.88613
0.88613
0.886226
0.886226
0.887162
0.887162
0.888186
0.888186
0.887513
0.887513
0.887294
0.887294
0.887375
0.887375
0.88761
0.88761
0.887343
0.887343
0.887547
0.887547
0.887968
0.887968
0.888362
0.888362
0.888631
0.888631
0.887655
0.887655
0.888232
0.888232
0.887849
0.887849
0.887398
0.887398
0.88654
0.88654
0.887009
0.887009
0.886601
0.886601
0.886183
0.886183
0.886374
0.886374
0.886708
0.886708
0.886966
0.886966
0.887252
0.887252
0.887106
0.887106
0.887515
0.887515
0.887055
0.887055
0.88692
0.88692
0.887072
0.887072
0.886939
0.886939
0.887755
0.887755
0.887714
0.887714
0.888478
0.888478
0.888003
0.888003
0.888067
0.888067
0.887814
0.887814
0.887628
0.887628
0.886369
0.886369
0.886497
0.886497
0.88661
0.88661
0.886251
0.886251
0.886706
0.886706
0.887007
0.887007
0.887173
0.887173
0.88679
0.88679
0.886913
0.886913
0.887479
0.887479
0.886481
0.886481
0.886702
0.886702
0.887085
0.887085
0.886796
0.886796
0.88738
0.88738
0.887712
0.887712
0.8878
0.8878
0.88803
0.88803
0.888135
0.888135
0.887689
0.887689
0.887249
0.887249
0.886729
0.886729
0.886195
0.886195
0.887087
0.887087
0.886531
0.886531
0.886878
0.886878
0.88666
0.88666
0.88666
0.88666
0.886274
0.886274
0.886158
0.886158
0.885568
0.885568
0.885375
0.885375
0.885166
0.885166
0.884945
0.884945
0.885376
0.885376
0.885971
0.885971
0.886688
0.886688
0.887023
0.887023
0.888165
0.888165
0.887783
0.887783
0.886844
0.886844
0.886647
0.886647
0.885966
0.885966
0.886357
0.886357
0.886562
0.886562
0.88623
0.88623
0.886543
0.886543
0.8864
0.8864
0.886569
0.886569
0.886031
0.886031
0.886307
0.886307
0.886247
0.886247
0.885891
0.885891
0.885838
0.885838
0.885457
0.885457
0.885333
0.885333
0.885134
0.885134
0.884011
0.884011
0.884359
0.884359
0.883372
0.883372
0.883598
0.883598
0.882925
0.882925
0.883036
0.883036
0.88255
0.88255
0.883346
0.883346
0.883866
0.883866
0.883627
0.883627
0.88435
0.88435
0.884098
0.884098
0.88476
0.88476
0.884504
0.884504
0.885384
0.885384
0.885233
0.885233
0.886486
0.886486
0.886269
0.886269
0.887107
0.887107
0.8868
0.8868
0.886902
0.886902
0.887033
0.887033
0.88693
0.88693
0.887286
0.887286
0.887885
0.887885
0.886843
0.886843
0.887175
0.887175
0.88687
0.88687
0.886981
0.886981
0.886543
0.886543
0.88623
0.88623
0.887087
0.887087
0.886531
0.886531
0.886031
0.886031
0.886878
0.886878
0.886247
0.886247
0.88666
0.88666
0.885838
0.885838
0.88666
0.88666
0.885333
0.885333
0.886274
0.886274
0.884011
0.884011
0.886158
0.886158
0.883372
0.883372
0.885568
0.885568
0.882925
0.882925
0.885375
0.885375
0.88255
0.88255
0.885166
0.885166
0.883866
0.883866
0.884945
0.884945
0.88435
0.88435
0.885376
0.885376
0.88476
0.88476
0.885971
0.885971
0.885384
0.885384
0.886688
0.886688
0.886486
0.886486
0.887023
0.887023
0.887107
0.887107
0.888165
0.888165
0.886902
0.886902
0.887783
0.887783
0.88693
0.88693
0.886844
0.886844
0.887885
0.887885
0.886647
0.886647
0.887175
0.887175
0.885966
0.885966
0.886981
0.886981
0.886357
0.886357
0.886543
0.886543
