4
2500
0.886606
0.886606
0.886549
0.886549
0.886809
0.886809
0.886795
0.886795
0.886625
0.886625
0.886773
0.886773
0.886901
0.886901
0.886901
0.886901
0.886901
0.886901
0.886274
0.886274
0.886827
0.886827
0.886525
0.886525
0.886921
0.886921
0.886928
0.886928
0.886911
0.886911
0.886993
0.886993
0.88722
0.88722
0.887729
0.887729
0.886932
0.886932
0.887296
0.887296
0.886912
0.886912
0.887175
0.887175
0.88693
0.88693
0.887233
0.887233
0.886914
0.886914
0.887145
0.887145
0.887143
0.887143
0.886992
0.886992
0.886978
0.886978
0.887127
0.887127
0.886975
0.886975
0.886901
0.886901
0.886901
0.886901
0.886901
0.886901
0.887705
0.887705
0.886941
0.886941
0.887502
0.887502
0.886879
0.886879
0.886907
0.886907
0.886881
0.886881
0.887875
0.887875
0.887661
0.887661
0.887278
0.887278
0.886917
0.886917
0.88657
0.88657
0.8869
0.8869
0.886479
0.886479
0.886918
0.886918
0.886578
0.886578
0.886899
0.886899
0.887238
0.887238
0.887219
0.887219
0.886929
0.886929
0.886914
0.886914
0.88754
0.88754
0.886914
0.886914
0.886901
0.886901
0.886901
0.886901
0.886901
0.886901
0.887247
0.887247
0.886924
0.886924
0.886791
0.886791
0.886888
0.886888
0.886886
0.886886
0.886813
0.886813
0.88651
0.88651
0.886873
0.886873
0.886877
0.886877
0.886664
0.886664
0.886474
0.886474
0.886769
0.886769
0.886498
0.886498
0.8868
0.8868
0.886606
0.886606
0.886793
0.886793
0.886582
0.886582
0.886539
0.886539
0.88691
0.88691
0.886898
0.886898
0.886787
0.886787
0.886898
0.886898
0.886901
0.886901
0.886901
0.886901
0.886901
0.886901
0.88688
0.88688
0.886664
0.886664
0.88652
0.88652
0.886725
0.886725
0.886739
0.886739
0.886798
0.886798
0.886446
0.886446
0.886717
0.886717
0.88629
0.88629
0.886843
0.886843
0.886636
0.886636
0.886974
0.886974
0.88698
0.88698
0.886993
0.886993
0.887124
0.887124
0.886978
0.886978
0.886361
0.886361
0.886716
0.886716
0.886897
0.886897
0.886932
0.886932
0.886569
0.886569
0.886784
0.886784
0.886901
0.886901
0.886889
0.886889
0.887016
0.887016
0.887209
0.887209
0.886907
0.886907
0.887173
0.887173
0.886898
0.886898
0.886901
0.886901
0.88761
0.88761
0.88668
0.88668
0.88678
0.88678
0.888445
0.888445
0.886534
0.886534
0.886882
0.886882
0.886901
0.886901
0.886893
0.886893
0.888439
0.888439
0.887094
0.887094
0.886971
0.886971
0.887053
0.887053
0.886961
0.886961
0.886901
0.886901
0.887646
0.887646
0.887319
0.887319
0.887018
0.887018
0.887338
0.887338
0.887188
0.887188
0.886898
0.886898
0.886901
0.886901
0.886963
0.886963
0.88699
0.88699
0.886592
0.886592
0.886788
0.886788
0.886568
0.886568
0.886782
0.886782
0.886901
0.886901
0.886591
0.886591
0.886635
0.886635
0.886609
0.886609
0.886333
0.886333
0.887073
0.887073
0.886961
0.886961
0.886901
0.886901
0.886764
0.886764
0.886334
0.886334
0.886561
0.886561
0.886892
0.886892
0.88653
0.88653
0.886883
0.886883
0.886901
0.886901
0.884001
0.884001
0.884037
0.884037
0.884048
0.884048
0.884001
0.884001
0.88472
0.88472
0.884484
0.884484
0.884515
0.884515
0.884034
0.884034
0.884001
0.884001
0.883945
0.883945
0.883995
0.883995
0.883595
0.883595
0.884223
0.884223
0.883905
0.883905
0.883188
0.883188
0.883857
0.883857
0.883565
0.883565
0.883849
0.883849
0.883688
0.883688
0.883361
0.883361
0.883595
0.883595
0.883876
0.883876
0.883881
0.883881
0.883617
0.883617
0.883489
0.883489
0.884001
0.884001
0.883942
0.883942
0.883961
0.883961
0.884001
0.884001
0.883513
0.883513
0.883317
0.883317
0.883373
0.883373
0.883951
0.883951
0.884001
0.884001
0.88379
0.88379
0.883685
0.883685
0.883387
0.883387
0.883574
0.883574
0.88381
0.88381
0.883453
0.883453
0.883898
0.883898
0.883884
0.883884
0.884132
0.884132
0.883987
0.883987
0.884139
0.884139
0.883727
0.883727
0.884128
0.884128
0.884144
0.884144
0.884625
0.884625
0.884486
0.884486
0.884001
0.884001
0.883854
0.883854
0.883893
0.883893
0.884001
0.884001
0.883771
0.883771
0.883584
0.883584
0.883623
0.883623
0.883878
0.883878
0.884001
0.884001
0.884067
0.884067
0.883963
0.883963
0.884076
0.884076
0.883703
0.883703
0.884116
0.884116
0.884724
0.884724
0.88407
0.88407
0.884883
0.884883
0.884036
0.884036
0.884114
0.884114
0.884734
0.884734
0.885414
0.885414
0.884034
0.884034
0.884052
0.884052
0.884517
0.884517
0.884485
0.884485
0.884001
0.884001
0.884134
0.884134
0.884145
0.884145
0.884001
0.884001
0.884728
0.884728
0.884665
0.884665
0.884648
0.884648
0.884128
0.884128
0.884001
0.884001
0.884017
0.884017
0.884126
0.884126
0.884991
0.884991
0.885416
0.885416
0.884042
0.884042
0.885277
0.885277
0.883984
0.883984
0.88485
0.88485
0.883946
0.883946
0.88398
0.88398
0.883392
0.883392
0.884247
0.884247
0.883951
0.883951
0.883969
0.883969
0.883372
0.883372
0.883273
0.883273
0.884025
0.884025
0.884001
0.884001
0.884495
0.884495
0.88446
0.88446
0.884017
0.884017
0.884001
0.884001
0.885071
0.885071
0.884866
0.884866
0.884062
0.884062
0.884263
0.884263
0.884123
0.884123
0.883751
0.883751
0.883579
0.883579
0.883865
0.883865
0.884119
0.884119
0.884001
0.884001
0.884617
0.884617
0.884566
0.884566
0.884111
0.884111
0.884001
0.884001
0.88337
0.88337
0.883404
0.883404
0.883728
0.883728
0.883807
0.883807
0.883114
0.883114
0.883591
0.883591
0.88333
0.88333
0.883936
0.883936
0.883874
0.883874
0.884001
0.884001
0.883616
0.883616
0.883587
0.883587
0.883867
0.883867
0.884001
0.884001
0.883577
0.883577
0.883747
0.883747
0.883689
0.883689
0.883815
0.883815
0.884036
0.884036
0.884602
0.884602
0.884452
0.884452
0.884017
0.884017
0.883942
0.883942
0.884001
0.884001
0.883362
0.883362
0.883331
0.883331
0.883936
0.883936
0.884001
0.884001
0.886046
0.886046
0.886135
0.886135
0.884045
0.884045
0.884077
0.884077
0.886138
0.886138
0.884722
0.884722
0.884543
0.884543
0.88411
0.88411
0.886718
0.886718
0.886487
0.886487
0.886382
0.886382
0.886105
0.886105
0.886335
0.886335
0.886484
0.886484
0.886334
0.886334
0.886331
0.886331
0.886347
0.886347
0.886616
0.886616
0.885957
0.885957
0.885689
0.885689
0.886358
0.886358
0.885789
0.885789
0.885455
0.885455
0.885937
0.885937
0.886376
0.886376
0.884696
0.884696
0.88416
0.88416
0.885352
0.885352
0.885899
0.885899
0.886689
0.886689
0.886295
0.886295
0.884976
0.884976
0.885071
0.885071
0.883733
0.883733
0.884263
0.884263
0.886728
0.886728
0.886701
0.886701
0.885521
0.885521
0.88571
0.88571
0.884451
0.884451
0.88466
0.88466
0.886097
0.886097
0.886351
0.886351
0.885733
0.885733
0.885243
0.885243
0.886356
0.886356
0.885936
0.885936
0.884614
0.884614
0.884807
0.884807
0.884193
0.884193
0.886643
0.886643
0.886238
0.886238
0.884972
0.884972
0.885162
0.885162
0.883721
0.883721
0.884255
0.884255
0.88574
0.88574
0.88644
0.88644
0.88485
0.88485
0.88595
0.88595
0.886026
0.886026
0.88709
0.88709
0.8878
0.8878
0.887522
0.887522
0.8866
0.8866
0.887832
0.887832
0.885782
0.885782
0.88698
0.88698
0.887452
0.887452
0.887668
0.887668
0.888147
0.888147
0.887896
0.887896
0.887251
0.887251
0.887288
0.887288
0.887293
0.887293
0.886739
0.886739
0.885821
0.885821
0.886143
0.886143
0.886611
0.886611
0.88576
0.88576
0.88469
0.88469
0.885017
0.885017
0.88583
0.88583
0.887927
0.887927
0.887545
0.887545
0.88659
0.88659
0.887964
0.887964
0.885914
0.885914
0.887261
0.887261
0.887921
0.887921
0.88746
0.88746
0.887398
0.887398
0.887034
0.887034
0.887468
0.887468
0.887063
0.887063
0.886526
0.886526
0.886478
0.886478
0.88695
0.88695
0.886495
0.886495
0.887241
0.887241
0.887118
0.887118
0.886315
0.886315
0.886264
0.886264
0.886446
0.886446
0.886478
0.886478
0.886666
0.886666
0.886491
0.886491
0.887121
0.887121
0.887709
0.887709
0.887778
0.887778
0.887363
0.887363
0.887455
0.887455
0.887929
0.887929
0.887275
0.887275
0.887375
0.887375
0.887191
0.887191
0.886458
0.886458
0.886446
0.886446
0.886857
0.886857
0.886482
0.886482
0.887164
0.887164
0.887077
0.887077
0.886486
0.886486
0.886433
0.886433
0.886281
0.886281
0.886249
0.886249
0.886042
0.886042
0.886877
0.886877
0.886403
0.886403
0.885872
0.885872
0.885749
0.885749
0.886262
0.886262
0.885813
0.885813
0.885389
0.885389
0.886384
0.886384
0.886385
0.886385
0.886239
0.886239
0.88592
0.88592
0.884924
0.884924
0.884626
0.884626
0.886338
0.886338
0.886417
0.886417
0.886384
0.886384
0.886466
0.886466
0.886371
0.886371
0.886325
0.886325
0.887816
0.887816
0.887559
0.887559
0.88783
0.88783
0.887564
0.887564
0.887426
0.887426
0.887921
0.887921
0.887229
0.887229
0.887267
0.887267
0.887431
0.887431
0.886954
0.886954
0.886726
0.886726
0.885733
0.885733
0.886154
0.886154
0.886724
0.886724
0.885734
0.885734
0.884614
0.884614
0.884989
0.884989
0.885989
0.885989
0.887403
0.887403
0.887828
0.887828
0.888051
0.888051
0.888132
0.888132
0.887187
0.887187
0.887182
0.887182
0.887452
0.887452
0.887862
0.887862
0.8875
0.8875
0.887911
0.887911
0.887284
0.887284
0.887237
0.887237
0.886694
0.886694
0.886641
0.886641
0.885717
0.885717
0.88586
0.88586
0.886657
0.886657
0.88574
0.88574
0.884652
0.884652
0.88478
0.88478
0.885453
0.885453
0.885716
0.885716
0.88637
0.88637
0.885812
0.885812
0.885256
0.885256
0.886356
0.886356
0.885943
0.885943
0.88458
0.88458
0.884787
0.884787
0.884301
0.884301
0.886691
0.886691
0.88569
0.88569
0.886394
0.886394
0.885403
0.885403
0.884401
0.884401
0.884518
0.884518
0.886614
0.886614
0.885694
0.885694
0.88666
0.88666
0.885743
0.885743
0.884733
0.884733
0.884686
0.884686
0.886259
0.886259
0.886344
0.886344
0.885824
0.885824
0.885476
0.885476
0.886328
0.886328
0.885937
0.885937
0.884586
0.884586
0.8847
0.8847
0.885005
0.885005
0.886853
0.886853
0.886521
0.886521
0.886325
0.886325
0.886119
0.886119
0.886309
0.886309
0.886503
0.886503
0.886478
0.886478
0.886336
0.886336
0.886175
0.886175
0.8863
0.8863
0.885867
0.885867
0.886235
0.886235
0.886319
0.886319
0.885461
0.885461
0.884586
0.884586
0.886329
0.886329
0.885869
0.885869
0.886376
0.886376
0.885918
0.885918
0.884651
0.884651
0.884604
0.884604
0.886686
0.886686
0.886395
0.886395
0.886403
0.886403
0.886227
0.886227
0.886325
0.886325
0.886486
0.886486
0.886391
0.886391
0.88632
0.88632
0.886289
0.886289
0.887145
0.887145
0.887665
0.887665
0.887848
0.887848
0.887375
0.887375
0.887413
0.887413
0.887918
0.887918
0.887247
0.887247
0.887326
0.887326
0.886942
0.886942
0.886244
0.886244
0.886495
0.886495
0.88622
0.88622
0.886502
0.886502
0.886575
0.886575
0.886481
0.886481
0.886959
0.886959
0.886741
0.886741
0.887071
0.887071
0.8862
0.8862
0.886872
0.886872
0.886732
0.886732
0.886108
0.886108
0.886781
0.886781
0.886956
0.886956
0.886347
0.886347
0.886487
0.886487
0.885859
0.885859
0.886173
0.886173
0.884864
0.884864
0.884888
0.884888
0.885585
0.885585
0.88702
0.88702
0.886778
0.886778
0.887012
0.887012
0.886602
0.886602
0.887224
0.887224
0.887317
0.887317
0.887705
0.887705
0.887722
0.887722
0.887929
0.887929
0.88805
0.88805
0.88859
0.88859
0.888041
0.888041
0.888204
0.888204
0.887663
0.887663
0.887726
0.887726
0.88708
0.88708
0.886343
0.886343
0.887167
0.887167
0.886931
0.886931
0.886945
0.886945
0.887682
0.887682
0.88738
0.88738
0.887677
0.887677
0.886802
0.886802
0.886413
0.886413
0.883231
0.883231
0.883726
0.883726
0.884123
0.884123
0.883857
0.883857
0.882602
0.882602
0.884701
0.884701
0.884401
0.884401
0.886057
0.886057
0.885306
0.885306
0.886222
0.886222
0.88605
0.88605
0.884102
0.884102
0.884071
0.884071
0.886585
0.886585
0.886005
0.886005
0.886508
0.886508
0.88648
0.88648
0.886364
0.886364
0.886141
0.886141
0.886067
0.886067
0.886276
0.886276
0.886993
0.886993
0.887119
0.887119
0.886969
0.886969
0.88684
0.88684
0.886729
0.886729
0.883547
0.883547
0.883917
0.883917
0.884589
0.884589
0.884121
0.884121
0.88614
0.88614
0.884803
0.884803
0.887884
0.887884
0.887214
0.887214
0.887204
0.887204
0.88736
0.88736
0.884373
0.884373
0.886154
0.886154
0.886709
0.886709
0.885861
0.885861
0.886931
0.886931
0.886703
0.886703
0.886428
0.886428
0.887337
0.887337
0.888194
0.888194
0.888545
0.888545
0.887921
0.887921
0.887289
0.887289
0.886408
0.886408
0.887429
0.887429
0.887983
0.887983
0.885689
0.885689
0.886835
0.886835
0.886972
0.886972
0.884667
0.884667
0.885969
0.885969
0.886973
0.886973
0.886604
0.886604
0.886926
0.886926
0.886853
0.886853
0.886891
0.886891
0.886857
0.886857
0.887105
0.887105
0.887184
0.887184
0.887576
0.887576
0.887684
0.887684
0.888116
0.888116
0.888014
0.888014
0.888323
0.888323
0.886866
0.886866
0.88628
0.88628
0.886879
0.886879
0.887365
0.887365
0.887145
0.887145
0.888338
0.888338
0.886691
0.886691
0.888327
0.888327
0.887479
0.887479
0.887167
0.887167
0.886365
0.886365
0.886281
0.886281
0.886492
0.886492
0.884939
0.884939
0.88538
0.88538
0.883276
0.883276
0.884003
0.884003
0.883908
0.883908
0.882519
0.882519
0.884212
0.884212
0.884087
0.884087
0.886512
0.886512
0.886494
0.886494
0.886528
0.886528
0.885433
0.885433
0.886549
0.886549
0.886511
0.886511
0.884104
0.884104
0.884139
0.884139
0.887217
0.887217
0.886512
0.886512
0.88704
0.88704
0.886598
0.886598
0.88679
0.88679
0.887472
0.887472
0.886742
0.886742
0.884756
0.884756
0.884333
0.884333
0.883604
0.883604
0.883871
0.883871
0.88646
0.88646
0.886642
0.886642
0.885699
0.885699
0.884581
0.884581
0.88691
0.88691
0.888196
0.888196
0.886475
0.886475
0.884171
0.884171
0.888126
0.888126
0.8881
0.8881
0.88814
0.88814
0.887343
0.887343
0.887937
0.887937
0.885801
0.885801
0.887103
0.887103
0.887794
0.887794
0.887853
0.887853
0.888325
0.888325
0.88463
0.88463
0.885472
0.885472
0.886252
0.886252
0.883917
0.883917
0.885909
0.885909
0.887607
0.887607
0.883199
0.883199
0.882923
0.882923
0.884403
0.884403
0.884239
0.884239
0.887632
0.887632
0.88726
0.88726
0.886809
0.886809
0.886033
0.886033
0.886964
0.886964
0.887011
0.887011
0.886852
0.886852
0.886843
0.886843
0.887147
0.887147
0.887059
0.887059
0.887259
0.887259
0.887835
0.887835
0.887583
0.887583
0.887582
0.887582
0.887957
0.887957
0.888081
0.888081
0.887227
0.887227
0.886323
0.886323
0.887198
0.887198
0.887882
0.887882
0.888485
0.888485
0.886923
0.886923
0.886389
0.886389
0.886196
0.886196
0.886769
0.886769
0.886847
0.886847
0.886472
0.886472
0.886471
0.886471
0.884977
0.884977
0.885272
0.885272
0.884226
0.884226
0.884209
0.884209
0.886163
0.886163
0.886121
0.886121
0.88446
0.88446
0.883414
0.883414
0.884398
0.884398
0.884222
0.884222
0.88382
0.88382
0.884177
0.884177
0.886675
0.886675
0.887848
0.887848
0.885198
0.885198
0.886568
0.886568
0.886889
0.886889
0.887165
0.887165
0.886817
0.886817
0.884076
0.884076
0.8837
0.8837
0.883358
0.883358
0.883945
0.883945
0.888062
0.888062
0.887201
0.887201
0.885908
0.885908
0.884548
0.884548
0.887612
0.887612
0.887371
0.887371
0.885994
0.885994
0.884204
0.884204
0.886885
0.886885
0.887568
0.887568
0.888147
0.888147
0.886554
0.886554
0.886483
0.886483
0.886438
0.886438
0.886828
0.886828
0.886889
0.886889
0.887228
0.887228
0.88629
0.88629
0.883218
0.883218
0.882489
0.882489
0.884155
0.884155
0.882898
0.882898
0.88383
0.88383
0.88432
0.88432
0.886411
0.886411
0.885543
0.885543
0.885684
0.885684
0.884576
0.884576
0.888307
0.888307
0.888144
0.888144
0.888553
0.888553
0.888111
0.888111
0.888164
0.888164
0.88747
0.88747
0.886845
0.886845
0.885921
0.885921
0.887015
0.887015
0.8869
0.8869
0.886957
0.886957
0.888183
0.888183
0.886769
0.886769
0.888325
0.888325
0.887097
0.887097
0.887059
0.887059
0.886923
0.886923
0.886276
0.886276
0.886915
0.886915
0.887078
0.887078
0.886805
0.886805
0.884719
0.884719
0.884254
0.884254
0.884205
0.884205
0.886061
0.886061
0.885347
0.885347
0.886876
0.886876
0.886462
0.886462
0.886863
0.886863
0.886908
0.886908
0.886531
0.886531
0.886364
0.886364
0.884186
0.884186
0.884154
0.884154
0.883694
0.883694
0.883478
0.883478
0.883933
0.883933
0.884064
0.884064
0.886279
0.886279
0.886545
0.886545
0.885185
0.885185
0.885089
0.885089
0.885912
0.885912
0.88722
0.88722
0.886906
0.886906
0.886573
0.886573
0.886782
0.886782
0.883586
0.883586
0.88381
0.88381
0.88449
0.88449
0.884027
0.884027
0.885565
0.885565
0.884485
0.884485
0.886467
0.886467
0.886445
0.886445
0.888339
0.888339
0.886735
0.886735
0.884027
0.884027
0.886538
0.886538
