4
2500
0.884001
0.884001
0.884001
0.884001
0.884001
0.884001
0.884001
0.884001
0.885183
0.885183
0.885183
0.885183
0.885183
0.885183
0.885183
0.885183
0.887302
0.887302
0.887302
0.887302
0.887302
0.887302
0.887302
0.887302
0.886143
0.886143
0.886143
0.886143
0.886143
0.886143
0.886143
0.886143
0.886143
0.886143
0.886143
0.886143
0.886143
0.886143
0.886143
0.886143
0.886143
0.886143
0.886143
0.886143
0.886143
0.886143
0.886143
0.886143
0.886072
0.886072
0.886072
0.886072
0.886072
0.886072
0.886072
0.886072
0.886072
0.886072
0.886072
0.886072
0.886072
0.886072
0.886072
0.886072
0.886072
0.886072
0.886072
0.886072
0.886072
0.886072
0.886072
0.886072
0.886901
0.886901
0.886901
0.886901
0.886901
0.886901
0.886901
0.886901
0.886901
0.886901
0.886901
0.886901
0.886901
0.886901
0.886901
0.886901
0.887302
0.887302
0.887302
0.887302
0.887302
0.887302
0.887302
0.887302
0.886901
0.886901
0.886901
0.886901
0.886901
0.886901
0.886901
0.886901
0.885183
0.885183
0.885183
0.885183
0.885183
0.885183
0.885183
0.885183
0.887805
0.887805
0.887588
0.887588
0.887499
0.887499
0.886371
0.886371
0.886686
0.886686
0.888742
0.888742
0.886461
0.886461
0.886412
0.886412
0.886228
0.886228
0.88666
0.88666
0.886094
0.886094
0.886338
0.886338
0.88656
0.88656
0.885995
0.885995
0.885361
0.885361
0.887139
0.887139
0.883361
0.883361
0.88354
0.88354
0.885633
0.885633
0.885442
0.885442
0.886878
0.886878
0.886519
0.886519
0.886449
0.886449
0.886373
0.886373
0.885737
0.885737
0.886121
0.886121
0.884885
0.884885
0.88469
0.88469
0.888742
0.888742
0.886371
0.886371
0.886686
0.886686
0.887588
0.887588
0.887499
0.887499
0.887805
0.887805
0.887075
0.887075
0.888153
0.888153
0.887754
0.887754
0.887215
0.887215
0.886198
0.886198
0.886106
0.886106
0.888275
0.888275
0.886684
0.886684
0.886228
0.886228
0.886461
0.886461
0.886412
0.886412
0.886094
0.886094
0.886338
0.886338
0.88666
0.88666
0.886492
0.886492
0.886877
0.886877
0.886416
0.886416
0.885994
0.885994
0.88641
0.88641
0.886286
0.886286
0.886765
0.886765
0.886624
0.886624
0.886268
0.886268
0.887397
0.887397
0.887397
0.887397
0.886268
0.886268
0.887699
0.887699
0.886607
0.886607
0.886607
0.886607
0.887699
0.887699
0.883835
0.883835
0.885803
0.885803
0.885803
0.885803
0.883835
0.883835
0.884329
0.884329
0.882778
0.882778
0.882778
0.882778
0.884329
0.884329
0.885123
0.885123
0.886494
0.886494
0.886494
0.886494
0.885123
0.885123
0.887455
0.887455
0.885832
0.885832
0.885832
0.885832
0.887455
0.887455
0.884994
0.884994
0.88574
0.88574
0.88574
0.88574
0.884994
0.884994
0.887921
0.887921
0.886594
0.886594
0.886594
0.886594
0.887921
0.887921
0.885937
0.885937
0.885718
0.885718
0.885718
0.885718
0.885937
0.885937
0.886925
0.886925
0.886486
0.886486
0.886486
0.886486
0.886925
0.886925
0.887921
0.887921
0.886594
0.886594
0.886594
0.886594
0.887921
0.887921
0.887828
0.887828
0.887668
0.887668
0.887668
0.887668
0.887828
0.887828
0.884994
0.884994
0.88574
0.88574
0.88574
0.88574
0.884994
0.884994
0.887828
0.887828
0.887668
0.887668
0.887668
0.887668
0.887828
0.887828
0.887828
0.887828
0.887668
0.887668
0.887668
0.887668
0.887828
0.887828
0.886143
0.886143
0.886143
0.886143
0.886143
0.886143
0.886143
0.886143
0.886143
0.886143
0.886143
0.886143
0.886143
0.886143
0.886143
0.886143
0.885937
0.885937
0.885718
0.885718
0.885718
0.885718
0.885937
0.885937
0.886486
0.886486
0.886848
0.886848
0.886848
0.886848
0.886486
0.886486
0.886925
0.886925
0.886486
0.886486
0.886486
0.886486
0.886925
0.886925
0.886486
0.886486
0.886848
0.886848
0.886848
0.886848
0.886486
0.886486
0.886486
0.886486
0.886848
0.886848
0.886848
0.886848
0.886486
0.886486
0.886072
0.886072
0.886072
0.886072
0.886072
0.886072
0.886072
0.886072
0.886072
0.886072
0.886072
0.886072
0.886072
0.886072
0.886072
0.886072
0.886268
0.886268
0.887397
0.887397
0.887397
0.887397
0.886268
0.886268
0.887397
0.887397
0.886268
0.886268
0.886268
0.886268
0.887397
0.887397
0.887699
0.887699
0.886607
0.886607
0.886607
0.886607
0.887699
0.887699
0.886607
0.886607
0.887699
0.887699
0.887699
0.887699
0.886607
0.886607
0.884001
0.884001
0.884001
0.884001
0.885123
0.885123
0.884001
0.884001
0.883835
0.883835
0.885183
0.885183
0.885183
0.885183
0.885937
0.885937
0.885183
0.885183
0.884994
0.884994
0.887302
0.887302
0.887302
0.887302
0.887921
0.887921
0.887302
0.887302
0.886925
0.886925
0.886901
0.886901
0.886901
0.886901
0.886901
0.886901
0.886901
0.886901
0.887302
0.887302
0.887302
0.887302
0.887921
0.887921
0.887302
0.887302
0.886925
0.886925
0.886901
0.886901
0.886901
0.886901
0.887828
0.887828
0.886901
0.886901
0.886486
0.886486
0.885183
0.885183
0.885183
0.885183
0.884994
0.884994
0.885183
0.885183
0.885937
0.885937
0.887397
0.887397
0.886268
0.886268
0.886607
0.886607
0.887699
0.887699
0.884885
0.884885
0.882778
0.882778
0.884329
0.884329
0.88354
0.88354
0.885361
0.885361
0.885832
0.885832
0.887455
0.887455
0.886519
0.886519
0.887397
0.887397
0.886268
0.886268
0.886268
0.886268
0.887397
0.887397
0.886607
0.886607
0.887699
0.887699
0.887699
0.887699
0.886607
0.886607
0.887302
0.887302
0.886143
0.886143
0.886143
0.886143
0.886072
0.886072
0.886072
0.886072
0.886072
0.886072
0.886072
0.886072
0.885183
0.885183
0.886594
0.886594
0.886486
0.886486
0.88574
0.88574
0.885718
0.885718
0.887302
0.887302
0.885183
0.885183
0.885183
0.885183
0.886143
0.886143
0.886143
0.886143
0.886143
0.886143
0.886143
0.886143
0.886072
0.886072
0.886072
0.886072
0.887302
0.887302
0.88574
0.88574
0.885718
0.885718
0.886594
0.886594
0.886486
0.886486
0.885183
0.885183
0.887302
0.887302
0.885832
0.885832
0.885832
0.885832
0.884001
0.884001
0.884001
0.884001
0.884001
0.884001
0.884001
0.884001
0.882778
0.882778
0.882778
0.882778
0.884001
0.884001
0.886143
0.886143
0.886143
0.886143
0.886143
0.886143
0.886143
0.886143
0.886143
0.886143
0.886143
0.886143
0.886143
0.886143
0.886143
0.886143
0.886072
0.886072
0.886072
0.886072
0.886072
0.886072
0.886072
0.886072
0.886072
0.886072
0.886072
0.886072
0.886072
0.886072
0.886072
0.886072
0.886901
0.886901
0.886901
0.886901
0.886901
0.886901
0.886901
0.886901
0.886901
0.886901
0.883835
0.883835
0.885361
0.885361
0.885995
0.885995
0.885803
0.885803
0.885803
0.885803
0.885633
0.885633
0.88354
0.88354
0.883835
0.883835
0.885803
0.885803
0.885123
0.885123
0.884885
0.884885
0.886121
0.886121
0.886494
0.886494
0.886494
0.886494
0.886449
0.886449
0.886519
0.886519
0.885123
0.885123
0.886494
0.886494
0.887668
0.887668
0.887828
0.887828
0.887668
0.887668
0.887668
0.887668
0.887828
0.887828
0.886848
0.886848
0.886486
0.886486
0.886848
0.886848
0.886848
0.886848
0.886486
0.886486
0.885832
0.885832
0.884001
0.884001
0.884001
0.884001
0.882778
0.882778
0.884001
0.884001
0.886901
0.886901
0.886901
0.886901
0.886901
0.886901
0.887215
0.887215
0.885442
0.885442
0.886684
0.886684
0.885995
0.885995
0.885994
0.885994
0.886373
0.886373
0.886624
0.886624
0.886121
0.886121
