4
2500
0.886901
0.886901
0.886901
0.886901
0.886901
0.886901
0.886901
0.886901
0.886696
0.886696
0.886901
0.886901
0.886901
0.886901
0.88646
0.88646
0.884696
0.884696
0.884001
0.884001
0.882988
0.882988
0.883752
0.883752
0.884001
0.884001
0.884001
0.884001
0.882988
0.882988
0.882988
0.882988
0.888607
0.888607
0.886143
0.886143
0.88499
0.88499
0.888401
0.888401
0.886143
0.886143
0.886143
0.886143
0.88499
0.88499
0.88499
0.88499
0.887344
0.887344
0.885183
0.885183
0.88499
0.88499
0.887323
0.887323
0.887344
0.887344
0.885183
0.885183
0.885183
0.885183
0.887344
0.887344
0.885183
0.885183
0.885183
0.885183
0.88499
0.88499
0.88499
0.88499
0.885183
0.885183
0.885183
0.885183
0.885183
0.885183
0.885183
0.885183
0.886237
0.886237
0.886072
0.886072
0.886696
0.886696
0.88646
0.88646
0.886237
0.886237
0.886072
0.886072
0.886072
0.886072
0.886237
0.886237
0.886536
0.886536
0.887302
0.887302
0.887302
0.887302
0.886536
0.886536
0.886536
0.886536
0.887302
0.887302
0.887302
0.887302
0.886536
0.886536
0.887302
0.887302
0.887302
0.887302
0.887302
0.887302
0.887302
0.887302
0.887302
0.887302
0.887302
0.887302
0.887302
0.887302
0.887302
0.887302
0.886901
0.886901
0.886901
0.886901
0.886901
0.886901
0.886901
0.886901
0.886901
0.886901
0.886901
0.886901
0.886901
0.886901
0.886901
0.886901
0.884001
0.884001
0.884001
0.884001
0.884001
0.884001
0.884001
0.884001
0.886507
0.886507
0.884002
0.884002
0.884002
0.884002
0.886507
0.886507
0.886143
0.886143
0.886143
0.886143
0.886143
0.886143
0.886143
0.886143
0.884759
0.884759
0.886143
0.886143
0.886143
0.886143
0.884759
0.884759
0.886696
0.886696
0.886072
0.886072
0.886072
0.886072
0.886696
0.886696
0.886072
0.886072
0.886072
0.886072
0.886072
0.886072
0.886072
0.886072
0.886901
0.886901
0.886901
0.886901
0.886901
0.886901
0.886901
0.886901
0.887302
0.887302
0.886536
0.886536
0.886536
0.886536
0.887302
0.887302
0.887302
0.887302
0.887302
0.887302
0.887302
0.887302
0.887302
0.887302
0.887302
0.887302
0.887302
0.887302
0.887302
0.887302
0.887302
0.887302
0.887302
0.887302
0.887302
0.887302
0.887302
0.887302
0.887302
0.887302
0.887302
0.887302
0.887302
0.887302
0.887302
0.887302
0.887302
0.887302
0.887302
0.887302
0.887302
0.887302
0.887302
0.887302
0.887302
0.887302
0.886901
0.886901
0.886901
0.886901
0.886901
0.886901
0.886901
0.886901
0.885183
0.885183
0.887344
0.887344
0.887344
0.887344
0.885183
0.885183
0.885183
0.885183
0.885183
0.885183
0.885183
0.885183
0.885183
0.885183
0.885183
0.885183
0.885183
0.885183
0.885183
0.885183
0.885183
0.885183
0.885183
0.885183
0.885183
0.885183
0.885183
0.885183
0.885183
0.885183
0.885183
0.885183
0.885183
0.885183
0.885183
0.885183
0.885183
0.885183
0.885183
0.885183
0.885183
0.885183
0.885183
0.885183
0.885183
0.885183
0.883895
0.883895
0.884696
0.884696
0.886143
0.886143
0.88499
0.88499
0.882988
0.882988
0.882988
0.882988
0.884885
0.884885
0.882988
0.882988
0.886237
0.886237
0.884829
0.884829
0.886507
0.886507
0.887302
0.887302
0.887302
0.887302
0.887302
0.887302
0.887302
0.887302
0.887302
0.887302
0.886507
0.886507
0.886507
0.886507
0.887302
0.887302
0.887302
0.887302
0.885183
0.885183
0.885183
0.885183
0.88499
0.88499
0.886143
0.886143
0.886143
0.886143
0.88499
0.88499
0.886237
0.886237
0.886237
0.886237
0.887302
0.887302
0.887302
0.887302
0.888607
0.888607
0.888607
0.888607
0.886536
0.886536
0.886536
0.886536
0.887344
0.887344
0.887344
0.887344
0.888607
0.888607
0.886901
0.886901
0.887344
0.887344
0.882988
0.882988
0.884001
0.884001
0.884001
0.884001
0.882988
0.882988
0.886536
0.886536
0.884759
0.884759
0.884759
0.884759
0.887302
0.887302
0.887302
0.887302
0.883895
0.883895
0.887344
0.887344
0.886901
0.886901
0.886901
0.886901
0.887344
0.887344
0.886507
0.886507
0.884001
0.884001
0.882988
0.882988
0.887135
0.887135
0.886901
0.886901
0.886901
0.886901
0.885183
0.885183
0.885183
0.885183
0.887302
0.887302
0.887135
0.887135
0.886696
0.886696
0.883895
0.883895
0.884696
0.884696
0.887323
0.887323
0.888607
0.888607
0.886237
0.886237
0.887135
0.887135
0.886696
0.886696
0.886072
0.886072
0.886237
0.886237
0.886237
0.886237
0.886072
0.886072
0.886072
0.886072
0.884696
0.884696
0.884885
0.884885
0.886507
0.886507
0.888607
0.888607
0.886507
0.886507
0.883752
0.883752
0.888401
0.888401
0.884829
0.884829
0.886439
0.886439
0.886753
0.886753
0.886439
0.886439
0.886439
0.886439
0.886792
0.886792
0.886781
0.886781
0.886793
0.886793
0.886793
0.886793
0.887785
0.887785
0.886674
0.886674
0.887785
0.887785
0.887785
0.887785
0.88499
0.88499
0.887323
0.887323
0.88499
0.88499
0.88499
0.88499
0.882987
0.882987
0.883845
0.883845
0.882988
0.882988
0.882988
0.882988
0.886237
0.886237
0.884834
0.884834
0.886237
0.886237
0.886237
0.886237
0.886781
0.886781
0.883845
0.883845
0.887823
0.887823
0.887135
0.887135
0.886674
0.886674
0.884834
0.884834
0.886536
0.886536
0.886536
0.886536
0.886536
0.886536
0.887344
0.887344
0.887344
0.887344
0.886536
0.886536
0.886536
0.886536
0.887344
0.887344
0.887344
0.887344
0.886536
0.886536
