4
2500
0.886085
0.886085
0.886085
0.886085
0.886085
0.886085
0.886085
0.886085
0.886085
0.886085
0.886085
0.886085
0.886085
0.886085
0.886085
0.886085
0.886085
0.886085
0.886085
0.886085
0.886085
0.886085
0.886085
0.886085
0.886085
0.886085
0.886085
0.886085
0.886085
0.886085
0.886085
0.886085
0.886085
0.886085
0.886085
0.886085
0.886085
0.886085
0.886085
0.886085
0.886085
0.886085
0.886085
0.886085
0.886085
0.886085
0.886085
0.886085
0.886085
0.886085
0.886085
0.886085
0.886085
0.886085
0.886085
0.886085
0.886085
0.886085
0.886085
0.886085
0.886085
0.886085
0.886085
0.886085
0.886085
0.886085
0.886085
0.886085
0.886085
0.886085
0.886085
0.886085
0.886085
0.886085
0.886085
0.886085
0.886085
0.886085
0.886085
0.886085
0.886085
0.886085
0.886085
0.886085
0.886085
0.886085
0.886085
0.886085
0.886085
0.886085
0.886085
0.886085
0.886085
0.886085
0.886085
0.886085
0.886085
0.886085
0.886085
0.886085
0.886085
0.886085
0.886085
0.886085
0.886085
0.886085
0.886085
0.886085
0.886085
0.886085
0.886085
0.886085
0.886085
0.886085
0.886085
0.886085
0.886085
0.886085
0.886085
0.886085
0.886085
0.886085
0.886085
0.886085
0.886085
0.886085
0.886085
0.886085
0.886085
0.886085
0.886085
0.886085
0.886085
0.886085
0.886085
0.886085
0.886085
0.886085
0.886085
0.886085
0.886085
0.886085
0.886085
0.886085
0.886085
0.886085
0.886085
0.886085
0.886085
0.886085
0.886085
0.886085
0.886085
0.886085
0.886085
0.886085
0.886085
0.886085
0.886085
0.886085
0.886085
0.886085
0.886085
0.886085
0.886085
0.886085
0.886085
0.886085
0.886085
0.886085
0.886085
0.886085
0.886085
0.886085
0.886085
0.886085
0.886085
0.886085
0.886085
0.886085
0.886085
0.886085
0.886085
0.886085
0.886085
0.886085
0.886085
0.886085
0.886085
0.886085
0.886085
0.886085
0.886085
0.886085
0.886085
0.886085
0.886085
0.886085
0.886085
0.886085
0.886085
0.886085
0.886085
0.886085
0.886085
0.886085
0.886085
0.886085
0.886085
0.886085
0.886085
0.886085
0.886085
0.886085
0.886085
0.886085
0.886085
0.886085
0.886085
0.886085
0.886085
0.886085
0.886085
0.886085
0.886085
0.886085
0.886085
0.886085
0.886085
0.886085
0.886085
0.886085
0.886085
0.886085
0.886085
0.886085
0.886085
0.886085
0.886085
0.886085
0.886085
0.886085
0.886085
0.886085
0.886085
0.886085
0.886085
0.886085
0.886085
0.886085
0.886085
0.886085
0.886085
0.886085
0.886085
0.886085
0.886085
0.886085
0.886085
0.886085
0.886085
0.886085
0.886085
0.886085
0.886085
0.886085
0.886085
0.886085
0.886085
0.886085
0.886085
0.886085
0.886085
0.886085
0.886085
0.886085
0.886085
0.886085
0.886085
0.886085
0.886085
0.886085
0.886085
0.886085
0.886085
0.886085
0.886085
0.886085
0.886085
0.886085
0.886085
0.886085
0.886085
0.886085
0.886085
0.886085
0.886085
0.886085
0.886085
0.886085
0.886085
0.886085
0.886085
0.886085
0.886085
0.886085
0.886085
0.886085
0.886085
0.886085
0.886085
0.886085
0.886085
0.886085
0.886085
0.886085
0.886085
0.886085
0.886085
0.886085
0.886085
0.886085
0.886085
0.886085
0.886085
0.886085
0.886085
0.886085
0.886085
0.886085
0.886085
0.886085
0.886085
0.886085
0.886085
0.886085
0.886085
0.886085
0.886085
0.886085
0.886085
0.886085
0.886085
0.886085
0.886085
0.886085
0.886085
0.886085
0.886085
0.886085
0.886085
0.886085
0.886085
0.886085
0.886085
0.886085
0.886085
0.886085
0.886085
0.886085
0.886085
0.886085
0.886085
0.886085
0.886085
0.886085
0.886085
0.886085
0.886085
0.886085
0.886085
0.886085
0.886085
0.886085
0.886085
0.886085
0.886085
0.886085
0.886085
0.886085
0.886085
0.886085
0.886085
0.886085
0.886085
0.886085
0.886085
0.886085
0.886085
0.886085
0.886085
0.886085
0.886085
0.886085
0.886085
0.886085
0.886085
0.886085
0.886085
0.886085
0.886085
0.886085
0.886085
0.886085
0.886085
0.886085
0.886085
0.886085
0.886085
0.886085
0.886085
0.886085
0.886085
0.886085
0.886085
0.886085
0.886085
0.886085
0.886085
0.886085
0.886085
0.886085
0.886085
0.886085
0.886085
0.886085
0.886085
0.886085
0.886085
0.886085
0.886085
0.886085
0.886085
0.886085
0.886085
0.886085
0.886085
0.886085
0.886085
0.886085
0.886085
0.886085
0.886085
0.886085
0.886085
0.886085
0.886085
0.886085
0.886085
0.886085
0.886085
0.886085
0.885083
0.885083
0.885083
0.885083
0.885083
0.885083
0.885083
0.885083
0.886901
0.886901
0.886901
0.886901
0.886901
0.886901
0.886901
0.886901
0.884001
0.884001
0.884001
0.884001
0.884001
0.884001
0.884001
0.884001
0.887472
0.887472
0.887472
0.887472
0.887472
0.887472
0.887472
0.887472
0.887358
0.887358
0.887358
0.887358
0.887358
0.887358
0.887358
0.887358
0.885513
0.885513
0.885513
0.885513
0.885513
0.885513
0.885513
0.885513
0.885484
0.885484
0.885484
0.885484
0.885484
0.885484
0.885484
0.885484
0.887122
0.887122
0.887122
0.887122
0.887122
0.887122
0.887122
0.887122
0.884986
0.884986
0.884986
0.884986
0.884986
0.884986
0.884986
0.884986
0.884222
0.884222
0.884222
0.884222
0.884222
0.884222
0.884222
0.884222
0.887391
0.887391
0.887391
0.887391
0.887391
0.887391
0.887391
0.887391
0.886688
0.886688
0.886688
0.886688
0.886688
0.886688
0.886688
0.886688
0.886196
0.886196
0.886196
0.886196
0.886196
0.886196
0.886196
0.886196
0.886881
0.886881
0.886881
0.886881
0.886881
0.886881
0.886881
0.886881
0.883033
0.883033
0.883033
0.883033
0.883033
0.883033
0.883033
0.883033
0.883054
0.883054
0.883054
0.883054
0.883054
0.883054
0.883054
0.883054
0.886963
0.886963
0.886963
0.886963
0.886963
0.886963
0.886963
0.886963
0.883974
0.883974
0.883974
0.883974
0.883974
0.883974
0.883974
0.883974
0.886901
0.886901
0.886901
0.886901
0.886901
0.886901
0.886901
0.886901
0.887324
0.887324
0.887324
0.887324
0.887324
0.887324
0.887324
0.887324
0.885292
0.885292
0.885292
0.885292
0.885292
0.885292
0.885292
0.885292
0.885583
0.885583
0.885583
0.885583
0.885583
0.885583
0.885583
0.885583
0.887422
0.887422
0.887422
0.887422
0.887422
0.887422
0.887422
0.887422
0.88697
0.88697
0.88697
0.88697
0.88697
0.88697
0.88697
0.88697
0.887568
0.887568
0.887568
0.887568
0.887568
0.887568
0.887568
0.887568
0.886931
0.886931
0.886931
0.886931
0.886931
0.886931
0.886931
0.886931
0.885482
0.885482
0.885482
0.885482
0.885482
0.885482
0.885482
0.885482
0.884994
0.884994
0.884994
0.884994
0.884994
0.884994
0.884994
0.884994
0.887102
0.887102
0.887102
0.887102
0.887102
0.887102
0.887102
0.887102
0.884075
0.884075
0.884075
0.884075
0.884075
0.884075
0.884075
0.884075
0.887035
0.887035
0.887035
0.887035
0.887035
0.887035
0.887035
0.887035
0.886917
0.886917
0.886917
0.886917
0.886917
0.886917
0.886917
0.886917
0.883566
0.883566
0.883566
0.883566
0.883566
0.883566
0.883566
0.883566
0.887241
0.887241
0.887241
0.887241
0.887241
0.887241
0.887241
0.887241
0.886748
0.886748
0.886748
0.886748
0.886748
0.886748
0.886748
0.886748
0.886858
0.886858
0.886858
0.886858
0.886858
0.886858
0.886858
0.886858
0.887704
0.887704
0.887704
0.887704
0.887704
0.887704
0.887704
0.887704
0.886736
0.886736
0.886736
0.886736
0.886736
0.886736
0.886736
0.886736
0.886929
0.886929
0.886929
0.886929
0.886929
0.886929
0.886929
0.886929
0.88551
0.88551
0.88551
0.88551
0.88551
0.88551
0.88551
0.88551
0.887296
0.887296
0.887296
0.887296
0.887296
0.887296
0.887296
0.887296
0.885516
0.885516
0.885516
0.885516
0.885516
0.885516
0.885516
0.885516
0.885307
0.885307
0.885307
0.885307
0.885307
0.885307
0.885307
0.885307
0.884952
0.884952
0.884952
0.884952
0.884952
0.884952
0.884952
0.884952
0.884208
0.884208
0.884208
0.884208
0.884208
0.884208
0.884208
0.884208
0.883192
0.883192
0.883192
0.883192
0.883192
0.883192
0.883192
0.883192
0.886481
0.886481
0.886481
0.886481
0.886481
0.886481
0.886481
0.886481
0.886652
0.886652
0.886652
0.886652
0.886652
0.886652
0.886712
0.886712
0.886712
0.886712
0.886712
0.886712
0.884001
0.884001
0.884001
0.884001
0.884001
0.884001
0.884001
0.884001
0.885429
0.885429
0.885429
0.885429
0.885429
0.885429
0.885429
0.885429
0.887341
0.887341
0.887341
0.887341
0.887341
0.887341
0.887341
0.887341
0.887285
0.887285
0.887285
0.887285
0.887285
0.887285
0.887285
0.887285
0.885589
0.885589
0.885589
0.885589
0.885589
0.885589
0.885589
0.885589
0.887007
0.887007
0.887007
0.887007
0.887007
0.887007
0.887007
0.887007
0.887226
0.887226
0.887226
0.887226
0.887226
0.887226
0.887226
0.887226
0.888223
0.888223
0.888223
0.888223
0.888223
0.888223
0.888223
0.888223
0.887209
0.887209
0.887209
0.887209
0.887209
0.887209
0.887209
0.887209
0.886778
0.886778
0.886778
0.886778
0.886778
0.886778
0.886778
0.886778
0.886928
0.886928
0.886928
0.886928
0.886928
0.886928
0.886928
0.886928
0.884765
0.884765
0.884765
0.884765
0.884765
0.884765
0.884765
0.884765
0.883535
0.883535
0.883535
0.883535
0.883535
0.883535
0.883535
0.883535
0.886901
0.886901
0.886901
0.886901
0.886901
0.886901
0.886901
0.886901
0.887411
0.887411
0.887411
0.887411
0.887411
0.887411
0.887411
0.887411
0.885096
0.885096
0.885096
0.885096
0.885096
0.885096
0.885096
0.885096
0.886985
0.886985
0.886985
0.886985
0.886985
0.886985
0.886985
0.886985
0.885492
0.885492
0.885492
0.885492
0.885492
0.885492
0.885492
0.885492
0.887172
0.887172
0.887172
0.887172
0.887172
0.887172
0.887172
0.887172
0.886777
0.886777
0.886777
0.886777
0.886777
0.886777
0.886777
0.886777
0.884767
0.884767
0.884767
0.884767
0.884767
0.884767
0.884767
0.884767
0.888229
0.888229
0.888229
0.888229
0.888229
0.888229
0.88823
0.88823
0.88823
0.88823
0.88823
0.88823
0.883818
0.883818
0.883818
0.883818
0.883818
0.883818
0.883818
0.883818
0.886744
0.886744
0.886744
0.886744
0.886744
0.886744
0.886744
0.886744
0.886207
0.886207
0.886207
0.886207
0.886207
0.886207
0.886207
0.886207
0.883001
0.883001
0.883001
0.883001
0.883001
0.883001
0.883063
0.883063
0.883063
0.883063
0.883063
0.883063
0.883
0.883
0.883
0.883
0.883
0.883
0.883
0.883
0.886462
0.886462
0.886462
0.886462
0.886462
0.886462
0.886462
0.886462
0.887156
0.887156
0.887156
0.887156
0.887156
0.887156
0.887156
0.887156
0.887295
0.887295
0.887295
0.887295
0.887295
0.887295
0.887295
0.887295
0.884269
0.884269
0.884269
0.884269
0.884269
0.884269
0.884269
0.884269
0.88738
0.88738
0.88738
0.88738
0.88738
0.88738
0.88738
0.88738
0.882863
0.882863
0.882863
0.882863
0.882863
0.882863
0.882863
0.882863
0.88673
0.88673
0.88673
0.88673
0.88673
0.88673
0.886731
0.886731
0.886731
0.886731
0.886731
0.886731
0.88291
0.88291
0.88291
0.88291
0.88291
0.88291
0.88291
0.88291
0.884604
0.884604
0.884604
0.884604
0.884604
0.884604
0.884592
0.884592
0.884592
0.884592
0.884592
0.884592
0.887085
0.887085
0.887085
0.887085
0.887085
0.887085
0.887087
0.887087
0.887087
0.887087
0.887087
0.887087
0.885175
0.885175
0.885175
0.885175
0.885175
0.885175
0.885175
0.885175
0.885548
0.885548
0.885548
0.885548
0.885548
0.885548
0.885548
0.885548
0.887191
0.887191
0.887191
0.887191
0.887191
0.887191
0.88719
0.88719
0.88719
0.88719
0.88719
0.88719
0.885679
0.885679
0.885679
0.885679
0.885679
0.885679
0.885679
0.885679
0.887222
0.887222
0.887222
0.887222
0.887222
0.887222
0.887222
0.887222
0.8879
0.8879
0.8879
0.8879
0.8879
0.8879
0.8879
0.8879
0.886963
0.886963
0.886963
0.886963
0.886963
0.886963
0.886963
0.886963
0.888046
0.888046
0.888046
0.888046
0.888046
0.888046
0.888046
0.888046
0.88678
0.88678
0.88678
0.88678
0.88678
0.88678
0.88678
0.88678
0.887773
0.887773
0.887773
0.887773
0.887773
0.887773
0.887773
0.887773
0.88603
0.88603
0.88603
0.88603
0.88603
0.88603
0.88603
0.88603
0.888123
0.888123
0.888123
0.888123
0.888123
0.888123
0.888123
0.888123
0.886814
0.886814
0.886814
0.886814
0.886814
0.886814
0.886814
0.886814
0.886778
0.886778
0.886778
0.886778
0.886778
0.886778
0.886778
0.886778
0.887244
0.887244
0.887244
0.887244
0.887244
0.887244
0.887244
0.887244
0.8876
0.8876
0.8876
0.8876
0.8876
0.8876
0.8876
0.8876
0.887062
0.887062
0.887062
0.887062
0.887062
0.887062
0.887062
0.887062
0.887485
0.887485
0.887485
0.887485
0.887485
0.887485
0.887485
0.887485
0.885882
0.885882
0.885882
0.885882
0.885882
0.885882
0.885907
0.885907
0.885907
0.885907
0.885907
0.885907
0.884001
0.884001
0.884001
0.884001
0.884001
0.884001
0.884001
0.884001
0.88542
0.88542
0.88542
0.88542
0.88542
0.88542
0.88542
0.88542
0.887293
0.887293
0.887293
0.887293
0.887293
0.887293
0.887293
0.887293
0.887293
0.887293
0.887293
0.887293
0.88724
0.88724
0.88724
0.88724
0.88724
0.88724
0.88724
0.88724
0.885541
0.885541
0.885541
0.885541
0.885541
0.885541
0.885541
0.885541
0.887115
0.887115
0.887115
0.887115
0.887115
0.887115
0.887115
0.887115
0.886988
0.886988
0.886988
0.886988
0.886988
0.886988
0.886988
0.886988
0.88756
0.88756
0.88756
0.88756
0.88756
0.88756
0.88756
0.88756
0.887514
0.887514
0.887514
0.887514
0.887514
0.887514
0.887514
0.887514
0.886904
0.886904
0.886904
0.886904
0.886904
0.886904
0.886904
0.886904
0.886889
0.886889
0.886889
0.886889
0.886889
0.886889
0.886889
0.886889
0.884925
0.884925
0.884925
0.884925
0.884925
0.884925
0.884925
0.884925
0.883526
0.883526
0.883526
0.883526
0.883526
0.883526
0.883526
0.883526
0.886762
0.886762
0.886762
0.886762
0.886762
0.886762
0.886762
0.886762
0.883073
0.883073
0.883073
0.883073
0.883073
0.883073
0.883071
0.883071
0.883071
0.883071
0.883071
0.883071
0.886901
0.886901
0.886901
0.886901
0.886901
0.886901
0.886901
0.886901
0.88744
0.88744
0.88744
0.88744
0.88744
0.88744
0.88744
0.88744
0.885198
0.885198
0.885198
0.885198
0.885198
0.885198
0.885198
0.885198
0.885556
0.885556
0.885556
0.885556
0.885556
0.885556
0.885556
0.885556
0.887022
0.887022
0.887022
0.887022
0.887022
0.887022
0.887039
0.887039
0.887039
0.887039
0.887039
0.887039
0.885518
0.885518
0.885518
0.885518
0.885518
0.885518
0.885532
0.885532
0.885532
0.885532
0.885532
0.885532
0.887328
0.887328
0.887328
0.887328
0.887328
0.887328
0.887328
0.887328
0.886783
0.886783
0.886783
0.886783
0.886783
0.886783
0.886783
0.886783
0.884852
0.884852
0.884852
0.884852
0.884852
0.884852
0.884852
0.884852
0.887875
0.887875
0.887875
0.887875
0.887875
0.887875
0.887926
0.887926
0.887926
0.887926
0.887926
0.887926
0.883734
0.883734
0.883734
0.883734
0.883734
0.883734
0.883734
0.883734
0.887619
0.887619
0.887619
0.887619
0.887619
0.887619
0.887619
0.887619
0.882878
0.882878
0.882878
0.882878
0.882878
0.882878
0.882878
0.882878
0.886246
0.886246
0.886246
0.886246
0.886246
0.886246
0.886246
0.886246
0.886774
0.886774
0.886774
0.886774
0.886774
0.886774
0.886774
0.886774
0.882994
0.882994
0.882994
0.882994
0.882994
0.882994
0.882994
0.882994
0.886587
0.886587
0.886587
0.886587
0.886587
0.886587
0.886587
0.886587
0.884315
0.884315
0.884315
0.884315
0.884315
0.884315
0.884315
0.884315
0.884778
0.884778
0.884778
0.884778
0.884778
0.884778
0.884778
0.884778
0.887013
0.887013
0.887013
0.887013
0.887013
0.887013
0.887013
0.887013
0.885155
0.885155
0.885155
0.885155
0.885155
0.885155
0.885155
0.885155
0.887293
0.887293
0.887293
0.887293
0.887293
0.887293
0.887293
0.887293
0.88536
0.88536
0.88536
0.88536
0.88536
0.88536
0.88536
0.88536
0.887225
0.887225
0.887225
0.887225
0.887225
0.887225
0.887225
0.887225
0.884728
0.884728
0.884728
0.884728
0.884728
0.884728
0.884728
0.884728
0.887195
0.887195
0.887195
0.887195
0.887195
0.887195
0.887195
0.887195
0.887166
0.887166
0.887166
0.887166
0.887166
0.887166
0.887166
0.887166
0.88734
0.88734
0.88734
0.88734
0.88734
0.88734
0.88734
0.88734
0.887009
0.887009
0.887009
0.887009
0.887009
0.887009
0.887009
0.887009
0.886171
0.886171
0.886171
0.886171
0.886171
0.886171
0.886254
0.886254
0.886254
0.886254
0.886254
0.886254
0.887469
0.887469
0.887469
0.887469
0.887469
0.887469
0.887469
0.887469
0.886868
0.886868
0.886868
0.886868
0.886868
0.886868
0.886868
0.886868
0.887164
0.887164
0.887164
0.887164
0.887164
0.887164
0.887107
0.887107
0.887107
0.887107
0.887107
0.887107
0.886693
0.886693
0.886693
0.886693
0.886693
0.886693
0.886693
0.886693
0.885885
0.885885
0.885885
0.885885
0.885885
0.885885
0.885885
0.885885
0.888225
0.888225
0.888225
0.888225
0.888225
0.888225
0.888225
0.888225
0.886741
0.886741
0.886741
0.886741
0.886741
0.886741
0.886741
0.886741
0.887878
0.887878
0.887878
0.887878
0.887878
0.887878
0.887878
0.887878
0.887906
0.887906
0.887906
0.887906
0.887906
0.887906
0.887906
0.887906
0.886985
0.886985
0.886985
0.886985
0.886985
0.886985
0.886985
0.886985
0.88727
0.88727
0.88727
0.88727
0.88727
0.88727
0.88727
0.88727
0.887164
0.887164
0.887164
0.887164
0.887164
0.887164
0.88719
0.88719
0.88719
0.88719
0.88719
0.88719
0.885892
0.885892
0.885892
0.885892
0.885892
0.885892
0.885892
0.885892
0.885486
0.885486
0.885486
0.885486
0.885486
0.885486
0.885486
0.885486
0.886901
0.886901
0.886901
0.886901
0.886901
0.886901
0.886901
0.886901
0.887431
0.887431
0.887431
0.887431
0.887431
0.887431
0.887431
0.887431
0.885323
0.885323
0.885323
0.885323
0.885323
0.885323
0.885323
0.885323
0.884001
0.884001
0.884001
0.884001
0.884001
0.884001
0.884001
0.884001
0.886901
0.886901
0.886901
0.886901
0.886901
0.886901
0.886901
0.886901
0.884589
0.884589
0.884589
0.884589
0.884589
0.884589
0.884589
0.884589
0.887142
0.887142
0.887142
0.887142
0.887142
0.887142
0.887142
0.887142
0.886901
0.886901
0.886901
0.886901
0.886901
0.886901
0.886901
0.886901
0.884001
0.884001
0.884001
0.884001
0.884001
0.884001
0.884001
0.884001
0.885066
0.885066
0.885066
0.885066
0.885066
0.885066
0.885066
0.885066
0.886901
0.886901
0.886901
0.886901
0.886901
0.886901
0.886901
0.886901
0.887293
0.887293
0.887293
0.887293
0.887293
0.887293
0.887293
0.887293
0.884001
0.884001
0.884001
0.884001
0.884001
0.884001
0.884001
0.884001
0.886901
0.886901
0.886901
0.886901
0.886901
0.886901
0.886901
0.886901
0.8872
0.8872
0.8872
0.8872
0.8872
0.8872
0.8872
0.8872
0.885517
0.885517
0.885517
0.885517
0.885517
0.885517
0.885517
0.885517
0.884001
0.884001
0.884001
0.884001
0.884001
0.884001
0.884001
0.884001
0.885153
0.885153
0.885153
0.885153
0.885153
0.885153
0.885153
0.885153
0.887308
0.887308
0.887308
0.887308
0.887308
0.887308
0.887308
0.887308
0.88745
0.88745
0.88745
0.88745
0.88745
0.88745
0.88745
0.88745
0.885395
0.885395
0.885395
0.885395
0.885395
0.885395
0.885395
0.885395
0.885555
0.885555
0.885555
0.885555
0.885555
0.885555
0.885555
0.885555
0.887139
0.887139
0.887139
0.887139
0.887139
0.887139
0.887139
0.887139
0.887787
0.887787
0.887787
0.887787
0.887787
0.887787
0.887787
0.887787
0.887732
0.887732
0.887732
0.887732
0.887732
0.887732
0.887732
0.887732
0.88729
0.88729
0.88729
0.88729
0.88729
0.88729
0.88729
0.88729
0.887578
0.887578
0.887578
0.887578
0.887578
0.887578
0.887578
0.887578
0.887253
0.887253
0.887253
0.887253
0.887253
0.887253
0.887254
0.887254
0.887254
0.887254
0.887254
0.887254
0.887231
0.887231
0.887231
0.887231
0.887231
0.887231
0.887231
0.887231
0.887028
0.887028
0.887028
0.887028
0.887028
0.887028
0.887028
0.887028
0.88396
0.88396
0.88396
0.88396
0.88396
0.88396
0.88396
0.88396
0.885243
0.885243
0.885243
0.885243
0.885243
0.885243
0.885243
0.885243
0.887328
0.887328
0.887328
0.887328
0.887328
0.887328
0.887328
0.887328
0.885003
0.885003
0.885003
0.885003
0.885003
0.885003
0.885001
0.885001
0.885001
0.885001
0.885001
0.885001
0.887249
0.887249
0.887249
0.887249
0.887249
0.887249
0.887249
0.887249
0.884659
0.884659
0.884659
0.884659
0.884659
0.884659
0.884659
0.884659
0.887145
0.887145
0.887145
0.887145
0.887145
0.887145
0.887145
0.887145
0.886494
0.886494
0.886494
0.886494
0.886494
0.886494
0.886494
0.886494
0.886803
0.886803
0.886803
0.886803
0.886803
0.886803
0.886803
0.886803
0.886562
0.886562
0.886562
0.886562
0.886562
0.886562
0.886562
0.886562
0.886609
0.886609
0.886609
0.886609
0.886609
0.886609
0.886609
0.886609
0.883175
0.883175
0.883175
0.883175
0.883175
0.883175
0.883175
0.883175
0.886862
0.886862
0.886862
0.886862
0.886862
0.886862
0.886862
0.886862
0.884429
0.884429
0.884429
0.884429
0.884429
0.884429
0.884429
0.884429
0.884001
0.884001
0.884001
0.884001
0.884001
0.884001
0.884001
0.884001
0.885485
0.885485
0.885485
0.885485
0.885485
0.885485
0.885485
0.885485
0.8873
0.8873
0.8873
0.8873
0.8873
0.8873
0.8873
0.8873
0.886901
0.886901
0.886901
0.886901
0.886901
0.886901
0.886901
0.886901
0.884001
0.884001
0.884001
0.884001
0.884001
0.884001
0.884001
0.884001
0.88689
0.88689
0.88689
0.88689
0.88689
0.88689
0.88689
0.88689
0.887557
0.887557
0.887557
0.887557
0.887557
0.887557
0.887557
0.887557
0.883944
0.883944
0.883944
0.883944
0.883944
0.883944
0.883944
0.883944
0.885223
0.885223
0.885223
0.885223
0.885223
0.885223
0.885223
0.885223
0.887411
0.887411
0.887411
0.887411
0.887411
0.887411
0.887411
0.887411
0.886906
0.886906
0.886906
0.886906
0.886906
0.886906
0.886906
0.886906
0.886901
0.886901
0.886901
0.886901
0.886901
0.886901
0.886901
0.886901
0.887122
0.887122
0.887122
0.887122
0.887122
0.887122
0.887122
0.887122
0.885527
0.885527
0.885527
0.885527
0.885527
0.885527
0.885527
0.885527
0.884005
0.884005
0.884005
0.884005
0.884005
0.884005
0.884005
0.884005
0.886901
0.886901
0.886901
0.886901
0.886901
0.886901
0.886901
0.886901
0.884512
0.884512
0.884512
0.884512
0.884512
0.884512
0.884512
0.884512
0.88711
0.88711
0.88711
0.88711
0.88711
0.88711
0.88711
0.88711
0.886901
0.886901
0.886901
0.886901
0.886901
0.886901
0.886901
0.886901
