4
2500
0.886901
0.886901
0.886901
0.886901
0.886901
0.886901
0.886901
0.886901
0.884001
0.884001
0.884001
0.884001
0.884001
0.884001
0.884001
0.884001
0.886143
0.886143
0.886143
0.886143
0.886143
0.886143
0.886143
0.886143
0.885183
0.885183
0.885183
0.885183
0.885183
0.885183
0.885183
0.885183
0.887302
0.887302
0.887302
0.887302
0.887302
0.887302
0.887302
0.887302
0.886143
0.886143
0.886143
0.886143
0.886143
0.886143
0.886143
0.886143
0.886143
0.886143
0.886143
0.886143
0.886143
0.886143
0.886143
0.886143
0.884001
0.884001
0.884001
0.884001
0.884001
0.884001
0.884001
0.884001
0.887302
0.887302
0.887302
0.887302
0.887302
0.887302
0.887302
0.887302
0.886901
0.886901
0.886901
0.886901
0.886901
0.886901
0.886901
0.886901
0.885183
0.885183
0.885183
0.885183
0.885183
0.885183
0.885183
0.885183
