4
2500
0.886199
0.886199
0.886199
0.886199
0.886201
0.886201
0.88622
0.88622
0.886248
0.886248
0.886183
0.886183
0.88626
0.88626
0.886212
0.886212
0.886212
0.886212
0.886202
0.886202
0.886201
0.886201
0.886201
0.886201
0.886209
0.886209
0.886209
0.886209
0.886209
0.886209
0.886209
0.886209
0.886201
0.886201
0.886201
0.886201
0.886209
0.886209
0.886199
0.886199
0.886207
0.886207
0.886199
0.886199
0.886234
0.886234
0.886226
0.886226
0.886232
0.886232
0.886143
0.886143
0.886168
0.886168
0.886138
0.886138
0.886138
0.886138
0.886225
0.886225
0.88621
0.88621
0.886209
0.886209
0.886209
0.886209
0.886209
0.886209
0.886209
0.886209
0.886209
0.886209
0.886209
0.886209
0.886209
0.886209
0.886209
0.886209
0.886217
0.886217
0.886209
0.886209
0.886209
0.886209
0.886161
0.886161
0.886241
0.886241
0.886223
0.886223
0.886209
0.886209
0.886209
0.886209
0.886161
0.886161
0.886199
0.886199
0.886186
0.886186
0.886202
0.886202
0.886178
0.886178
0.88621
0.88621
0.886209
0.886209
0.886209
0.886209
0.886209
0.886209
0.886209
0.886209
0.886209
0.886209
0.886209
0.886209
0.886201
0.886201
0.886207
0.886207
0.886168
0.886168
0.886162
0.886162
0.88617
0.88617
0.886191
0.886191
0.886218
0.886218
0.886162
0.886162
0.886243
0.886243
0.886164
0.886164
0.886156
0.886156
0.886148
0.886148
0.886208
0.886208
0.886207
0.886207
0.886256
0.886256
0.886204
0.886204
0.886188
0.886188
0.886212
0.886212
0.886209
0.886209
0.886209
0.886209
0.886209
0.886209
0.886209
0.886209
0.886209
0.886209
0.886209
0.886209
0.886207
0.886207
0.886207
0.886207
0.886161
0.886161
0.886171
0.886171
0.886206
0.886206
0.886191
0.886191
0.886206
0.886206
0.886161
0.886161
0.886051
0.886051
0.886051
0.886051
0.885998
0.885998
0.886005
0.886005
0.885993
0.885993
0.885983
0.885983
0.886054
0.886054
0.885986
0.885986
0.886025
0.886025
0.886018
0.886018
0.88606
0.88606
0.886026
0.886026
0.886026
0.886026
0.886026
0.886026
0.886026
0.886026
0.886026
0.886026
0.886026
0.886026
0.886026
0.886026
0.886026
0.886026
0.886026
0.886026
0.886026
0.886026
0.886028
0.886028
0.886028
0.886028
0.886
0.886
0.886005
0.886005
0.885999
0.885999
0.886028
0.886028
0.885994
0.885994
0.886015
0.886015
0.886033
0.886033
0.886041
0.886041
0.886019
0.886019
0.886004
0.886004
0.886026
0.886026
0.886026
0.886026
0.886026
0.886026
0.886026
0.886026
0.886026
0.886026
0.886026
0.886026
0.886026
0.886026
0.886026
0.886026
0.886019
0.886019
0.885981
0.885981
0.886026
0.886026
0.886026
0.886026
0.886017
0.886017
0.885989
0.885989
0.886046
0.886046
0.885981
0.885981
0.886026
0.886026
0.886026
0.886026
0.886026
0.886026
0.886042
0.886042
0.886026
0.886026
0.886019
0.886019
0.886018
0.886018
0.88605
0.88605
0.886026
0.886026
0.886026
0.886026
0.886019
0.886019
0.886026
0.886026
0.886034
0.886034
0.885977
0.885977
0.88606
0.88606
0.88602
0.88602
0.886057
0.886057
0.885977
0.885977
0.88601
0.88601
0.886036
0.886036
0.885998
0.885998
0.885998
0.885998
0.886005
0.886005
0.885996
0.885996
0.885959
0.885959
0.885958
0.885958
0.886025
0.886025
0.885981
0.885981
0.886019
0.886019
0.886026
0.886026
0.886025
0.886025
0.886053
0.886053
0.886026
0.886026
0.886019
0.886019
0.886026
0.886026
0.886026
0.886026
0.88602
0.88602
0.886059
0.886059
0.88607
0.88607
0.886028
0.886028
0.885999
0.885999
0.885997
0.885997
0.885999
0.885999
0.886022
0.886022
0.886834
0.886834
0.886834
0.886834
0.886733
0.886733
0.886733
0.886733
0.886834
0.886834
0.886733
0.886733
0.886592
0.886592
0.886592
0.886592
0.886592
0.886592
0.886811
0.886811
0.886811
0.886811
0.886826
0.886826
0.886826
0.886826
0.886811
0.886811
0.886826
0.886826
0.88677
0.88677
0.88677
0.88677
0.886821
0.886821
0.886821
0.886821
0.88677
0.88677
0.886821
0.886821
0.886858
0.886858
0.886858
0.886858
0.886781
0.886781
0.886781
0.886781
0.886858
0.886858
0.886781
0.886781
0.887021
0.887021
0.887021
0.887021
0.886838
0.886838
0.886838
0.886838
0.887021
0.887021
0.886838
0.886838
0.885611
0.885611
0.885611
0.885611
0.885539
0.885539
0.885539
0.885539
0.885611
0.885611
0.885539
0.885539
0.885762
0.885762
0.885762
0.885762
0.885762
0.885762
0.885183
0.885183
0.885183
0.885183
0.885421
0.885421
0.885421
0.885421
0.885183
0.885183
0.885421
0.885421
0.884916
0.884916
0.884916
0.884916
0.884928
0.884928
0.884928
0.884928
0.884916
0.884916
0.884928
0.884928
0.884473
0.884473
0.884473
0.884473
0.884596
0.884596
0.884596
0.884596
0.884473
0.884473
0.884596
0.884596
0.883853
0.883853
0.883853
0.883853
0.88369
0.88369
0.88369
0.88369
0.883853
0.883853
0.88369
0.88369
0.883448
0.883448
0.883448
0.883448
0.883448
0.883448
0.883894
0.883894
0.883894
0.883894
0.883883
0.883883
0.883883
0.883883
0.883894
0.883894
0.883883
0.883883
0.883899
0.883899
0.883899
0.883899
0.883927
0.883927
0.883927
0.883927
0.883899
0.883899
0.883927
0.883927
0.884055
0.884055
0.884055
0.884055
0.883936
0.883936
0.883936
0.883936
0.884055
0.884055
0.883936
0.883936
0.884425
0.884425
0.884425
0.884425
0.884107
0.884107
0.884107
0.884107
0.884425
0.884425
0.884107
0.884107
0.887487
0.887487
0.887487
0.887487
0.887234
0.887234
0.887234
0.887234
0.887487
0.887487
0.887234
0.887234
0.887213
0.887213
0.887213
0.887213
0.887213
0.887213
0.887302
0.887302
0.887302
0.887302
0.887425
0.887425
0.887425
0.887425
0.887302
0.887302
0.887425
0.887425
0.887265
0.887265
0.887265
0.887265
0.887158
0.887158
0.887158
0.887158
0.887265
0.887265
0.887158
0.887158
0.887162
0.887162
0.887162
0.887162
0.887098
0.887098
0.887098
0.887098
0.887162
0.887162
0.887098
0.887098
0.886974
0.886974
0.886974
0.886974
0.886618
0.886618
0.886618
0.886618
0.886974
0.886974
0.886618
0.886618
0.888162
0.888162
0.888162
0.888162
0.887815
0.887815
0.887815
0.887815
0.888162
0.888162
0.887815
0.887815
0.883181
0.883181
0.883181
0.883181
0.884328
0.884328
0.884328
0.884328
0.883181
0.883181
0.884328
0.884328
0.886612
0.886612
0.886612
0.886612
0.885584
0.885584
0.885584
0.885584
0.886612
0.886612
0.885584
0.885584
0.886522
0.886522
0.886522
0.886522
0.886873
0.886873
0.886873
0.886873
0.886522
0.886522
0.886873
0.886873
0.887311
0.887311
0.887311
0.887311
0.887311
0.887311
0.887449
0.887449
0.887449
0.887449
0.887531
0.887531
0.887531
0.887531
0.887449
0.887449
0.887531
0.887531
0.886323
0.886323
0.886323
0.886323
0.886323
0.886323
0.883421
0.883421
0.883421
0.883421
0.88331
0.88331
0.88331
0.88331
0.883421
0.883421
0.88331
0.88331
0.883266
0.883266
0.883266
0.883266
0.883266
0.883266
0.887684
0.887684
0.887684
0.887684
0.886851
0.886851
0.886851
0.886851
0.887684
0.887684
0.886851
0.886851
0.887321
0.887321
0.887321
0.887321
0.887321
0.887321
0.887332
0.887332
0.887297
0.887297
0.886212
0.886212
0.88625
0.88625
0.887239
0.887239
0.886214
0.886214
0.885972
0.885972
0.886006
0.886006
0.887288
0.887288
0.886176
0.886176
0.887216
0.887216
0.886164
0.886164
0.887208
0.887208
0.886161
0.886161
0.887192
0.887192
0.886161
0.886161
0.887242
0.887242
0.886165
0.886165
0.887144
0.887144
0.886176
0.886176
0.887159
0.887159
0.88613
0.88613
0.887047
0.887047
0.886122
0.886122
0.886776
0.886776
0.886066
0.886066
0.886716
0.886716
0.885988
0.885988
0.885998
0.885998
0.886037
0.886037
0.886445
0.886445
0.885956
0.885956
0.886012
0.886012
0.885905
0.885905
0.886054
0.886054
0.886019
0.886019
0.885795
0.885795
0.885865
0.885865
0.88574
0.88574
0.885847
0.885847
0.886052
0.886052
0.886027
0.886027
0.885718
0.885718
0.885856
0.885856
0.885539
0.885539
0.885904
0.885904
0.886002
0.886002
0.885483
0.885483
0.88587
0.88587
0.88546
0.88546
0.885825
0.885825
0.885469
0.885469
0.885875
0.885875
0.885438
0.885438
0.885873
0.885873
0.885243
0.885243
0.885847
0.885847
0.885357
0.885357
0.885776
0.885776
0.88596
0.88596
0.885991
0.885991
0.885221
0.885221
0.885702
0.885702
0.885041
0.885041
0.885681
0.885681
0.88603
0.88603
0.885976
0.885976
0.884924
0.884924
0.885761
0.885761
0.885193
0.885193
0.885761
0.885761
0.886008
0.886008
0.885978
0.885978
0.885368
0.885368
0.885803
0.885803
0.885653
0.885653
0.885884
0.885884
0.88607
0.88607
0.885679
0.885679
0.885951
0.885951
0.885717
0.885717
0.885962
0.885962
0.88574
0.88574
0.885988
0.885988
0.885727
0.885727
0.885983
0.885983
0.885666
0.885666
0.88597
0.88597
0.885673
0.885673
0.885988
0.885988
0.885713
0.885713
0.886001
0.886001
0.885698
0.885698
0.885995
0.885995
0.885683
0.885683
0.885982
0.885982
0.88576
0.88576
0.885929
0.885929
0.88597
0.88597
0.885996
0.885996
0.886037
0.886037
0.885909
0.885909
0.886087
0.886087
0.885998
0.885998
0.885981
0.885981
0.886042
0.886042
0.88606
0.88606
0.886139
0.886139
0.88586
0.88586
0.886159
0.886159
0.886017
0.886017
0.885955
0.885955
0.8862
0.8862
0.886177
0.886177
0.886569
0.886569
0.886173
0.886173
0.88597
0.88597
0.886535
0.886535
0.886187
0.886187
0.886581
0.886581
0.886225
0.886225
0.886605
0.886605
0.886222
0.886222
0.886531
0.886531
0.886157
0.886157
0.886026
0.886026
0.886026
0.886026
0.886521
0.886521
0.886245
0.886245
0.88661
0.88661
0.886276
0.886276
0.886019
0.886019
0.886638
0.886638
0.886223
0.886223
0.886694
0.886694
0.88625
0.88625
0.886876
0.886876
0.886248
0.886248
0.887177
0.887177
0.886218
0.886218
0.886049
0.886049
0.886026
0.886026
0.887401
0.887401
0.886339
0.886339
0.887297
0.887297
0.886289
0.886289
0.885981
0.885981
0.88601
0.88601
0.887178
0.887178
0.886292
0.886292
0.886016
0.886016
0.886575
0.886575
0.886383
0.886383
0.886269
0.886269
0.886235
0.886235
0.886507
0.886507
0.886311
0.886311
0.886224
0.886224
0.886207
0.886207
0.88617
0.88617
0.886482
0.886482
0.886271
0.886271
0.886429
0.886429
0.8862
0.8862
0.886209
0.886209
0.886209
0.886209
0.886407
0.886407
0.886264
0.886264
0.886409
0.886409
0.886255
0.886255
0.886201
0.886201
0.886511
0.886511
0.886167
0.886167
0.88644
0.88644
0.886138
0.886138
0.886334
0.886334
0.886121
0.886121
0.886261
0.886261
0.886095
0.886095
0.88622
0.88622
0.886187
0.886187
0.886339
0.886339
0.886064
0.886064
0.886278
0.886278
0.886019
0.886019
0.886181
0.886181
0.886193
0.886193
0.886081
0.886081
0.886039
0.886039
0.886235
0.886235
0.886075
0.886075
0.88623
0.88623
0.886229
0.886229
0.886305
0.886305
0.886072
0.886072
0.886261
0.886261
0.886106
0.886106
0.886187
0.886187
0.886341
0.886341
0.88609
0.88609
0.886283
0.886283
0.886083
0.886083
0.886291
0.886291
0.886082
0.886082
0.88629
0.88629
0.886083
0.886083
0.886349
0.886349
0.886089
0.886089
0.886276
0.886276
0.886116
0.886116
0.8863
0.8863
0.886098
0.886098
0.886284
0.886284
0.886122
0.886122
0.886172
0.886172
0.886139
0.886139
0.886033
0.886033
0.886136
0.886136
0.886068
0.886068
0.886111
0.886111
0.886145
0.886145
0.886181
0.886181
0.886156
0.886156
0.886156
0.886156
0.886028
0.886028
0.886058
0.886058
0.886209
0.886209
0.886172
0.886172
0.885872
0.885872
0.886122
0.886122
0.885813
0.885813
0.886155
0.886155
0.886183
0.886183
0.885836
0.885836
0.886151
0.886151
0.88588
0.88588
0.886215
0.886215
0.885847
0.885847
0.886191
0.886191
0.885901
0.885901
0.886146
0.886146
0.886019
0.886019
0.886214
0.886214
0.886048
0.886048
0.886231
0.886231
0.88608
0.88608
0.886249
0.886249
0.886206
0.886206
0.886246
0.886246
0.886168
0.886168
0.88619
0.88619
0.885998
0.885998
0.886284
0.886284
0.885947
0.885947
0.886332
0.886332
0.886216
0.886216
0.886176
0.886176
0.8865
0.8865
0.886394
0.886394
0.886861
0.886861
0.88633
0.88633
0.886162
0.886162
0.886146
0.886146
0.887069
0.887069
0.886298
0.886298
0.88691
0.88691
0.88634
0.88634
0.886215
0.886215
0.886876
0.886876
0.886404
0.886404
0.88692
0.88692
0.886428
0.886428
0.886952
0.886952
0.886441
0.886441
0.886961
0.886961
0.886429
0.886429
0.886922
0.886922
0.886412
0.886412
0.886951
0.886951
0.886429
0.886429
0.887018
0.887018
0.886438
0.886438
0.887018
0.887018
0.886424
0.886424
0.887014
0.887014
0.886428
0.886428
0.887039
0.887039
0.886377
0.886377
0.88685
0.88685
0.886324
0.886324
0.886759
0.886759
0.886302
0.886302
0.886209
0.886209
0.88627
0.88627
0.886504
0.886504
0.886307
0.886307
0.886527
0.886527
0.886205
0.886205
0.886236
0.886236
0.886181
0.886181
0.886562
0.886562
0.886192
0.886192
0.886184
0.886184
0.886201
0.886201
0.886209
0.886209
0.886216
0.886216
0.886185
0.886185
0.886209
0.886209
0.886201
0.886201
0.886193
0.886193
0.886201
0.886201
0.886206
0.886206
0.886209
0.886209
0.886209
0.886209
0.886201
0.886201
0.886193
0.886193
0.886209
0.886209
0.886214
0.886214
0.886217
0.886217
0.886209
0.886209
0.886207
0.886207
0.88623
0.88623
0.886195
0.886195
0.886217
0.886217
0.886209
0.886209
0.886201
0.886201
0.886201
0.886201
0.886189
0.886189
0.886209
0.886209
0.886209
0.886209
0.886201
0.886201
0.886209
0.886209
0.886209
0.886209
0.886213
0.886213
0.886209
0.886209
0.886209
0.886209
0.886031
0.886031
0.886053
0.886053
0.886017
0.886017
0.886034
0.886034
0.886027
0.886027
0.886019
0.886019
0.886019
0.886019
0.886015
0.886015
0.886026
0.886026
0.886026
0.886026
0.886019
0.886019
0.886026
0.886026
0.886027
0.886027
0.886039
0.886039
0.886026
0.886026
0.886026
0.886026
0.88602
0.88602
0.886032
0.886032
0.885996
0.885996
0.886027
0.886027
0.886019
0.886019
0.886012
0.886012
0.886019
0.886019
0.886017
0.886017
0.886026
0.886026
0.886026
0.886026
0.886019
0.886019
0.886011
0.886011
0.886026
0.886026
0.886025
0.886025
0.886034
0.886034
0.886026
0.886026
0.883292
0.883292
0.883292
0.883292
0.883949
0.883949
0.883949
0.883949
0.883292
0.883292
0.883949
0.883949
0.884691
0.884691
0.884691
0.884691
0.884691
0.884691
0.885183
0.885183
0.885183
0.885183
0.885134
0.885134
0.885134
0.885134
0.885183
0.885183
0.885134
0.885134
0.884943
0.884943
0.884943
0.884943
0.884943
0.884943
0.885607
0.885607
0.885607
0.885607
0.885296
0.885296
0.885296
0.885296
0.885607
0.885607
0.885296
0.885296
0.886481
0.886481
0.886481
0.886481
0.886829
0.886829
0.886829
0.886829
0.886481
0.886481
0.886829
0.886829
0.887331
0.887331
0.887331
0.887331
0.887331
0.887331
0.887302
0.887302
0.887302
0.887302
0.887278
0.887278
0.887278
0.887278
0.887302
0.887302
0.887278
0.887278
0.887279
0.887279
0.887279
0.887279
0.887279
0.887279
0.887544
0.887544
0.887544
0.887544
0.887375
0.887375
0.887375
0.887375
0.887544
0.887544
0.887375
0.887375
0.886193
0.886193
0.886201
0.886201
0.886208
0.886208
0.886165
0.886165
0.886201
0.886201
0.88622
0.88622
0.886201
0.886201
0.886201
0.886201
0.88621
0.88621
0.886228
0.886228
0.886209
0.886209
0.886195
0.886195
0.886201
0.886201
0.886209
0.886209
0.886202
0.886202
0.886229
0.886229
0.886209
0.886209
0.886188
0.886188
0.886209
0.886209
0.886209
0.886209
0.8862
0.8862
0.886189
0.886189
0.886217
0.886217
0.886159
0.886159
0.886019
0.886019
0.886027
0.886027
0.886019
0.886019
0.886046
0.886046
0.886027
0.886027
0.886002
0.886002
0.886027
0.886027
0.886027
0.886027
0.88602
0.88602
0.886016
0.886016
0.886034
0.886034
0.885983
0.885983
0.886012
0.886012
0.886019
0.886019
0.886028
0.886028
0.885987
0.885987
0.886019
0.886019
0.886047
0.886047
0.886019
0.886019
0.886019
0.886019
0.886026
0.886026
0.88604
0.88604
0.886027
0.886027
0.886006
0.886006
0.886709
0.886709
0.886709
0.886709
0.886816
0.886816
0.886816
0.886816
0.886709
0.886709
0.886816
0.886816
0.887683
0.887683
0.887683
0.887683
0.887683
0.887683
0.883204
0.883204
0.883204
0.883204
0.883243
0.883243
0.883243
0.883243
0.883204
0.883204
0.883243
0.883243
0.883227
0.883227
0.883227
0.883227
0.883227
0.883227
0.887958
0.887958
0.887958
0.887958
0.887395
0.887395
0.887395
0.887395
0.887958
0.887958
0.887395
0.887395
0.887544
0.887544
0.887544
0.887544
0.887544
0.887544
0.886546
0.886546
0.886546
0.886546
0.886766
0.886766
0.886766
0.886766
0.886546
0.886546
0.886766
0.886766
0.88688
0.88688
0.88688
0.88688
0.88688
0.88688
0.886232
0.886232
0.886193
0.886193
0.886215
0.886215
0.886201
0.886201
0.886211
0.886211
0.886201
0.886201
0.886242
0.886242
0.886209
0.886209
0.88617
0.88617
0.886201
0.886201
0.886203
0.886203
0.886209
0.886209
0.886199
0.886199
0.886209
0.886209
0.886176
0.886176
0.886217
0.886217
0.885988
0.885988
0.886019
0.886019
0.886018
0.886018
0.886026
0.886026
0.886021
0.886021
0.886026
0.886026
0.885997
0.885997
0.886034
0.886034
0.886051
0.886051
0.886012
0.886012
0.886036
0.886036
0.886019
0.886019
0.886026
0.886026
0.886019
0.886019
0.886057
0.886057
0.886027
0.886027
0.887426
0.887426
0.887426
0.887426
0.887426
0.887426
0.883094
0.883094
0.883094
0.883094
0.883094
0.883094
0.886191
0.886191
0.886191
0.886191
0.886191
0.886191
0.886584
0.886584
0.886584
0.886584
0.886584
0.886584
0.886077
0.886077
0.886077
0.886077
0.886077
0.886077
0.88417
0.88417
0.88417
0.88417
0.88417
0.88417
0.887969
0.887969
0.887969
0.887969
0.887969
0.887969
0.887134
0.887134
0.887134
0.887134
0.887134
0.887134
0.88583
0.88583
0.885702
0.885702
0.885918
0.885918
0.885985
0.885985
0.885546
0.885546
0.885934
0.885934
0.885218
0.885218
0.885888
0.885888
0.885243
0.885243
0.885822
0.885822
0.884997
0.884997
0.885769
0.885769
0.885111
0.885111
0.885678
0.885678
0.885367
0.885367
0.885808
0.885808
0.885315
0.885315
0.885851
0.885851
0.885453
0.885453
0.885909
0.885909
0.885493
0.885493
0.885895
0.885895
0.885503
0.885503
0.885896
0.885896
0.885563
0.885563
0.885879
0.885879
0.885759
0.885759
0.885919
0.885919
0.885997
0.885997
0.885898
0.885898
0.886293
0.886293
0.885957
0.885957
0.886551
0.886551
0.885971
0.885971
0.886749
0.886749
0.886053
0.886053
0.886944
0.886944
0.886091
0.886091
0.887256
0.887256
0.886217
0.886217
0.887277
0.887277
0.886257
0.886257
0.887173
0.887173
0.886241
0.886241
0.887354
0.887354
0.886203
0.886203
0.88731
0.88731
0.8862
0.8862
0.887227
0.887227
0.886226
0.886226
0.886865
0.886865
0.886242
0.886242
0.886642
0.886642
0.886251
0.886251
0.886645
0.886645
0.886262
0.886262
0.886621
0.886621
0.88624
0.88624
0.886643
0.886643
0.886234
0.886234
0.88657
0.88657
0.886146
0.886146
0.88633
0.88633
0.886206
0.886206
0.885846
0.885846
0.886143
0.886143
0.886029
0.886029
0.886172
0.886172
0.88604
0.88604
0.886002
0.886002
0.886011
0.886011
0.885931
0.885931
0.886211
0.886211
0.886315
0.886315
0.886127
0.886127
0.886075
0.886075
0.886189
0.886189
0.88611
0.88611
0.886136
0.886136
0.886027
0.886027
0.886295
0.886295
0.885992
0.885992
0.886288
0.886288
0.88604
0.88604
0.886253
0.886253
0.886148
0.886148
0.886349
0.886349
0.886184
0.886184
0.886496
0.886496
0.886248
0.886248
0.886527
0.886527
0.8863
0.8863
0.886497
0.886497
0.886289
0.886289
0.886519
0.886519
0.886289
0.886289
0.886428
0.886428
0.886234
0.886234
0.886647
0.886647
0.886233
0.886233
0.886575
0.886575
0.886185
0.886185
0.886518
0.886518
0.886299
0.886299
0.886775
0.886775
0.886288
0.886288
0.886685
0.886685
0.886334
0.886334
0.887011
0.887011
0.88643
0.88643
0.886967
0.886967
0.886375
0.886375
0.886938
0.886938
0.886388
0.886388
0.886946
0.886946
0.886354
0.886354
0.88669
0.88669
0.886357
0.886357
0.886412
0.886412
0.886395
0.886395
0.885957
0.885957
0.886302
0.886302
0.886052
0.886052
0.886303
0.886303
0.885962
0.885962
0.886172
0.886172
0.88594
0.88594
0.886223
0.886223
0.885953
0.885953
0.88621
0.88621
0.885932
0.885932
0.886216
0.886216
0.885879
0.885879
0.886202
0.886202
0.885951
0.885951
0.886182
0.886182
0.886069
0.886069
0.88604
0.88604
0.886097
0.886097
0.886098
0.886098
0.886096
0.886096
0.886095
0.886095
0.8861
0.8861
0.886137
0.886137
0.886236
0.886236
0.886181
0.886181
0.88623
0.88623
0.886201
0.886201
0.886194
0.886194
0.886227
0.886227
0.886201
0.886201
0.886261
0.886261
0.886209
0.886209
0.886181
0.886181
0.886227
0.886227
0.886176
0.886176
0.886169
0.886169
0.886215
0.886215
0.886216
0.886216
0.886146
0.886146
0.886162
0.886162
0.886207
0.886207
0.886159
0.886159
0.886168
0.886168
0.886168
0.886168
0.886209
0.886209
0.88619
0.88619
0.886153
0.886153
0.88618
0.88618
0.886162
0.886162
0.88618
0.88618
0.886189
0.886189
0.885981
0.885981
0.885955
0.885955
0.886009
0.886009
0.885962
0.885962
0.88598
0.88598
0.88597
0.88597
0.886034
0.886034
0.886033
0.886033
0.886056
0.886056
0.886017
0.886017
0.885981
0.885981
0.886023
0.886023
0.886006
0.886006
0.885986
0.885986
0.886044
0.886044
0.886005
0.886005
0.886026
0.886026
0.886054
0.886054
0.886034
0.886034
0.886052
0.886052
0.88603
0.88603
0.885958
0.885958
0.88596
0.88596
0.885968
0.885968
0.88603
0.88603
0.885978
0.885978
0.886008
0.886008
0.886061
0.886061
0.886501
0.886501
0.886682
0.886682
0.88653
0.88653
0.886834
0.886834
0.886723
0.886723
0.886777
0.886777
0.886772
0.886772
0.886695
0.886695
0.886693
0.886693
0.88654
0.88654
0.886355
0.886355
0.886634
0.886634
0.886665
0.886665
0.886687
0.886687
0.886628
0.886628
0.886659
0.886659
0.886688
0.886688
0.886707
0.886707
0.886627
0.886627
0.886602
0.886602
0.886613
0.886613
0.886659
0.886659
0.886551
0.886551
0.886582
0.886582
0.886928
0.886928
0.887174
0.887174
0.886026
0.886026
0.88633
0.88633
0.886359
0.886359
0.887088
0.887088
0.886538
0.886538
0.886413
0.886413
0.88626
0.88626
0.886464
0.886464
0.886682
0.886682
0.88682
0.88682
0.886929
0.886929
0.886562
0.886562
0.886405
0.886405
0.886599
0.886599
0.88601
0.88601
0.886169
0.886169
0.886587
0.886587
0.887159
0.887159
0.886981
0.886981
0.886394
0.886394
0.886255
0.886255
0.886394
0.886394
0.885761
0.885761
0.885843
0.885843
0.886644
0.886644
0.887076
0.887076
0.887426
0.887426
0.886728
0.886728
0.886544
0.886544
0.886566
0.886566
0.886247
0.886247
0.885924
0.885924
0.885689
0.885689
0.88636
0.88636
0.886409
0.886409
0.885526
0.885526
0.885309
0.885309
0.88632
0.88632
0.886299
0.886299
0.88518
0.88518
0.885095
0.885095
0.886323
0.886323
0.886407
0.886407
0.885034
0.885034
0.884834
0.884834
0.886336
0.886336
0.88636
0.88636
0.884755
0.884755
0.884765
0.884765
0.8863
0.8863
0.885877
0.885877
0.886102
0.886102
0.885536
0.885536
0.88574
0.88574
0.888442
0.888442
0.888421
0.888421
0.887644
0.887644
0.887537
0.887537
0.887558
0.887558
0.888349
0.888349
0.887818
0.887818
0.887784
0.887784
0.887896
0.887896
0.888022
0.888022
0.887993
0.887993
0.887698
0.887698
0.888386
0.888386
0.887721
0.887721
0.887757
0.887757
0.888282
0.888282
0.888242
0.888242
0.887821
0.887821
0.887929
0.887929
0.888247
0.888247
0.888317
0.888317
0.888121
0.888121
0.888242
0.888242
0.888235
0.888235
0.888386
0.888386
0.888406
0.888406
0.888603
0.888603
0.888273
0.888273
0.885575
0.885575
0.885316
0.885316
0.886014
0.886014
0.885436
0.885436
0.885166
0.885166
0.884929
0.884929
0.887797
0.887797
0.887867
0.887867
0.887927
0.887927
0.887865
0.887865
0.885025
0.885025
0.885221
0.885221
0.884882
0.884882
0.884916
0.884916
0.888139
0.888139
0.887907
0.887907
0.887711
0.887711
0.887978
0.887978
0.884955
0.884955
0.884668
0.884668
0.884459
0.884459
0.884958
0.884958
0.884482
0.884482
0.884338
0.884338
0.883868
0.883868
0.883852
0.883852
0.883775
0.883775
0.884555
0.884555
0.887987
0.887987
0.888247
0.888247
0.887641
0.887641
0.887841
0.887841
0.884506
0.884506
0.884496
0.884496
0.883877
0.883877
0.883857
0.883857
0.88445
0.88445
0.884509
0.884509
0.883836
0.883836
0.883831
0.883831
0.884504
0.884504
0.884453
0.884453
0.883839
0.883839
0.883843
0.883843
0.884745
0.884745
0.884423
0.884423
0.883943
0.883943
0.884426
0.884426
0.884237
0.884237
0.884379
0.884379
0.883346
0.883346
0.883627
0.883627
0.886447
0.886447
0.886627
0.886627
0.886185
0.886185
0.886476
0.886476
0.886855
0.886855
0.886549
0.886549
0.886811
0.886811
0.886308
0.886308
0.886532
0.886532
0.886596
0.886596
0.886706
0.886706
0.886405
0.886405
0.885362
0.885362
0.885862
0.885862
0.883564
0.883564
0.884843
0.884843
0.88795
0.88795
0.888294
0.888294
0.888022
0.888022
0.88828
0.88828
0.886912
0.886912
0.886111
0.886111
0.886286
0.886286
0.886134
0.886134
0.886925
0.886925
0.887073
0.887073
0.886517
0.886517
0.887108
0.887108
0.884258
0.884258
0.884346
0.884346
0.882617
0.882617
0.882965
0.882965
0.886903
0.886903
0.886169
0.886169
0.886009
0.886009
0.886965
0.886965
0.886874
0.886874
0.886072
0.886072
0.886491
0.886491
0.886247
0.886247
0.886366
0.886366
0.886888
0.886888
0.887081
0.887081
0.887199
0.887199
0.886945
0.886945
0.887123
0.887123
0.886564
0.886564
0.887201
0.887201
0.886567
0.886567
0.886746
0.886746
0.885989
0.885989
0.885204
0.885204
0.884758
0.884758
0.885494
0.885494
0.885462
0.885462
0.88457
0.88457
0.887903
0.887903
0.887576
0.887576
0.886632
0.886632
0.887667
0.887667
0.887935
0.887935
0.887848
0.887848
0.888078
0.888078
0.888424
0.888424
0.888092
0.888092
0.887531
0.887531
0.88694
0.88694
0.887321
0.887321
0.884815
0.884815
0.884161
0.884161
0.885297
0.885297
0.885605
0.885605
0.886457
0.886457
0.886497
0.886497
0.884333
0.884333
0.883614
0.883614
0.882988
0.882988
0.883891
0.883891
0.88415
0.88415
0.882666
0.882666
0.886307
0.886307
0.886339
0.886339
0.884758
0.884758
0.885163
0.885163
0.88641
0.88641
0.886537
0.886537
0.886433
0.886433
0.886412
0.886412
0.886058
0.886058
0.885966
0.885966
0.885774
0.885774
0.886337
0.886337
0.886866
0.886866
0.886479
0.886479
0.886121
0.886121
0.88605
0.88605
0.886523
0.886523
0.886675
0.886675
0.886176
0.886176
0.886602
0.886602
0.886306
0.886306
0.886454
0.886454
0.886549
0.886549
0.886524
0.886524
0.88698
0.88698
0.886919
0.886919
0.886695
0.886695
0.886769
0.886769
0.886418
0.886418
0.88653
0.88653
0.887102
0.887102
0.887002
0.887002
0.884544
0.884544
0.884451
0.884451
0.883884
0.883884
0.883813
0.883813
0.883094
0.883094
0.884055
0.884055
0.887844
0.887844
0.887817
0.887817
0.887976
0.887976
0.887938
0.887938
0.887847
0.887847
0.888092
0.888092
0.887903
0.887903
0.887817
0.887817
0.887894
0.887894
0.887902
0.887902
0.888226
0.888226
0.888309
0.888309
0.888745
0.888745
0.887924
0.887924
0.887603
0.887603
0.88847
0.88847
0.884887
0.884887
0.884917
0.884917
0.884933
0.884933
0.885
0.885
0.88522
0.88522
0.884899
0.884899
0.884987
0.884987
0.884893
0.884893
0.884474
0.884474
0.884845
0.884845
0.886363
0.886363
0.88673
0.88673
0.88673
0.88673
0.886949
0.886949
0.886591
0.886591
0.887284
0.887284
0.885365
0.885365
0.885446
0.885446
0.883554
0.883554
0.884399
0.884399
0.88478
0.88478
0.885668
0.885668
0.887093
0.887093
0.887106
0.887106
0.887043
0.887043
0.887107
0.887107
0.886484
0.886484
0.886909
0.886909
0.886527
0.886527
0.886966
0.886966
0.886246
0.886246
0.886049
0.886049
0.885864
0.885864
0.886801
0.886801
0.884076
0.884076
0.884321
0.884321
0.882453
0.882453
0.882605
0.882605
0.883019
0.883019
0.883977
0.883977
0.886875
0.886875
0.886528
0.886528
0.886577
0.886577
0.886562
0.886562
0.88578
0.88578
0.886084
0.886084
0.888085
0.888085
0.887892
0.887892
0.888097
0.888097
0.887718
0.887718
0.886634
0.886634
0.887719
0.887719
0.886967
0.886967
0.887009
0.887009
0.886361
0.886361
0.887388
0.887388
0.887815
0.887815
0.887131
0.887131
0.886643
0.886643
0.886616
0.886616
0.886887
0.886887
0.887268
0.887268
0.885843
0.885843
0.885307
0.885307
0.885545
0.885545
0.884791
0.884791
0.88689
0.88689
0.886326
0.886326
0.886697
0.886697
0.886449
0.886449
0.886478
0.886478
0.886483
0.886483
0.886982
0.886982
0.886063
0.886063
0.884406
0.884406
0.882742
0.882742
0.884305
0.884305
0.88375
0.88375
0.887368
0.887368
0.887445
0.887445
0.885347
0.885347
0.884462
0.884462
0.887893
0.887893
0.887955
0.887955
0.887795
0.887795
0.887907
0.887907
0.885923
0.885923
0.886144
0.886144
0.887911
0.887911
0.888309
0.888309
0.883662
0.883662
0.883944
0.883944
0.884587
0.884587
0.88508
0.88508
0.88445
0.88445
0.883659
0.883659
0.885003
0.885003
0.884948
0.884948
0.884821
0.884821
0.884901
0.884901
0.885306
0.885306
0.88531
0.88531
0.885657
0.885657
0.885113
0.885113
0.885346
0.885346
0.885464
0.885464
0.886923
0.886923
0.887339
0.887339
0.887574
0.887574
0.887139
0.887139
0.886865
0.886865
0.886882
0.886882
0.887407
0.887407
0.887421
0.887421
0.887216
0.887216
0.887165
0.887165
0.887103
0.887103
0.887137
0.887137
0.887384
0.887384
0.88741
0.88741
0.887193
0.887193
0.887596
0.887596
0.886635
0.886635
0.886901
0.886901
0.887363
0.887363
0.887548
0.887548
0.886832
0.886832
0.886658
0.886658
0.883259
0.883259
0.882913
0.882913
0.883204
0.883204
0.883584
0.883584
0.883052
0.883052
0.883121
0.883121
0.887869
0.887869
0.887445
0.887445
0.887396
0.887396
0.887199
0.887199
0.887367
0.887367
0.887869
0.887869
0.886443
0.886443
0.886539
0.886539
0.887175
0.887175
0.886815
0.886815
0.886593
0.886593
0.886662
0.886662
0.886979
0.886979
0.88764
0.88764
0.882811
0.882811
0.883749
0.883749
0.886489
0.886489
0.88585
0.88585
0.887125
0.887125
0.886319
0.886319
0.885731
0.885731
0.886366
0.886366
0.88437
0.88437
0.884385
0.884385
0.888311
0.888311
0.887656
0.887656
0.887232
0.887232
0.887251
0.887251
0.887309
0.887309
0.88708
0.88708
0.886919
0.886919
0.886956
0.886956
0.886807
0.886807
0.886807
0.886807
0.887287
0.887287
0.887295
0.887295
0.886869
0.886869
0.886883
0.886883
0.887298
0.887298
0.887331
0.887331
0.886925
0.886925
0.886893
0.886893
0.88733
0.88733
0.8873
0.8873
0.8869
0.8869
0.886986
0.886986
0.887297
0.887297
0.887228
0.887228
0.887002
0.887002
0.887091
0.887091
0.885717
0.885717
0.885603
0.885603
0.886346
0.886346
0.885588
0.885588
0.885618
0.885618
0.885463
0.885463
0.885026
0.885026
0.885427
0.885427
0.885402
0.885402
0.885324
0.885324
0.884759
0.884759
0.884916
0.884916
0.885112
0.885112
0.884784
0.884784
0.884612
0.884612
0.884839
0.884839
0.884582
0.884582
0.88454
0.88454
0.883821
0.883821
0.883759
0.883759
0.883806
0.883806
0.883799
0.883799
0.884061
0.884061
0.884351
0.884351
0.883961
0.883961
0.883922
0.883922
0.884377
0.884377
0.884394
0.884394
0.884016
0.884016
0.884025
0.884025
0.88446
0.88446
0.88445
0.88445
0.884178
0.884178
0.884049
0.884049
0.884478
0.884478
0.884551
0.884551
0.88449
0.88449
0.884266
0.884266
0.884522
0.884522
0.884727
0.884727
0.887317
0.887317
0.88729
0.88729
0.887017
0.887017
0.887814
0.887814
0.887305
0.887305
0.887601
0.887601
0.887421
0.887421
0.887385
0.887385
0.88744
0.88744
0.887153
0.887153
0.887111
0.887111
0.887321
0.887321
0.887154
0.887154
0.887115
0.887115
0.887216
0.887216
0.887063
0.887063
0.887349
0.887349
0.887309
0.887309
0.886774
0.886774
0.886799
0.886799
0.886749
0.886749
0.887218
0.887218
0.888095
0.888095
0.888027
0.888027
0.887193
0.887193
0.888184
0.888184
0.883262
0.883262
0.88443
0.88443
0.884192
0.884192
0.883187
0.883187
0.886625
0.886625
0.884955
0.884955
0.885819
0.885819
0.886566
0.886566
0.886608
0.886608
0.886715
0.886715
0.886727
0.886727
0.886504
0.886504
0.887419
0.887419
0.887152
0.887152
0.88735
0.88735
0.887354
0.887354
0.88755
0.88755
0.887185
0.887185
0.886292
0.886292
0.886328
0.886328
0.883218
0.883218
0.883149
0.883149
0.88319
0.88319
0.883692
0.883692
0.883443
0.883443
0.883422
0.883422
0.887402
0.887402
0.886857
0.886857
0.886691
0.886691
0.887597
0.887597
0.887305
0.887305
0.887299
0.887299
