4
2500
0.887542
0.887542
0.887542
0.887542
0.887542
0.887542
0.887542
0.887542
0.887542
0.887542
0.887542
0.887542
0.887542
0.887542
0.887542
0.887542
0.887542
0.887542
0.887542
0.887542
0.887542
0.887542
0.887542
0.887542
0.887542
0.887542
0.887542
0.887542
0.887542
0.887542
0.887542
0.887542
0.887542
0.887542
0.887542
0.887542
0.887542
0.887542
0.887542
0.887542
0.887542
0.887542
0.887542
0.887542
0.887542
0.887542
0.887542
0.887542
0.887542
0.887542
0.887542
0.887542
0.887542
0.887542
0.887542
0.887542
0.885609
0.885609
0.883778
0.883778
0.884956
0.884956
0.886097
0.886097
0.885609
0.885609
0.883778
0.883778
0.883778
0.883778
0.885609
0.885609
0.885609
0.885609
0.883778
0.883778
0.886062
0.886062
0.885429
0.885429
0.88421
0.88421
0.885239
0.885239
0.886062
0.886062
0.885429
0.885429
0.885429
0.885429
0.886062
0.886062
0.886062
0.886062
0.885429
0.885429
0.887971
0.887971
0.886532
0.886532
0.886697
0.886697
0.888052
0.888052
0.887971
0.887971
0.886532
0.886532
0.886532
0.886532
0.887971
0.887971
0.887971
0.887971
0.886532
0.886532
0.887887
0.887887
0.887528
0.887528
0.887203
0.887203
0.887677
0.887677
0.887887
0.887887
0.887528
0.887528
0.887528
0.887528
0.887887
0.887887
0.887887
0.887887
0.887528
0.887528
0.886099
0.886099
0.886099
0.886099
0.886248
0.886248
0.886248
0.886248
0.886248
0.886248
0.886248
0.886248
0.886248
0.886248
0.886248
0.886248
0.886248
0.886248
0.886248
0.886248
0.886311
0.886311
0.886311
0.886311
0.88639
0.88639
0.88639
0.88639
0.88639
0.88639
0.88639
0.88639
0.88639
0.88639
0.88639
0.88639
0.88639
0.88639
0.88639
0.88639
0.886701
0.886701
0.886701
0.886701
0.886719
0.886719
0.886719
0.886719
0.886719
0.886719
0.886719
0.886719
0.886719
0.886719
0.886719
0.886719
0.886719
0.886719
0.886719
0.886719
0.886289
0.886289
0.886289
0.886289
0.886143
0.886143
0.886143
0.886143
0.886143
0.886143
0.886143
0.886143
0.886143
0.886143
0.886143
0.886143
0.886143
0.886143
0.886143
0.886143
0.886516
0.886516
0.886532
0.886532
0.886697
0.886697
0.886748
0.886748
0.886954
0.886954
0.886532
0.886532
0.886532
0.886532
0.886954
0.886954
0.88649
0.88649
0.886532
0.886532
0.887318
0.887318
0.887528
0.887528
0.887203
0.887203
0.886772
0.886772
0.887816
0.887816
0.887528
0.887528
0.887528
0.887528
0.887816
0.887816
0.887307
0.887307
0.887528
0.887528
0.883567
0.883567
0.883778
0.883778
0.884956
0.884956
0.884984
0.884984
0.883818
0.883818
0.883778
0.883778
0.883778
0.883778
0.883818
0.883818
0.883579
0.883579
0.883778
0.883778
0.885907
0.885907
0.885429
0.885429
0.88421
0.88421
0.883707
0.883707
0.885782
0.885782
0.885429
0.885429
0.885429
0.885429
0.885782
0.885782
0.885934
0.885934
0.885429
0.885429
0.886663
0.886663
0.886273
0.886273
0.88623
0.88623
0.886663
0.886663
0.886552
0.886552
0.886591
0.886591
0.886149
0.886149
0.886189
0.886189
0.886288
0.886288
0.886663
0.886663
0.88624
0.88624
0.886237
0.886237
0.886189
0.886189
0.886189
0.886189
0.886274
0.886274
0.886261
0.886261
0.886663
0.886663
0.886583
0.886583
0.886097
0.886097
0.886189
0.886189
0.886209
0.886209
0.886918
0.886918
0.887157
0.887157
0.886209
0.886209
0.886578
0.886578
0.885755
0.885755
0.885888
0.885888
0.886502
0.886502
0.886886
0.886886
0.886209
0.886209
0.885908
0.885908
0.885861
0.885861
0.886502
0.886502
0.886502
0.886502
0.886388
0.886388
0.887095
0.887095
0.886209
0.886209
0.886184
0.886184
0.885925
0.885925
0.886502
0.886502
0.886336
0.886336
0.88627
0.88627
0.886099
0.886099
0.886336
0.886336
0.886716
0.886716
0.886116
0.886116
0.886284
0.886284
0.886762
0.886762
0.88626
0.88626
0.886336
0.886336
0.886294
0.886294
0.886233
0.886233
0.886762
0.886762
0.886762
0.886762
0.886366
0.886366
0.886069
0.886069
0.886336
0.886336
0.886243
0.886243
0.886273
0.886273
0.886762
0.886762
0.886525
0.886525
0.885856
0.885856
0.885888
0.885888
0.886525
0.886525
0.886502
0.886502
0.886853
0.886853
0.887095
0.887095
0.886434
0.886434
0.885901
0.885901
0.886525
0.886525
0.886894
0.886894
0.88686
0.88686
0.886434
0.886434
0.886434
0.886434
0.886085
0.886085
0.885911
0.885911
0.886525
0.886525
0.886404
0.886404
0.887133
0.887133
0.886434
0.886434
0.886008
0.886008
0.886008
0.886008
0.886008
0.886008
0.886008
0.886008
0.886189
0.886189
0.886663
0.886663
0.886663
0.886663
0.886189
0.886189
0.886008
0.886008
0.886008
0.886008
0.886663
0.886663
0.886189
0.886189
0.886524
0.886524
0.886008
0.886008
0.886008
0.886008
0.886524
0.886524
0.886342
0.886342
0.886663
0.886663
0.886189
0.886189
0.88624
0.88624
0.885882
0.885882
0.885882
0.885882
0.885882
0.885882
0.885882
0.885882
0.886502
0.886502
0.886209
0.886209
0.886209
0.886209
0.886502
0.886502
0.885882
0.885882
0.885882
0.885882
0.886209
0.886209
0.886502
0.886502
0.886088
0.886088
0.885882
0.885882
0.885882
0.885882
0.886088
0.886088
0.886477
0.886477
0.886209
0.886209
0.886502
0.886502
0.886565
0.886565
0.886323
0.886323
0.886323
0.886323
0.886323
0.886323
0.886323
0.886323
0.886762
0.886762
0.886336
0.886336
0.886336
0.886336
0.886762
0.886762
0.886323
0.886323
0.886323
0.886323
0.886336
0.886336
0.886762
0.886762
0.886233
0.886233
0.886323
0.886323
0.886323
0.886323
0.886233
0.886233
0.886319
0.886319
0.886336
0.886336
0.886762
0.886762
0.886513
0.886513
0.887198
0.887198
0.887198
0.887198
0.887198
0.887198
0.887198
0.887198
0.886434
0.886434
0.886525
0.886525
0.886525
0.886525
0.886434
0.886434
0.887198
0.887198
0.887198
0.887198
0.886525
0.886525
0.886434
0.886434
0.886508
0.886508
0.887198
0.887198
0.887198
0.887198
0.886508
0.886508
0.886466
0.886466
0.886525
0.886525
0.886434
0.886434
0.88646
0.88646
0.887563
0.887563
0.887186
0.887186
0.884956
0.884956
0.885462
0.885462
0.882787
0.882787
0.884406
0.884406
0.888052
0.888052
0.886697
0.886697
0.886301
0.886301
0.887033
0.887033
0.886135
0.886135
0.887556
0.887556
0.886766
0.886766
0.886463
0.886463
0.885726
0.885726
0.886499
0.886499
0.886034
0.886034
0.886558
0.886558
0.88624
0.88624
0.886694
0.886694
0.886748
0.886748
0.886697
0.886697
0.886301
0.886301
0.887086
0.887086
0.886135
0.886135
0.886534
0.886534
0.884984
0.884984
0.884956
0.884956
0.887186
0.887186
0.887703
0.887703
0.882787
0.882787
0.883117
0.883117
0.886452
0.886452
0.886452
0.886452
0.886653
0.886653
0.885958
0.885958
0.886298
0.886298
0.886298
0.886298
0.886161
0.886161
0.886421
0.886421
0.886251
0.886251
0.886251
0.886251
0.886069
0.886069
0.88668
0.88668
0.886411
0.886411
0.886411
0.886411
0.886675
0.886675
0.886176
0.886176
0.886483
0.886483
0.886483
0.886483
0.885902
0.885902
0.885902
0.885902
0.886029
0.886029
0.886029
0.886029
0.886565
0.886565
0.886565
0.886565
0.886168
0.886168
0.886666
0.886666
0.886567
0.886567
0.886337
0.886337
0.886756
0.886756
0.886138
0.886138
0.886403
0.886403
0.886373
0.886373
0.886591
0.886591
0.885462
0.885462
0.883607
0.883607
0.886149
0.886149
0.887751
0.887751
0.887393
0.887393
0.887133
0.887133
0.88686
0.88686
0.883829
0.883829
0.883849
0.883849
0.883849
0.883849
0.883592
0.883592
0.886097
0.886097
0.886237
0.886237
0.885755
0.885755
0.883547
0.883547
0.885998
0.885998
0.885888
0.885888
0.886894
0.886894
0.887797
0.887797
0.885908
0.885908
0.885801
0.885801
0.885782
0.885782
0.885861
0.885861
0.886928
0.886928
0.886472
0.886472
0.886273
0.886273
0.886233
0.886233
0.886853
0.886853
0.886581
0.886581
0.887387
0.887387
0.887095
0.887095
0.886979
0.886979
0.886928
0.886928
0.885979
0.885979
0.885925
0.885925
0.886116
0.886116
0.886683
0.886683
0.886494
0.886494
0.886284
0.886284
0.885958
0.885958
0.88623
0.88623
0.886954
0.886954
0.886954
0.886954
0.886288
0.886288
0.886261
0.886261
0.886421
0.886421
0.887157
0.887157
0.886918
0.886918
0.886886
0.886886
0.887095
0.887095
0.88668
0.88668
0.886099
0.886099
0.883818
0.883818
0.883818
0.883818
0.88626
0.88626
0.886069
0.886069
0.886176
0.886176
0.885888
0.885888
0.885856
0.885856
0.885901
0.885901
0.885911
0.885911
0.887563
0.887563
0.885462
0.885462
0.88281
0.88281
0.883547
0.883547
0.886773
0.886773
0.886581
0.886581
0.887032
0.887032
0.886683
0.886683
0.887086
0.887086
0.886748
0.886748
0.886772
0.886772
0.886534
0.886534
0.884984
0.884984
0.887703
0.887703
0.883707
0.883707
0.883117
0.883117
0.883829
0.883829
0.883778
0.883778
0.883778
0.883778
0.883778
0.883778
0.88281
0.88281
0.883778
0.883778
0.882787
0.882787
0.885429
0.885429
0.885429
0.885429
0.885429
0.885429
0.887032
0.887032
0.885429
0.885429
0.886301
0.886301
0.886979
0.886979
0.886532
0.886532
0.886532
0.886532
0.886532
0.886532
0.886773
0.886773
0.886532
0.886532
0.886135
0.886135
0.887528
0.887528
0.887528
0.887528
0.887528
0.887528
0.887528
0.887528
0.887186
0.887186
0.884956
0.884956
0.88281
0.88281
0.882787
0.882787
0.88421
0.88421
0.886683
0.886683
0.886697
0.886697
0.886773
0.886773
0.886135
0.886135
0.887203
0.887203
0.886532
0.886532
0.886532
0.886532
0.886532
0.886532
0.886135
0.886135
0.886532
0.886532
0.886135
0.886135
0.887528
0.887528
0.887528
0.887528
0.887528
0.887528
0.887186
0.887186
0.887528
0.887528
0.883778
0.883778
0.883778
0.883778
0.883778
0.883778
0.882787
0.882787
0.883778
0.883778
0.882787
0.882787
0.885429
0.885429
0.885429
0.885429
0.885429
0.885429
0.886301
0.886301
0.885429
0.885429
0.886697
0.886697
0.887203
0.887203
0.886135
0.886135
0.884956
0.884956
0.88421
0.88421
0.882787
0.882787
0.887554
0.887554
0.886766
0.886766
0.886085
0.886085
0.886034
0.886034
0.886388
0.886388
0.887556
0.887556
0.886135
0.886135
0.883117
0.883117
0.88624
0.88624
0.886366
0.886366
0.886294
0.886294
0.88627
0.88627
0.886697
0.886697
0.884956
0.884956
0.88624
0.88624
0.886273
0.886273
0.884956
0.884956
0.886697
0.886697
0.884406
0.884406
0.882787
0.882787
0.886534
0.886534
0.885726
0.885726
0.886274
0.886274
0.886097
0.886097
0.887554
0.887554
0.887887
0.887887
0.887887
0.887887
0.887887
0.887887
0.887887
0.887887
0.887677
0.887677
0.887556
0.887556
0.887971
0.887971
0.887971
0.887971
0.887971
0.887971
0.887971
0.887971
0.888052
0.888052
0.887033
0.887033
0.886062
0.886062
0.886062
0.886062
0.886062
0.886062
0.886062
0.886062
0.885239
0.885239
0.884406
0.884406
0.885609
0.885609
0.885609
0.885609
0.885609
0.885609
0.885609
0.885609
0.886097
0.886097
0.885679
0.885679
0.885679
0.885679
0.885679
0.885679
0.885679
0.885679
0.885679
0.885679
0.885679
0.885679
0.887461
0.887461
0.887461
0.887461
0.887461
0.887461
0.887461
0.887461
0.885429
0.885429
0.885429
0.885429
0.885429
0.885429
0.885429
0.885429
0.884917
0.884917
0.884917
0.884917
0.884917
0.884917
0.884917
0.884917
0.886796
0.886796
0.886796
0.886796
0.886796
0.886796
0.886796
0.886796
0.887528
0.887528
0.887528
0.887528
0.887528
0.887528
0.887528
0.887528
0.887641
0.887641
0.887641
0.887641
0.887641
0.887641
0.887641
0.887641
0.886718
0.886718
0.886718
0.886718
0.886718
0.886718
0.886718
0.886718
0.886718
0.886718
0.886718
0.886718
