4
2500
0.886557
0.886557
0.88722
0.88722
0.886624
0.886624
0.886624
0.886624
0.886919
0.886919
0.886919
0.886919
0.887324
0.887324
0.887324
0.887324
0.88722
0.88722
0.887608
0.887608
0.887399
0.887399
0.887103
0.887103
0.886708
0.886708
0.887103
0.887103
0.886761
0.886761
0.88696
0.88696
0.886761
0.886761
0.887586
0.887586
0.887399
0.887399
0.887586
0.887586
0.888163
0.888163
0.887725
0.887725
0.887399
0.887399
0.887913
0.887913
0.888188
0.888188
0.887608
0.887608
0.887399
0.887399
0.888097
0.888097
0.887608
0.887608
0.888257
0.888257
0.887714
0.887714
0.886942
0.886942
0.887103
0.887103
0.886851
0.886851
0.886633
0.886633
0.886708
0.886708
0.887103
0.887103
0.886243
0.886243
0.886708
0.886708
0.886059
0.886059
0.886223
0.886223
0.886379
0.886379
0.886761
0.886761
0.886688
0.886688
0.886536
0.886536
0.88696
0.88696
0.886761
0.886761
0.887147
0.887147
0.88696
0.88696
0.887331
0.887331
0.887699
0.887699
0.888258
0.888258
0.887586
0.887586
0.888369
0.888369
0.888238
0.888238
0.888141
0.888141
0.887686
0.887686
0.888438
0.888438
0.887999
0.887999
0.887825
0.887825
0.88738
0.88738
0.886646
0.886646
0.886704
0.886704
0.885986
0.885986
0.88585
0.88585
0.886586
0.886586
0.886288
0.886288
0.886518
0.886518
0.886674
0.886674
0.886185
0.886185
0.886816
0.886816
0.887691
0.887691
0.888106
0.888106
0.888614
0.888614
0.888621
0.888621
0.888611
0.888611
0.888236
0.888236
0.888375
0.888375
0.888104
0.888104
0.888011
0.888011
0.887726
0.887726
0.887071
0.887071
0.886313
0.886313
0.886435
0.886435
0.885767
0.885767
0.886686
0.886686
0.886999
0.886999
0.88681
0.88681
0.886436
0.886436
0.886492
0.886492
0.886647
0.886647
0.88671
0.88671
0.888169
0.888169
0.888023
0.888023
0.888288
0.888288
0.888239
0.888239
0.888118
0.888118
0.888065
0.888065
0.888017
0.888017
0.888041
0.888041
0.887752
0.887752
0.887386
0.887386
0.886812
0.886812
0.886568
0.886568
0.886366
0.886366
0.886291
0.886291
0.886504
0.886504
0.886821
0.886821
0.886863
0.886863
0.886685
0.886685
0.886746
0.886746
0.88694
0.88694
0.886937
0.886937
0.888132
0.888132
0.887584
0.887584
0.887666
0.887666
0.887762
0.887762
0.886689
0.886689
0.886624
0.886624
0.886873
0.886873
0.88711
0.88711
0.887603
0.887603
0.887915
0.887915
0.887973
0.887973
0.887072
0.887072
0.886976
0.886976
0.886566
0.886566
0.886473
0.886473
0.886306
0.886306
0.88676
0.88676
0.887089
0.887089
0.886504
0.886504
0.886954
0.886954
0.886479
0.886479
0.8869
0.8869
0.887314
0.887314
0.886435
0.886435
0.887093
0.887093
0.88373
0.88373
0.884773
0.884773
0.884095
0.884095
0.88328
0.88328
0.883816
0.883816
0.88544
0.88544
0.883899
0.883899
0.885531
0.885531
0.884114
0.884114
0.886195
0.886195
0.884171
0.884171
0.886836
0.886836
0.885779
0.885779
0.886582
0.886582
0.886377
0.886377
0.887488
0.887488
0.886676
0.886676
0.887198
0.887198
0.886638
0.886638
0.886901
0.886901
0.886576
0.886576
0.886613
0.886613
0.886117
0.886117
0.886529
0.886529
0.886162
0.886162
0.886413
0.886413
0.88557
0.88557
0.886133
0.886133
0.885239
0.885239
0.885819
0.885819
0.885012
0.885012
0.885798
0.885798
0.884276
0.884276
0.885647
0.885647
0.883106
0.883106
0.884764
0.884764
0.883005
0.883005
0.884363
0.884363
0.882863
0.882863
0.883713
0.883713
0.882679
0.882679
0.883891
0.883891
0.884095
0.884095
0.884773
0.884773
0.886689
0.886689
0.886624
0.886624
0.88544
0.88544
0.886873
0.886873
0.885531
0.885531
0.88711
0.88711
0.886195
0.886195
0.887603
0.887603
0.886836
0.886836
0.887915
0.887915
0.886582
0.886582
0.887973
0.887973
0.887488
0.887488
0.887072
0.887072
0.887198
0.887198
0.886976
0.886976
0.886901
0.886901
0.886566
0.886566
0.886613
0.886613
0.886473
0.886473
0.886529
0.886529
0.886306
0.886306
0.886413
0.886413
0.88676
0.88676
0.886133
0.886133
0.887089
0.887089
0.885819
0.885819
0.886504
0.886504
0.885798
0.885798
0.886954
0.886954
0.885647
0.885647
0.886479
0.886479
0.884764
0.884764
0.8869
0.8869
0.884363
0.884363
0.887314
0.887314
0.883713
0.883713
0.886435
0.886435
0.883891
0.883891
0.887093
0.887093
0.884095
0.884095
0.887547
0.887547
0.88786
0.88786
0.888311
0.888311
0.887073
0.887073
0.88786
0.88786
0.887372
0.887372
0.887073
0.887073
0.888311
0.888311
0.887372
0.887372
0.888599
0.888599
0.888504
0.888504
0.888213
0.888213
0.88752
0.88752
0.888213
0.888213
0.886653
0.886653
0.88691
0.88691
0.886653
0.886653
0.887456
0.887456
0.888504
0.888504
0.887456
0.887456
0.888333
0.888333
0.887669
0.887669
0.888535
0.888535
0.888504
0.888504
0.888322
0.888322
0.888504
0.888504
0.888599
0.888599
0.888158
0.888158
0.887573
0.887573
0.888599
0.888599
0.887785
0.887785
0.887921
0.887921
0.887827
0.887827
0.888213
0.888213
0.888177
0.888177
0.888213
0.888213
0.88752
0.88752
0.886696
0.886696
0.886293
0.886293
0.88752
0.88752
0.886358
0.886358
0.886348
0.886348
0.886689
0.886689
0.886653
0.886653
0.88649
0.88649
0.886653
0.886653
0.88691
0.88691
0.886871
0.886871
0.886647
0.886647
0.88691
0.88691
0.886841
0.886841
0.887249
0.887249
0.887392
0.887392
0.887456
0.887456
0.888521
0.888521
0.887823
0.887823
0.888186
0.888186
0.887953
0.887953
0.887939
0.887939
0.887461
0.887461
0.887561
0.887561
0.887456
0.887456
0.887627
0.887627
0.887401
0.887401
0.886901
0.886901
0.886842
0.886842
0.886388
0.886388
0.886465
0.886465
0.886406
0.886406
0.886093
0.886093
0.886623
0.886623
0.88643
0.88643
0.887188
0.887188
0.887936
0.887936
0.888212
0.888212
0.888597
0.888597
0.887761
0.887761
0.888047
0.888047
0.887699
0.887699
0.887243
0.887243
0.887409
0.887409
0.887357
0.887357
0.887767
0.887767
0.887071
0.887071
0.88707
0.88707
0.887204
0.887204
0.887265
0.887265
0.886849
0.886849
0.886359
0.886359
0.886516
0.886516
0.885952
0.885952
0.886463
0.886463
0.886728
0.886728
0.887387
0.887387
0.88764
0.88764
0.888308
0.888308
0.888354
0.888354
0.888098
0.888098
0.888015
0.888015
0.887009
0.887009
0.887081
0.887081
0.886863
0.886863
0.886723
0.886723
0.887554
0.887554
0.886936
0.886936
0.886852
0.886852
0.887182
0.887182
0.887108
0.887108
0.88671
0.88671
0.8867
0.8867
0.886771
0.886771
0.886706
0.886706
0.885895
0.885895
0.886676
0.886676
0.887373
0.887373
0.887879
0.887879
0.888198
0.888198
0.887203
0.887203
0.887699
0.887699
0.886478
0.886478
0.886117
0.886117
0.885621
0.885621
0.885701
0.885701
0.88541
0.88541
0.885555
0.885555
0.886073
0.886073
0.886393
0.886393
0.886678
0.886678
0.886116
0.886116
0.88683
0.88683
0.886884
0.886884
0.886851
0.886851
0.886741
0.886741
0.886358
0.886358
0.886432
0.886432
0.886889
0.886889
0.887028
0.887028
0.88777
0.88777
0.88512
0.88512
0.885672
0.885672
0.886632
0.886632
0.885801
0.885801
0.88447
0.88447
0.88559
0.88559
0.883886
0.883886
0.885065
0.885065
0.883452
0.883452
0.883916
0.883916
0.882784
0.882784
0.883387
0.883387
0.883081
0.883081
0.88233
0.88233
0.883086
0.883086
0.882995
0.882995
0.884294
0.884294
0.883598
0.883598
0.884809
0.884809
0.884784
0.884784
0.885153
0.885153
0.885519
0.885519
0.885657
0.885657
0.885941
0.885941
0.886297
0.886297
0.886353
0.886353
0.886583
0.886583
0.886295
0.886295
0.886893
0.886893
0.886407
0.886407
0.886781
0.886781
0.886904
0.886904
0.886844
0.886844
0.887099
0.887099
0.887143
0.887143
0.887806
0.887806
0.886843
0.886843
0.886838
0.886838
0.886569
0.886569
0.887403
0.887403
0.88635
0.88635
0.887074
0.887074
0.886632
0.886632
0.887699
0.887699
0.887203
0.887203
0.885801
0.885801
0.886478
0.886478
0.88559
0.88559
0.886117
0.886117
0.885065
0.885065
0.885621
0.885621
0.883916
0.883916
0.885701
0.885701
0.883387
0.883387
0.88541
0.88541
0.88233
0.88233
0.885555
0.885555
0.882995
0.882995
0.886073
0.886073
0.883598
0.883598
0.886393
0.886393
0.884784
0.884784
0.886678
0.886678
0.885519
0.885519
0.886116
0.886116
0.885941
0.885941
0.88683
0.88683
0.886353
0.886353
0.886884
0.886884
0.886295
0.886295
0.886851
0.886851
0.886407
0.886407
0.886741
0.886741
0.886904
0.886904
0.886358
0.886358
0.887099
0.887099
0.886432
0.886432
0.887806
0.887806
0.886889
0.886889
0.886838
0.886838
0.887028
0.887028
0.887403
0.887403
0.88777
0.88777
0.887074
0.887074
0.886632
0.886632
0.886385
0.886385
0.886348
0.886348
0.886387
0.886387
0.88629
0.88629
0.886348
0.886348
0.886621
0.886621
0.88629
0.88629
0.886387
0.886387
0.886621
0.886621
0.887139
0.887139
0.886822
0.886822
0.886714
0.886714
0.887139
0.887139
0.886348
0.886348
0.886964
0.886964
0.886714
0.886714
0.886915
0.886915
0.886964
0.886964
0.88629
0.88629
0.88634
0.88634
0.886915
0.886915
0.886424
0.886424
0.88634
0.88634
0.886621
0.886621
0.886477
0.886477
0.886424
0.886424
0.886822
0.886822
0.88683
0.88683
0.886952
0.886952
0.887377
0.887377
0.887944
0.887944
0.887818
0.887818
0.887139
0.887139
0.888388
0.888388
0.888027
0.888027
0.887229
0.887229
0.886714
0.886714
0.886937
0.886937
0.887114
0.887114
0.887134
0.887134
0.886964
0.886964
0.886915
0.886915
0.886733
0.886733
0.88648
0.88648
0.886915
0.886915
0.886593
0.886593
0.886727
0.886727
0.886528
0.886528
0.88634
0.88634
0.886393
0.886393
0.886261
0.886261
0.886813
0.886813
0.886424
0.886424
0.886864
0.886864
0.887652
0.887652
0.886919
0.886919
0.887911
0.887911
0.888237
0.888237
0.888042
0.888042
0.887893
0.887893
0.887636
0.887636
0.887093
0.887093
0.887282
0.887282
0.887243
0.887243
0.887097
0.887097
0.886754
0.886754
0.886704
0.886704
0.886899
0.886899
0.886787
0.886787
0.886869
0.886869
0.886783
0.886783
0.886458
0.886458
0.886098
0.886098
0.886717
0.886717
0.886653
0.886653
0.887635
0.887635
0.887236
0.887236
0.888644
0.888644
0.88859
0.88859
0.887562
0.887562
0.887385
0.887385
0.887163
0.887163
0.886679
0.886679
0.88664
0.88664
0.887001
0.887001
0.886762
0.886762
0.886592
0.886592
0.886943
0.886943
0.887101
0.887101
0.887286
0.887286
0.886771
0.886771
0.887072
0.887072
0.886301
0.886301
0.886157
0.886157
0.886257
0.886257
0.886705
0.886705
0.887588
0.887588
0.887904
0.887904
0.888518
0.888518
0.888099
0.888099
0.887602
0.887602
0.88746
0.88746
0.88749
0.88749
0.886747
0.886747
0.885906
0.885906
0.886413
0.886413
0.886673
0.886673
0.886183
0.886183
0.886632
0.886632
0.886925
0.886925
0.886845
0.886845
0.886875
0.886875
0.886676
0.886676
0.886619
0.886619
0.886083
0.886083
0.887023
0.887023
0.887759
0.887759
0.888326
0.888326
0.888107
0.888107
0.888004
0.888004
0.887147
0.887147
0.887044
0.887044
0.886077
0.886077
0.886447
0.886447
0.885569
0.885569
0.885844
0.885844
0.886341
0.886341
0.886056
0.886056
0.885684
0.885684
0.886226
0.886226
0.886165
0.886165
0.886414
0.886414
0.886305
0.886305
0.886449
0.886449
0.886161
0.886161
0.886692
0.886692
0.886684
0.886684
0.887924
0.887924
0.885702
0.885702
0.886404
0.886404
0.88737
0.88737
0.886357
0.886357
0.885645
0.885645
0.886189
0.886189
0.885338
0.885338
0.885738
0.885738
0.884717
0.884717
0.88447
0.88447
0.884291
0.884291
0.88384
0.88384
0.88378
0.88378
0.883114
0.883114
0.882755
0.882755
0.882726
0.882726
0.883024
0.883024
0.882965
0.882965
0.88296
0.88296
0.88404
0.88404
0.883612
0.883612
0.884958
0.884958
0.88435
0.88435
0.885394
0.885394
0.885517
0.885517
0.886389
0.886389
0.886232
0.886232
0.886658
0.886658
0.88657
0.88657
0.886536
0.886536
0.886482
0.886482
0.886988
0.886988
0.886753
0.886753
0.887051
0.887051
0.886513
0.886513
0.887721
0.887721
0.886594
0.886594
0.8871
0.8871
0.886968
0.886968
0.887749
0.887749
0.886564
0.886564
0.888268
0.888268
0.88737
0.88737
0.888107
0.888107
0.888326
0.888326
0.886357
0.886357
0.888004
0.888004
0.886189
0.886189
0.887147
0.887147
0.885738
0.885738
0.887044
0.887044
0.88447
0.88447
0.886077
0.886077
0.88384
0.88384
0.886447
0.886447
0.883114
0.883114
0.885569
0.885569
0.882726
0.882726
0.885844
0.885844
0.882965
0.882965
0.886341
0.886341
0.88404
0.88404
0.886056
0.886056
0.884958
0.884958
0.885684
0.885684
0.885394
0.885394
0.886226
0.886226
0.886389
0.886389
0.886165
0.886165
0.886658
0.886658
0.886414
0.886414
0.886536
0.886536
0.886305
0.886305
0.886988
0.886988
0.886449
0.886449
0.887051
0.887051
0.886161
0.886161
0.887721
0.887721
0.886692
0.886692
0.8871
0.8871
0.886684
0.886684
0.887749
0.887749
0.887924
0.887924
0.888268
0.888268
0.88737
0.88737
0.886231
0.886231
0.886312
0.886312
0.886172
0.886172
0.886172
0.886172
0.886297
0.886297
0.886297
0.886297
0.886339
0.886339
0.886339
0.886339
0.886312
0.886312
0.886848
0.886848
0.886865
0.886865
0.886172
0.886172
0.886848
0.886848
0.886291
0.886291
0.886642
0.886642
0.886291
0.886291
0.886297
0.886297
0.886642
0.886642
0.886738
0.886738
0.886519
0.886519
0.886738
0.886738
0.886339
0.886339
0.886519
0.886519
0.886522
0.886522
0.886494
0.886494
0.886522
0.886522
0.886865
0.886865
0.886911
0.886911
0.886711
0.886711
0.886407
0.886407
0.886626
0.886626
0.886848
0.886848
0.886423
0.886423
0.886833
0.886833
0.886345
0.886345
0.886291
0.886291
0.885828
0.885828
0.886444
0.886444
0.886837
0.886837
0.886642
0.886642
0.886872
0.886872
0.886911
0.886911
0.886843
0.886843
0.886738
0.886738
0.886487
0.886487
0.886614
0.886614
0.886322
0.886322
0.886519
0.886519
0.886554
0.886554
0.886282
0.886282
0.886182
0.886182
0.886522
0.886522
0.886626
0.886626
0.887003
0.887003
0.887512
0.887512
0.887224
0.887224
0.887166
0.887166
0.887365
0.887365
0.887368
0.887368
0.886805
0.886805
0.886595
0.886595
0.885932
0.885932
0.886184
0.886184
0.886603
0.886603
0.886764
0.886764
0.886803
0.886803
0.887118
0.887118
0.887044
0.887044
0.886938
0.886938
0.886592
0.886592
0.886776
0.886776
0.886813
0.886813
0.886292
0.886292
0.887027
0.887027
0.88739
0.88739
0.887806
0.887806
0.888086
0.888086
0.887491
0.887491
0.887668
0.887668
0.887873
0.887873
0.887058
0.887058
0.88652
0.88652
0.886203
0.886203
0.886327
0.886327
0.88601
0.88601
0.886868
0.886868
0.886832
0.886832
0.886826
0.886826
0.887206
0.887206
0.886892
0.886892
0.886572
0.886572
0.887221
0.887221
0.886748
0.886748
0.886914
0.886914
0.887745
0.887745
0.888088
0.888088
0.888407
0.888407
0.88841
0.88841
0.887855
0.887855
0.888221
0.888221
0.887699
0.887699
0.886963
0.886963
0.886459
0.886459
0.886474
0.886474
0.88607
0.88607
0.886378
0.886378
0.886304
0.886304
0.886423
0.886423
0.886713
0.886713
0.886941
0.886941
0.88686
0.88686
0.886912
0.886912
0.887263
0.887263
0.887175
0.887175
0.887582
0.887582
0.887944
0.887944
0.888215
0.888215
0.888208
0.888208
0.887883
0.887883
0.888386
0.888386
0.888114
0.888114
0.88767
0.88767
0.887789
0.887789
0.887707
0.887707
0.887134
0.887134
0.88718
0.88718
0.88704
0.88704
0.886473
0.886473
0.886518
0.886518
0.886302
0.886302
0.886233
0.886233
0.886025
0.886025
0.886612
0.886612
0.886557
0.886557
0.885957
0.885957
0.887053
0.887053
0.887613
0.887613
0.887538
0.887538
0.884604
0.884604
0.885452
0.885452
0.885072
0.885072
0.884347
0.884347
0.88523
0.88523
0.885816
0.885816
0.885307
0.885307
0.886281
0.886281
0.885295
0.885295
0.886506
0.886506
0.88538
0.88538
0.886904
0.886904
0.885678
0.885678
0.886975
0.886975
0.885297
0.885297
0.886729
0.886729
0.885784
0.885784
0.887159
0.887159
0.885687
0.885687
0.886926
0.886926
0.885603
0.885603
0.886861
0.886861
0.885214
0.885214
0.886436
0.886436
0.884565
0.884565
0.886478
0.886478
0.884565
0.884565
0.885652
0.885652
0.884367
0.884367
0.88514
0.88514
0.883927
0.883927
0.8846
0.8846
0.883217
0.883217
0.884214
0.884214
0.882745
0.882745
0.884408
0.884408
0.882467
0.882467
0.884516
0.884516
0.883017
0.883017
0.884365
0.884365
0.883777
0.883777
0.884905
0.884905
0.885072
0.885072
0.885452
0.885452
0.888208
0.888208
0.887883
0.887883
0.885816
0.885816
0.888386
0.888386
0.886281
0.886281
0.888114
0.888114
0.886506
0.886506
0.88767
0.88767
0.886904
0.886904
0.887789
0.887789
0.886975
0.886975
0.887707
0.887707
0.886729
0.886729
0.887134
0.887134
0.887159
0.887159
0.88718
0.88718
0.886926
0.886926
0.88704
0.88704
0.886861
0.886861
0.886473
0.886473
0.886436
0.886436
0.886518
0.886518
0.886478
0.886478
0.886302
0.886302
0.885652
0.885652
0.886233
0.886233
0.88514
0.88514
0.886025
0.886025
0.8846
0.8846
0.886612
0.886612
0.884214
0.884214
0.886557
0.886557
0.884408
0.884408
0.885957
0.885957
0.884516
0.884516
0.887053
0.887053
0.884365
0.884365
0.887613
0.887613
0.884905
0.884905
0.887538
0.887538
0.885072
0.885072
