4
2500
0.887302
0.887302
0.887455
0.887455
0.887434
0.887434
0.887302
0.887302
0.887434
0.887434
0.887432
0.887432
0.887302
0.887302
0.887432
0.887432
0.887475
0.887475
0.887302
0.887302
0.887475
0.887475
0.887502
0.887502
0.887302
0.887302
0.887502
0.887502
0.88741
0.88741
0.887302
0.887302
0.88741
0.88741
0.887293
0.887293
0.887302
0.887302
0.887293
0.887293
0.887185
0.887185
0.887302
0.887302
0.887185
0.887185
0.887046
0.887046
0.887302
0.887302
0.887046
0.887046
0.886957
0.886957
0.887302
0.887302
0.886957
0.886957
0.887025
0.887025
0.887302
0.887302
0.887025
0.887025
0.887132
0.887132
0.887302
0.887302
0.887132
0.887132
0.887201
0.887201
0.887302
0.887302
0.887201
0.887201
0.887261
0.887261
0.887302
0.887302
0.887261
0.887261
0.887295
0.887295
0.887302
0.887302
0.887295
0.887295
0.887372
0.887372
0.887302
0.887302
0.887372
0.887372
0.887455
0.887455
0.887464
0.887464
0.887337
0.887337
0.887337
0.887337
0.887464
0.887464
0.887365
0.887365
0.887365
0.887365
0.88726
0.88726
0.88726
0.88726
0.887227
0.887227
0.887227
0.887227
0.88728
0.88728
0.88728
0.88728
0.887584
0.887584
0.887584
0.887584
0.887808
0.887808
0.887808
0.887808
0.887525
0.887525
0.887525
0.887525
0.88725
0.88725
0.88725
0.88725
0.887196
0.887196
0.887196
0.887196
0.887257
0.887257
0.887257
0.887257
0.887111
0.887111
0.887111
0.887111
0.887063
0.887063
0.887063
0.887063
0.887041
0.887041
0.887041
0.887041
0.887372
0.887372
0.887372
0.887372
0.887464
0.887464
0.887464
0.887464
0.886574
0.886574
0.886241
0.886241
0.886388
0.886388
0.886467
0.886467
0.886651
0.886651
0.886052
0.886052
0.886192
0.886192
0.885649
0.885649
0.886882
0.886882
0.886444
0.886444
0.887908
0.887908
0.886622
0.886622
0.887852
0.887852
0.887011
0.887011
0.887727
0.887727
0.888118
0.888118
0.887556
0.887556
0.887973
0.887973
0.886847
0.886847
0.887777
0.887777
0.886674
0.886674
0.887028
0.887028
0.885973
0.885973
0.886535
0.886535
0.886661
0.886661
0.886741
0.886741
0.886484
0.886484
0.88718
0.88718
0.886609
0.886609
0.886935
0.886935
0.886911
0.886911
0.886989
0.886989
0.886574
0.886574
0.886467
0.886467
0.886848
0.886848
0.886394
0.886394
0.886478
0.886478
0.886072
0.886072
0.886696
0.886696
0.886857
0.886857
0.886486
0.886486
0.886419
0.886419
0.886901
0.886901
0.886324
0.886324
0.887828
0.887828
0.887734
0.887734
0.888607
0.888607
0.888259
0.888259
0.887668
0.887668
0.88774
0.88774
0.886143
0.886143
0.886655
0.886655
0.885803
0.885803
0.885891
0.885891
0.884696
0.884696
0.885905
0.885905
0.883835
0.883835
0.885141
0.885141
0.884001
0.884001
0.885794
0.885794
0.885123
0.885123
0.886843
0.886843
0.886507
0.886507
0.88677
0.88677
0.886494
0.886494
0.886536
0.886536
0.886072
0.886072
0.886478
0.886478
0.886066
0.886066
0.885796
0.885796
0.886967
0.886967
0.886807
0.886807
0.887689
0.887689
0.888558
0.888558
0.887923
0.887923
0.886832
0.886832
0.88575
0.88575
0.884632
0.884632
0.884208
0.884208
0.883166
0.883166
0.882842
0.882842
0.884432
0.884432
0.885518
0.885518
0.885858
0.885858
0.885796
0.885796
0.88671
0.88671
0.886222
0.886222
0.887064
0.887064
0.886967
0.886967
0.887475
0.887475
0.887464
0.887464
0.886966
0.886966
0.886612
0.886612
0.885154
0.885154
0.88424
0.88424
0.883136
0.883136
0.882355
0.882355
0.883118
0.883118
0.88379
0.88379
0.884416
0.884416
0.885769
0.885769
0.886222
0.886222
0.886567
0.886567
0.88622
0.88622
0.886975
0.886975
0.887184
0.887184
0.887864
0.887864
0.887544
0.887544
0.887191
0.887191
0.886591
0.886591
0.885175
0.885175
0.884203
0.884203
0.883656
0.883656
0.882807
0.882807
0.883147
0.883147
0.884153
0.884153
0.884649
0.884649
0.88568
0.88568
0.88622
0.88622
0.886018
0.886018
0.886827
0.886827
0.886723
0.886723
0.886348
0.886348
0.88677
0.88677
0.887468
0.887468
0.888614
0.888614
0.887519
0.887519
0.886259
0.886259
0.885888
0.885888
0.884886
0.884886
0.883897
0.883897
0.88412
0.88412
0.885449
0.885449
0.88645
0.88645
0.88645
0.88645
0.886018
0.886018
0.886496
0.886496
0.886473
0.886473
0.886078
0.886078
0.885747
0.885747
0.886504
0.886504
0.886743
0.886743
0.887088
0.887088
0.888206
0.888206
0.887997
0.887997
0.88787
0.88787
0.887073
0.887073
0.88658
0.88658
0.886762
0.886762
0.887268
0.887268
0.886982
0.886982
0.887089
0.887089
0.886496
0.886496
0.887497
0.887497
0.887212
0.887212
0.887149
0.887149
0.887218
0.887218
0.887093
0.887093
0.887071
0.887071
0.887064
0.887064
0.887294
0.887294
0.887409
0.887409
0.887368
0.887368
0.887346
0.887346
0.887245
0.887245
0.887256
0.887256
0.887298
0.887298
0.887601
0.887601
0.887782
0.887782
0.887497
0.887497
0.887302
0.887302
0.887302
0.887302
0.887302
0.887302
0.887302
0.887302
0.887302
0.887302
0.887302
0.887302
0.887302
0.887302
0.887302
0.887302
0.887302
0.887302
0.887302
0.887302
0.887302
0.887302
0.887302
0.887302
0.887302
0.887302
0.887302
0.887302
0.887302
0.887302
0.887302
0.887302
0.887302
0.887302
0.886431
0.886431
0.886072
0.886072
0.886848
0.886848
0.886393
0.886393
0.886696
0.886696
0.886796
0.886796
0.886486
0.886486
0.886391
0.886391
0.886901
0.886901
0.886328
0.886328
0.887828
0.887828
0.887703
0.887703
0.888607
0.888607
0.888218
0.888218
0.887668
0.887668
0.887716
0.887716
0.886143
0.886143
0.886661
0.886661
0.885803
0.885803
0.885883
0.885883
0.884696
0.884696
0.885801
0.885801
0.883835
0.883835
0.885079
0.885079
0.884001
0.884001
0.88575
0.88575
0.885123
0.885123
0.886856
0.886856
0.886507
0.886507
0.886694
0.886694
0.886494
0.886494
0.886477
0.886477
0.886072
0.886072
0.886431
0.886431
0.886894
0.886894
0.886622
0.886622
0.886584
0.886584
0.887085
0.887085
0.887271
0.887271
0.887215
0.887215
0.887675
0.887675
0.888098
0.888098
0.887922
0.887922
0.887853
0.887853
0.887435
0.887435
0.8874
0.8874
0.887659
0.887659
0.886993
0.886993
0.88742
0.88742
0.887405
0.887405
0.886894
0.886894
0.886072
0.886072
0.886848
0.886848
0.886696
0.886696
0.886486
0.886486
0.886901
0.886901
0.887828
0.887828
0.888607
0.888607
0.887668
0.887668
0.886143
0.886143
0.885803
0.885803
0.884696
0.884696
0.883835
0.883835
0.884001
0.884001
0.885123
0.885123
0.886507
0.886507
0.886494
0.886494
0.886072
0.886072
0.887455
0.887455
0.887255
0.887255
0.887202
0.887202
0.887252
0.887252
0.887091
0.887091
0.887051
0.887051
0.887027
0.887027
0.887369
0.887369
0.887497
0.887497
0.887371
0.887371
0.887411
0.887411
0.88721
0.88721
0.887082
0.887082
0.887261
0.887261
0.887429
0.887429
0.887747
0.887747
0.887455
0.887455
0.886072
0.886072
0.886848
0.886848
0.88638
0.88638
0.886445
0.886445
0.886696
0.886696
0.886774
0.886774
0.886486
0.886486
0.88642
0.88642
0.886901
0.886901
0.886257
0.886257
0.887828
0.887828
0.887729
0.887729
0.888607
0.888607
0.888172
0.888172
0.887668
0.887668
0.887733
0.887733
0.886143
0.886143
0.886583
0.886583
0.885803
0.885803
0.885905
0.885905
0.884696
0.884696
0.885854
0.885854
0.883835
0.883835
0.885167
0.885167
0.884001
0.884001
0.885774
0.885774
0.885123
0.885123
0.886824
0.886824
0.886507
0.886507
0.886694
0.886694
0.886494
0.886494
0.886554
0.886554
0.886072
0.886072
0.886445
0.886445
0.886866
0.886866
0.886804
0.886804
0.886784
0.886784
0.88734
0.88734
0.887353
0.887353
0.887249
0.887249
0.88779
0.88779
0.887902
0.887902
0.887878
0.887878
0.88781
0.88781
0.887451
0.887451
0.887432
0.887432
0.887447
0.887447
0.886979
0.886979
0.887334
0.887334
0.887367
0.887367
0.886866
0.886866
0.887771
0.887771
0.884955
0.884955
0.884955
0.884955
0.887771
0.887771
0.884954
0.884954
0.883794
0.883794
0.883794
0.883794
0.884954
0.884954
0.88695
0.88695
0.88695
0.88695
0.884946
0.884946
0.887344
0.887344
0.887322
0.887322
0.885183
0.885183
0.887969
0.887969
0.886654
0.886654
0.887302
0.887302
0.886571
0.886571
0.882673
0.882673
0.884945
0.884945
0.885183
0.885183
0.882996
0.882996
0.883935
0.883935
0.883935
0.883935
0.886651
0.886651
0.885685
0.885685
0.886818
0.886818
0.887302
0.887302
0.88695
0.88695
0.88695
0.88695
0.887023
0.887023
0.885183
0.885183
0.887302
0.887302
0.886874
0.886874
0.885183
0.885183
0.884073
0.884073
0.883935
0.883935
0.883935
0.883935
0.886624
0.886624
0.887302
0.887302
0.885183
0.885183
0.884934
0.884934
0.885135
0.885135
0.885183
0.885183
0.885135
0.885135
0.885295
0.885295
0.885183
0.885183
0.885295
0.885295
0.885446
0.885446
0.885183
0.885183
0.885446
0.885446
0.885548
0.885548
0.885183
0.885183
0.885548
0.885548
0.885507
0.885507
0.885183
0.885183
0.885507
0.885507
0.885428
0.885428
0.885183
0.885183
0.885428
0.885428
0.885377
0.885377
0.885183
0.885183
0.885377
0.885377
0.885335
0.885335
0.885183
0.885183
0.885335
0.885335
0.885191
0.885191
0.885183
0.885183
0.885191
0.885191
0.885062
0.885062
0.885183
0.885183
0.885062
0.885062
0.884994
0.884994
0.885183
0.885183
0.884994
0.884994
0.884923
0.884923
0.885183
0.885183
0.884923
0.884923
0.884869
0.884869
0.885183
0.885183
0.884869
0.884869
0.884798
0.884798
0.885183
0.885183
0.884798
0.884798
0.884783
0.884783
0.885183
0.885183
0.884783
0.884783
0.884934
0.884934
0.885438
0.885438
0.885882
0.885882
0.885882
0.885882
0.885438
0.885438
0.885793
0.885793
0.885793
0.885793
0.885577
0.885577
0.885577
0.885577
0.885551
0.885551
0.885551
0.885551
0.885549
0.885549
0.885549
0.885549
0.885559
0.885559
0.885559
0.885559
0.885392
0.885392
0.885392
0.885392
0.885357
0.885357
0.885357
0.885357
0.885105
0.885105
0.885105
0.885105
0.88464
0.88464
0.88464
0.88464
0.884573
0.884573
0.884573
0.884573
0.884594
0.884594
0.884594
0.884594
0.884775
0.884775
0.884775
0.884775
0.884809
0.884809
0.884809
0.884809
0.885002
0.885002
0.885002
0.885002
0.885438
0.885438
0.885438
0.885438
0.88632
0.88632
0.885573
0.885573
0.88582
0.88582
0.886408
0.886408
0.884929
0.884929
0.884098
0.884098
0.884481
0.884481
0.883241
0.883241
0.883294
0.883294
0.883001
0.883001
0.88281
0.88281
0.88237
0.88237
0.88381
0.88381
0.883205
0.883205
0.884195
0.884195
0.884176
0.884176
0.885455
0.885455
0.884995
0.884995
0.88671
0.88671
0.886249
0.886249
0.887178
0.887178
0.886744
0.886744
0.887556
0.887556
0.88739
0.88739
0.887894
0.887894
0.887079
0.887079
0.887
0.887
0.88671
0.88671
0.887159
0.887159
0.88677
0.88677
0.886538
0.886538
0.886951
0.886951
0.88632
0.88632
0.886408
0.886408
0.886494
0.886494
0.885858
0.885858
0.885796
0.885796
0.886072
0.886072
0.886507
0.886507
0.885518
0.885518
0.885123
0.885123
0.884432
0.884432
0.884001
0.884001
0.882842
0.882842
0.883835
0.883835
0.883166
0.883166
0.884696
0.884696
0.884208
0.884208
0.885803
0.885803
0.884632
0.884632
0.886143
0.886143
0.88575
0.88575
0.887668
0.887668
0.886832
0.886832
0.888607
0.888607
0.887923
0.887923
0.887828
0.887828
0.888558
0.888558
0.886901
0.886901
0.887689
0.887689
0.886486
0.886486
0.886807
0.886807
0.886696
0.886696
0.886967
0.886967
0.886848
0.886848
0.886066
0.886066
0.886072
0.886072
0.885796
0.885796
0.886536
0.886536
0.886478
0.886478
0.88677
0.88677
0.886843
0.886843
0.885794
0.885794
0.885141
0.885141
0.885905
0.885905
0.885891
0.885891
0.886655
0.886655
0.88774
0.88774
0.888259
0.888259
0.887734
0.887734
0.886324
0.886324
0.886419
0.886419
0.886857
0.886857
0.886394
0.886394
0.886478
0.886478
0.887241
0.887241
0.886576
0.886576
0.886929
0.886929
0.886992
0.886992
0.886864
0.886864
0.886534
0.886534
0.8871
0.8871
0.887433
0.887433
0.887746
0.887746
0.888086
0.888086
0.887399
0.887399
0.887208
0.887208
0.886675
0.886675
0.885734
0.885734
0.886047
0.886047
0.886464
0.886464
0.886576
0.886576
0.886937
0.886937
0.8864
0.8864
0.8868
0.8868
0.88667
0.88667
0.886836
0.886836
0.886352
0.886352
0.886662
0.886662
0.887016
0.887016
0.887557
0.887557
0.887897
0.887897
0.887603
0.887603
0.887589
0.887589
0.886738
0.886738
0.886201
0.886201
0.88653
0.88653
0.886316
0.886316
0.8864
0.8864
0.88611
0.88611
0.886267
0.886267
0.886437
0.886437
0.884686
0.884686
0.883794
0.883794
0.883619
0.883619
0.884645
0.884645
0.885705
0.885705
0.88601
0.88601
0.887545
0.887545
0.88847
0.88847
0.888074
0.888074
0.886939
0.886939
0.886469
0.886469
0.886807
0.886807
0.886854
0.886854
0.88611
0.88611
0.886374
0.886374
0.885845
0.885845
0.884108
0.884108
0.883359
0.883359
0.88299
0.88299
0.882398
0.882398
0.883164
0.883164
0.884198
0.884198
0.884966
0.884966
0.886297
0.886297
0.886809
0.886809
0.887499
0.887499
0.887122
0.887122
0.886775
0.886775
0.886833
0.886833
0.886992
0.886992
0.886374
0.886374
0.8853
0.8853
0.885034
0.885034
0.884679
0.884679
0.884604
0.884604
0.884599
0.884599
0.884758
0.884758
0.884778
0.884778
0.88497
0.88497
0.885408
0.885408
0.885842
0.885842
0.885787
0.885787
0.885567
0.885567
0.885551
0.885551
0.885506
0.885506
0.885518
0.885518
0.885411
0.885411
0.8853
0.8853
0.885183
0.885183
0.885183
0.885183
0.885183
0.885183
0.885183
0.885183
0.885183
0.885183
0.885183
0.885183
0.885183
0.885183
0.885183
0.885183
0.885183
0.885183
0.885183
0.885183
0.885183
0.885183
0.885183
0.885183
0.885183
0.885183
0.885183
0.885183
0.885183
0.885183
0.885183
0.885183
0.885183
0.885183
0.885818
0.885818
0.886072
0.886072
0.886494
0.886494
0.885846
0.885846
0.886507
0.886507
0.885487
0.885487
0.885123
0.885123
0.884409
0.884409
0.884001
0.884001
0.882853
0.882853
0.883835
0.883835
0.883147
0.883147
0.884696
0.884696
0.884158
0.884158
0.885803
0.885803
0.884644
0.884644
0.886143
0.886143
0.885719
0.885719
0.887668
0.887668
0.886792
0.886792
0.888607
0.888607
0.88787
0.88787
0.887828
0.887828
0.888596
0.888596
0.886901
0.886901
0.88767
0.88767
0.886486
0.886486
0.886769
0.886769
0.886696
0.886696
0.886885
0.886885
0.886848
0.886848
0.886078
0.886078
0.886072
0.886072
0.885818
0.885818
0.885972
0.885972
0.885682
0.885682
0.884868
0.884868
0.884152
0.884152
0.884126
0.884126
0.884044
0.884044
0.883818
0.883818
0.88426
0.88426
0.885002
0.885002
0.885979
0.885979
0.886385
0.886385
0.886214
0.886214
0.886962
0.886962
0.886598
0.886598
0.886359
0.886359
0.886373
0.886373
0.885972
0.885972
0.886072
0.886072
0.886494
0.886494
0.886507
0.886507
0.885123
0.885123
0.884001
0.884001
0.883835
0.883835
0.884696
0.884696
0.885803
0.885803
0.886143
0.886143
0.887668
0.887668
0.888607
0.888607
0.887828
0.887828
0.886901
0.886901
0.886486
0.886486
0.886696
0.886696
0.886848
0.886848
0.886072
0.886072
0.885397
0.885397
0.885082
0.885082
0.884583
0.884583
0.884504
0.884504
0.884511
0.884511
0.884715
0.884715
0.884775
0.884775
0.88499
0.88499
0.885378
0.885378
0.885858
0.885858
0.885696
0.885696
0.885631
0.885631
0.885485
0.885485
0.885571
0.885571
0.885661
0.885661
0.88546
0.88546
0.885397
0.885397
0.886072
0.886072
0.886494
0.886494
0.885843
0.885843
0.885715
0.885715
0.886507
0.886507
0.885426
0.885426
0.885123
0.885123
0.884423
0.884423
0.884001
0.884001
0.882771
0.882771
0.883835
0.883835
0.883163
0.883163
0.884696
0.884696
0.88412
0.88412
0.885803
0.885803
0.88461
0.88461
0.886143
0.886143
0.885707
0.885707
0.887668
0.887668
0.886838
0.886838
0.888607
0.888607
0.887835
0.887835
0.887828
0.887828
0.888526
0.888526
0.886901
0.886901
0.887654
0.887654
0.886486
0.886486
0.886819
0.886819
0.886696
0.886696
0.886902
0.886902
0.886848
0.886848
0.886069
0.886069
0.886072
0.886072
0.885715
0.885715
0.885895
0.885895
0.885494
0.885494
0.885025
0.885025
0.88425
0.88425
0.88428
0.88428
0.884362
0.884362
0.884057
0.884057
0.884446
0.884446
0.884938
0.884938
0.885865
0.885865
0.886188
0.886188
0.886067
0.886067
0.886611
0.886611
0.886499
0.886499
0.886267
0.886267
0.886258
0.886258
0.885895
0.885895
