4
2500
0.886901
0.886901
0.886901
0.886901
0.886901
0.886901
0.886901
0.886901
0.884001
0.884001
0.884001
0.884001
0.884001
0.884001
0.884001
0.884001
0.886143
0.886143
0.886143
0.886143
0.886143
0.886143
0.886143
0.886143
0.885183
0.885183
0.885183
0.885183
0.885183
0.885183
0.885183
0.885183
0.886072
0.886072
0.886072
0.886072
0.886072
0.886072
0.886072
0.886072
0.887302
0.887302
0.887302
0.887302
0.887302
0.887302
0.887302
0.887302
0.887642
0.887642
0.887293
0.887293
0.887899
0.887899
0.888701
0.888701
0.886283
0.886283
0.886716
0.886716
0.886276
0.886276
0.886483
0.886483
0.886109
0.886109
0.886679
0.886679
0.886136
0.886136
0.886268
0.886268
0.885881
0.885881
0.884826
0.884826
0.887079
0.887079
0.883435
0.883435
0.882894
0.882894
0.884865
0.884865
0.887044
0.887044
0.8868
0.8868
0.886337
0.886337
0.885901
0.885901
0.884636
0.884636
0.884402
0.884402
0.887245
0.887245
0.886379
0.886379
0.886379
0.886379
0.887245
0.887245
0.886848
0.886848
0.886486
0.886486
0.886486
0.886486
0.886848
0.886848
0.886819
0.886819
0.887688
0.887688
0.887688
0.887688
0.886819
0.886819
0.887668
0.887668
0.887828
0.887828
0.887828
0.887828
0.887668
0.887668
0.885803
0.885803
0.883835
0.883835
0.883835
0.883835
0.885803
0.885803
0.884133
0.884133
0.882911
0.882911
0.882911
0.882911
0.884133
0.884133
0.886494
0.886494
0.885123
0.885123
0.885123
0.885123
0.886494
0.886494
0.88758
0.88758
0.885745
0.885745
0.885745
0.885745
0.88758
0.88758
0.884932
0.884932
0.885752
0.885752
0.885752
0.885752
0.884932
0.884932
0.887824
0.887824
0.886706
0.886706
0.886706
0.886706
0.887824
0.887824
0.885878
0.885878
0.885859
0.885859
0.885859
0.885859
0.885878
0.885878
0.886841
0.886841
0.886448
0.886448
0.886448
0.886448
0.886841
0.886841
0.886901
0.886901
0.886901
0.886901
0.886901
0.886901
0.884001
0.884001
0.884001
0.884001
0.884001
0.884001
0.885859
0.885859
0.885183
0.885183
0.885183
0.885183
0.885859
0.885859
0.884932
0.884932
0.884932
0.884932
0.887824
0.887824
0.887824
0.887824
0.887302
0.887302
0.887302
0.887302
0.886841
0.886841
0.886841
0.886841
0.886379
0.886379
0.887245
0.887245
0.887688
0.887688
0.886819
0.886819
0.882911
0.882911
0.884133
0.884133
0.885745
0.885745
0.88758
0.88758
0.886901
0.886901
0.884001
0.884001
0.886143
0.886143
0.886143
0.886143
0.886072
0.886072
0.886072
0.886072
0.886486
0.886486
0.886848
0.886848
0.887828
0.887828
0.887668
0.887668
0.883835
0.883835
0.885803
0.885803
0.885123
0.885123
0.886494
0.886494
0.886901
0.886901
0.884001
0.884001
0.885803
0.885803
0.885803
0.885803
0.887668
0.887668
0.887668
0.887668
0.884133
0.884133
0.884133
0.884133
0.886819
0.886819
0.886819
0.886819
0.886494
0.886494
0.886494
0.886494
0.886848
0.886848
0.886848
0.886848
0.88758
0.88758
0.88758
0.88758
0.887245
0.887245
0.887245
0.887245
0.883435
0.883435
0.884865
0.884865
0.886716
0.886716
0.886283
0.886283
0.887293
0.887293
0.887642
0.887642
0.885881
0.885881
0.887079
0.887079
0.885901
0.885901
0.884402
0.884402
0.886268
0.886268
0.886136
0.886136
0.887044
0.887044
0.886337
0.886337
0.886483
0.886483
0.886276
0.886276
0.884402
0.884402
0.884133
0.884133
0.886819
0.886819
0.886268
0.886268
0.886283
0.886283
0.883435
0.883435
0.887079
0.887079
0.88758
0.88758
0.887245
0.887245
0.887293
0.887293
0.886276
0.886276
0.887044
0.887044
0.885803
0.885803
0.887668
0.887668
0.886494
0.886494
0.886848
0.886848
0.886087
0.886087
0.886055
0.886055
0.88558
0.88558
0.886894
0.886894
0.886691
0.886691
0.886904
0.886904
0.886585
0.886585
0.886524
0.886524
0.886437
0.886437
0.885942
0.885942
0.886524
0.886524
0.886585
0.886585
0.886897
0.886897
0.886233
0.886233
0.886661
0.886661
0.886338
0.886338
0.886461
0.886461
0.886508
0.886508
0.886229
0.886229
0.886961
0.886961
0.886337
0.886337
0.88672
0.88672
0.887238
0.887238
0.887245
0.887245
0.887143
0.887143
0.887975
0.887975
0.88738
0.88738
0.887913
0.887913
0.887822
0.887822
0.887511
0.887511
0.887799
0.887799
0.887032
0.887032
0.887653
0.887653
0.886338
0.886338
0.887171
0.887171
0.885928
0.885928
0.886919
0.886919
0.885601
0.885601
0.886825
0.886825
0.885667
0.885667
0.886428
0.886428
0.88547
0.88547
0.887417
0.887417
0.887654
0.887654
0.886901
0.886901
0.886199
0.886199
0.886438
0.886438
0.886199
0.886199
0.886901
0.886901
0.886365
0.886365
0.886438
0.886438
0.886405
0.886405
0.886207
0.886207
0.886276
0.886276
0.886079
0.886079
0.886486
0.886486
0.886116
0.886116
0.886962
0.886962
0.887378
0.887378
0.887635
0.887635
0.88737
0.88737
0.88786
0.88786
0.888531
0.888531
0.888307
0.888307
0.888272
0.888272
0.888445
0.888445
0.886438
0.886438
0.886055
0.886055
0.88558
0.88558
0.88558
0.88558
0.886055
0.886055
0.886904
0.886904
0.886904
0.886904
0.886524
0.886524
0.886904
0.886904
0.886904
0.886904
0.886524
0.886524
0.885942
0.885942
0.885942
0.885942
0.886233
0.886233
0.886233
0.886233
0.886338
0.886338
0.886338
0.886338
0.886508
0.886508
0.886508
0.886508
0.886961
0.886961
0.886961
0.886961
0.88672
0.88672
0.88672
0.88672
0.887245
0.887245
0.887245
0.887245
0.887975
0.887975
0.887975
0.887975
0.887913
0.887913
0.887913
0.887913
0.887511
0.887511
0.887511
0.887511
0.887032
0.887032
0.887032
0.887032
0.886338
0.886338
0.886338
0.886338
0.885928
0.885928
0.885928
0.885928
0.885601
0.885601
0.885601
0.885601
0.885667
0.885667
0.885667
0.885667
0.88547
0.88547
0.88547
0.88547
0.886055
0.886055
0.88558
0.88558
0.886904
0.886904
0.886524
0.886524
0.886904
0.886904
0.886524
0.886524
0.885942
0.885942
0.886233
0.886233
0.886338
0.886338
0.886508
0.886508
0.886961
0.886961
0.88672
0.88672
0.887245
0.887245
0.887975
0.887975
0.887913
0.887913
0.887511
0.887511
0.887032
0.887032
0.886338
0.886338
0.885928
0.885928
0.885601
0.885601
0.885667
0.885667
0.88547
0.88547
0.886087
0.886087
0.886055
0.886055
0.88558
0.88558
0.886894
0.886894
0.886728
0.886728
0.886904
0.886904
0.886622
0.886622
0.886524
0.886524
0.886437
0.886437
0.885942
0.885942
0.886897
0.886897
0.886233
0.886233
0.886698
0.886698
0.886338
0.886338
0.886498
0.886498
0.886508
0.886508
0.886266
0.886266
0.886961
0.886961
0.886337
0.886337
0.88672
0.88672
0.887238
0.887238
0.887245
0.887245
0.887143
0.887143
0.887975
0.887975
0.88738
0.88738
0.887905
0.887905
0.887859
0.887859
0.887511
0.887511
0.887799
0.887799
0.887032
0.887032
0.887653
0.887653
0.886338
0.886338
0.887171
0.887171
0.885928
0.885928
0.886956
0.886956
0.885601
0.885601
0.886825
0.886825
0.885667
0.885667
0.885601
0.885601
0.886956
0.886956
0.886428
0.886428
0.88547
0.88547
0.887417
0.887417
0.887654
0.887654
0.886901
0.886901
0.886199
0.886199
0.886438
0.886438
0.886365
0.886365
0.886405
0.886405
0.886207
0.886207
0.886296
0.886296
0.886079
0.886079
0.886486
0.886486
0.886116
0.886116
0.88695
0.88695
0.8874
0.8874
0.887635
0.887635
0.88737
0.88737
0.88786
0.88786
0.888531
0.888531
0.888307
0.888307
0.888531
0.888531
0.886901
0.886901
0.888294
0.888294
0.888307
0.888307
0.888445
0.888445
0.888307
0.888307
0.886055
0.886055
0.88558
0.88558
0.88558
0.88558
0.886055
0.886055
0.886904
0.886904
0.886904
0.886904
0.886524
0.886524
0.886524
0.886524
0.885942
0.885942
0.885942
0.885942
0.886233
0.886233
0.886233
0.886233
0.886338
0.886338
0.886338
0.886338
0.886508
0.886508
0.886508
0.886508
0.886961
0.886961
0.886961
0.886961
0.88672
0.88672
0.88672
0.88672
0.887245
0.887245
0.887245
0.887245
0.887975
0.887975
0.887975
0.887975
0.887913
0.887913
0.887913
0.887913
0.887511
0.887511
0.887511
0.887511
0.887032
0.887032
0.887032
0.887032
0.886338
0.886338
0.886338
0.886338
0.885928
0.885928
0.885928
0.885928
0.885601
0.885601
0.885928
0.885928
0.885928
0.885928
0.885601
0.885601
0.885667
0.885667
0.885667
0.885667
0.88547
0.88547
0.88547
0.88547
0.886055
0.886055
0.88558
0.88558
0.886904
0.886904
0.886524
0.886524
0.885942
0.885942
0.886233
0.886233
0.886338
0.886338
0.886508
0.886508
0.886961
0.886961
0.88672
0.88672
0.887245
0.887245
0.887975
0.887975
0.887913
0.887913
0.887511
0.887511
0.887032
0.887032
0.886338
0.886338
0.885928
0.885928
0.885601
0.885601
0.885928
0.885928
0.885601
0.885601
0.885667
0.885667
0.88547
0.88547
0.886087
0.886087
0.886055
0.886055
0.88558
0.88558
0.886894
0.886894
0.886728
0.886728
0.886904
0.886904
0.886585
0.886585
0.886524
0.886524
0.886437
0.886437
0.885942
0.885942
0.886897
0.886897
0.886233
0.886233
0.886661
0.886661
0.886338
0.886338
0.886233
0.886233
0.886897
0.886897
0.886461
0.886461
0.886508
0.886508
0.886229
0.886229
0.886961
0.886961
0.886337
0.886337
0.88672
0.88672
0.887238
0.887238
0.887245
0.887245
0.887143
0.887143
0.887975
0.887975
0.887417
0.887417
0.887913
0.887913
0.887822
0.887822
0.887511
0.887511
0.887799
0.887799
0.887032
0.887032
0.887653
0.887653
0.886338
0.886338
0.887171
0.887171
0.885928
0.885928
0.886919
0.886919
0.885601
0.885601
0.886825
0.886825
0.885667
0.885667
0.886428
0.886428
0.88547
0.88547
0.887417
0.887417
0.887654
0.887654
0.886901
0.886901
0.886221
0.886221
0.886438
0.886438
0.886365
0.886365
0.886405
0.886405
0.886207
0.886207
0.886405
0.886405
0.886276
0.886276
0.886079
0.886079
0.886486
0.886486
0.886116
0.886116
0.886962
0.886962
0.887378
0.887378
0.887635
0.887635
0.88737
0.88737
0.88786
0.88786
0.888531
0.888531
0.888307
0.888307
0.888272
0.888272
0.888445
0.888445
0.886055
0.886055
0.88558
0.88558
0.88558
0.88558
0.886055
0.886055
0.886904
0.886904
0.886904
0.886904
0.886524
0.886524
0.886524
0.886524
0.885942
0.885942
0.885942
0.885942
0.886233
0.886233
0.886233
0.886233
0.886338
0.886338
0.886233
0.886233
0.886233
0.886233
0.886338
0.886338
0.886508
0.886508
0.886508
0.886508
0.886961
0.886961
0.886961
0.886961
0.88672
0.88672
0.88672
0.88672
0.887245
0.887245
0.887245
0.887245
0.887975
0.887975
0.887975
0.887975
0.887913
0.887913
0.887913
0.887913
0.887511
0.887511
0.887511
0.887511
0.887032
0.887032
0.887032
0.887032
0.886338
0.886338
0.886338
0.886338
0.885928
0.885928
0.885928
0.885928
0.885601
0.885601
0.885601
0.885601
0.885667
0.885667
0.885667
0.885667
0.88547
0.88547
0.88547
0.88547
0.886055
0.886055
0.88558
0.88558
0.886904
0.886904
0.886524
0.886524
0.885942
0.885942
0.886233
0.886233
0.886338
0.886338
0.886233
0.886233
0.886508
0.886508
0.886961
0.886961
0.88672
0.88672
0.887245
0.887245
0.887975
0.887975
0.887913
0.887913
0.887511
0.887511
0.887032
0.887032
0.886338
0.886338
0.885928
0.885928
0.885601
0.885601
0.885667
0.885667
0.88547
0.88547
0.886087
0.886087
0.886055
0.886055
0.88558
0.88558
0.886894
0.886894
0.886728
0.886728
0.886904
0.886904
0.886622
0.886622
0.886524
0.886524
0.886473
0.886473
0.885942
0.885942
0.886897
0.886897
0.886233
0.886233
0.886698
0.886698
0.886338
0.886338
0.886233
0.886233
0.886897
0.886897
0.886498
0.886498
0.886508
0.886508
0.886266
0.886266
0.886961
0.886961
0.886337
0.886337
0.88672
0.88672
0.887238
0.887238
0.887245
0.887245
0.887143
0.887143
0.887975
0.887975
0.88738
0.88738
0.887913
0.887913
0.887859
0.887859
0.887511
0.887511
0.887799
0.887799
0.887032
0.887032
0.887653
0.887653
0.886338
0.886338
0.887208
0.887208
0.885928
0.885928
0.886956
0.886956
0.885601
0.885601
0.886825
0.886825
0.885667
0.885667
0.886428
0.886428
0.88547
0.88547
0.887417
0.887417
0.887654
0.887654
0.886901
0.886901
0.886199
0.886199
0.886438
0.886438
0.886365
0.886365
0.886405
0.886405
0.886207
0.886207
0.886405
0.886405
0.886276
0.886276
0.886079
0.886079
0.886486
0.886486
0.886116
0.886116
0.88695
0.88695
0.8874
0.8874
0.887635
0.887635
0.88737
0.88737
0.88786
0.88786
0.888531
0.888531
0.888307
0.888307
0.888294
0.888294
0.888445
0.888445
0.886055
0.886055
0.88558
0.88558
0.88558
0.88558
0.886055
0.886055
0.886904
0.886904
0.886904
0.886904
0.886524
0.886524
0.886524
0.886524
0.885942
0.885942
0.885942
0.885942
0.886233
0.886233
0.886233
0.886233
0.886338
0.886338
0.886233
0.886233
0.886233
0.886233
0.886338
0.886338
0.886508
0.886508
0.886508
0.886508
0.886961
0.886961
0.886961
0.886961
0.88672
0.88672
0.88672
0.88672
0.887245
0.887245
0.887245
0.887245
0.887975
0.887975
0.887975
0.887975
0.887913
0.887913
0.887913
0.887913
0.887511
0.887511
0.887511
0.887511
0.887032
0.887032
0.887032
0.887032
0.886338
0.886338
0.886338
0.886338
0.885928
0.885928
0.885928
0.885928
0.885601
0.885601
0.885601
0.885601
0.885667
0.885667
0.885739
0.885739
0.88547
0.88547
0.88547
0.88547
0.886055
0.886055
0.88558
0.88558
0.886904
0.886904
0.886524
0.886524
0.885942
0.885942
0.886233
0.886233
0.886338
0.886338
0.886233
0.886233
0.886508
0.886508
0.886961
0.886961
0.88672
0.88672
0.887245
0.887245
0.887975
0.887975
0.887913
0.887913
0.887511
0.887511
0.887032
0.887032
0.886338
0.886338
0.885928
0.885928
0.885601
0.885601
0.885667
0.885667
0.88547
0.88547
