4
2500
0.886605
0.886605
0.886751
0.886751
0.886523
0.886523
0.886054
0.886054
0.886996
0.886996
0.885809
0.885809
0.885502
0.885502
0.885975
0.885975
0.885185
0.885185
0.884027
0.884027
0.884142
0.884142
0.884317
0.884317
0.884235
0.884235
0.884589
0.884589
0.884474
0.884474
0.883895
0.883895
0.884026
0.884026
0.884419
0.884419
0.883486
0.883486
0.883562
0.883562
0.884967
0.884967
0.8849
0.8849
0.885529
0.885529
0.885189
0.885189
0.884976
0.884976
0.88497
0.88497
0.884831
0.884831
0.884914
0.884914
0.884304
0.884304
0.884421
0.884421
0.884148
0.884148
0.884119
0.884119
0.883942
0.883942
0.883865
0.883865
0.883102
0.883102
0.884543
0.884543
0.884231
0.884231
0.884083
0.884083
0.883961
0.883961
0.884149
0.884149
0.883156
0.883156
0.882708
0.882708
0.884224
0.884224
0.88428
0.88428
0.884502
0.884502
0.884233
0.884233
0.884359
0.884359
0.884119
0.884119
0.884094
0.884094
0.884054
0.884054
0.88403
0.88403
0.883957
0.883957
0.883694
0.883694
0.883944
0.883944
0.883902
0.883902
0.883928
0.883928
0.883972
0.883972
0.883991
0.883991
0.883906
0.883906
0.88547
0.88547
0.885971
0.885971
0.886441
0.886441
0.886364
0.886364
0.886353
0.886353
0.884913
0.884913
0.884878
0.884878
0.88543
0.88543
0.884759
0.884759
0.884728
0.884728
0.884726
0.884726
0.884591
0.884591
0.884093
0.884093
0.884503
0.884503
0.884057
0.884057
0.884053
0.884053
0.884452
0.884452
0.883947
0.883947
0.884023
0.884023
0.884119
0.884119
0.884282
0.884282
0.886562
0.886562
0.886563
0.886563
0.886587
0.886587
0.886751
0.886751
0.886819
0.886819
0.886761
0.886761
0.887175
0.887175
0.88702
0.88702
0.887168
0.887168
0.88736
0.88736
0.886328
0.886328
0.886466
0.886466
0.887584
0.887584
0.88767
0.88767
0.887416
0.887416
0.887042
0.887042
0.887126
0.887126
0.887577
0.887577
0.887467
0.887467
0.887583
0.887583
0.887689
0.887689
0.887841
0.887841
0.887664
0.887664
0.887763
0.887763
0.887809
0.887809
0.887471
0.887471
0.886475
0.886475
0.886454
0.886454
0.88768
0.88768
0.887808
0.887808
0.887519
0.887519
0.887487
0.887487
0.887661
0.887661
0.886474
0.886474
0.88729
0.88729
0.887425
0.887425
0.887864
0.887864
0.887485
0.887485
0.887382
0.887382
0.886598
0.886598
0.887271
0.887271
0.88709
0.88709
0.887028
0.887028
0.886674
0.886674
0.887332
0.887332
0.887624
0.887624
0.887185
0.887185
0.887167
0.887167
0.887419
0.887419
0.886615
0.886615
0.887868
0.887868
0.88785
0.88785
0.886793
0.886793
0.886935
0.886935
0.887295
0.887295
0.886932
0.886932
0.887178
0.887178
0.887451
0.887451
0.88777
0.88777
0.887303
0.887303
0.887463
0.887463
0.887735
0.887735
0.887191
0.887191
0.887314
0.887314
0.885922
0.885922
0.886947
0.886947
0.887284
0.887284
0.887343
0.887343
0.886995
0.886995
0.886198
0.886198
0.885753
0.885753
0.883391
0.883391
0.884296
0.884296
0.88676
0.88676
0.887039
0.887039
0.886871
0.886871
0.886209
0.886209
0.886625
0.886625
0.886984
0.886984
0.886336
0.886336
0.886186
0.886186
0.886499
0.886499
0.88656
0.88656
0.886404
0.886404
0.886486
0.886486
0.886383
0.886383
0.886313
0.886313
0.886163
0.886163
0.88609
0.88609
0.886305
0.886305
0.886077
0.886077
0.886369
0.886369
0.885858
0.885858
0.885924
0.885924
0.885965
0.885965
0.88629
0.88629
0.886421
0.886421
0.886422
0.886422
0.886263
0.886263
0.886387
0.886387
0.886382
0.886382
0.886434
0.886434
0.886338
0.886338
0.884749
0.884749
0.88466
0.88466
0.884469
0.884469
0.883964
0.883964
0.884039
0.884039
0.884084
0.884084
0.882835
0.882835
0.884405
0.884405
0.882871
0.882871
0.884501
0.884501
0.884813
0.884813
0.884858
0.884858
0.884435
0.884435
0.883056
0.883056
0.884856
0.884856
0.886142
0.886142
0.885874
0.885874
0.885897
0.885897
0.885946
0.885946
0.88592
0.88592
0.886167
0.886167
0.8862
0.8862
0.885931
0.885931
0.885871
0.885871
0.886096
0.886096
0.886322
0.886322
0.886357
0.886357
0.886331
0.886331
0.88637
0.88637
0.886903
0.886903
0.886881
0.886881
0.886019
0.886019
0.886271
0.886271
0.886325
0.886325
0.886756
0.886756
0.886231
0.886231
0.886227
0.886227
0.886357
0.886357
0.886699
0.886699
0.886272
0.886272
0.88662
0.88662
0.886404
0.886404
0.88641
0.88641
0.886482
0.886482
0.886648
0.886648
0.886485
0.886485
0.886583
0.886583
0.886453
0.886453
0.88653
0.88653
0.886539
0.886539
0.886475
0.886475
0.886393
0.886393
0.886559
0.886559
0.88656
0.88656
0.886643
0.886643
0.886599
0.886599
0.885982
0.885982
0.886321
0.886321
0.886287
0.886287
0.886272
0.886272
0.886363
0.886363
0.886274
0.886274
0.88629
0.88629
0.886503
0.886503
0.886475
0.886475
0.886466
0.886466
0.886413
0.886413
0.886541
0.886541
0.886478
0.886478
0.88643
0.88643
0.886489
0.886489
0.886625
0.886625
0.886579
0.886579
0.884827
0.884827
0.88676
0.88676
0.886092
0.886092
0.88773
0.88773
0.886511
0.886511
0.88639
0.88639
0.887535
0.887535
0.887279
0.887279
0.887757
0.887757
0.887464
0.887464
0.887435
0.887435
0.887484
0.887484
0.887241
0.887241
0.887595
0.887595
0.887605
0.887605
0.886614
0.886614
0.8868
0.8868
0.88614
0.88614
0.885941
0.885941
0.886305
0.886305
0.885918
0.885918
0.886008
0.886008
0.886241
0.886241
0.885931
0.885931
0.886054
0.886054
0.88643
0.88643
0.88612
0.88612
0.886651
0.886651
0.886453
0.886453
0.886432
0.886432
0.885934
0.885934
0.885801
0.885801
0.886285
0.886285
0.88634
0.88634
0.886851
0.886851
0.885923
0.885923
0.885971
0.885971
0.885702
0.885702
0.883222
0.883222
0.883462
0.883462
0.883366
0.883366
0.883297
0.883297
0.883737
0.883737
0.883738
0.883738
0.884197
0.884197
0.88337
0.88337
0.884212
0.884212
0.884662
0.884662
0.883695
0.883695
0.883117
0.883117
0.883352
0.883352
0.883569
0.883569
0.883567
0.883567
0.883624
0.883624
0.883579
0.883579
0.883696
0.883696
0.883736
0.883736
0.884824
0.884824
0.883797
0.883797
0.883812
0.883812
0.883641
0.883641
0.883774
0.883774
0.884408
0.884408
0.884738
0.884738
0.883551
0.883551
0.883428
0.883428
0.884478
0.884478
0.883756
0.883756
0.883623
0.883623
0.883699
0.883699
0.883681
0.883681
0.883769
0.883769
0.883758
0.883758
0.883779
0.883779
0.884358
0.884358
0.884421
0.884421
0.88628
0.88628
0.886309
0.886309
0.884109
0.884109
0.883337
0.883337
0.883682
0.883682
0.883683
0.883683
0.883777
0.883777
0.883797
0.883797
0.883739
0.883739
0.883713
0.883713
0.883869
0.883869
0.883659
0.883659
0.88383
0.88383
0.883815
0.883815
0.88368
0.88368
0.884149
0.884149
0.886218
0.886218
0.886006
0.886006
0.884161
0.884161
0.885839
0.885839
0.883328
0.883328
0.883238
0.883238
0.883193
0.883193
0.883044
0.883044
0.882935
0.882935
0.883007
0.883007
0.885755
0.885755
0.883205
0.883205
0.883218
0.883218
0.883187
0.883187
0.883363
0.883363
0.883804
0.883804
0.883802
0.883802
0.883469
0.883469
0.883409
0.883409
0.883691
0.883691
0.884097
0.884097
0.883637
0.883637
0.884174
0.884174
0.884101
0.884101
0.884144
0.884144
0.884122
0.884122
0.883546
0.883546
0.885161
0.885161
0.885173
0.885173
0.883626
0.883626
0.884185
0.884185
0.88411
0.88411
0.884095
0.884095
0.884147
0.884147
0.883895
0.883895
0.884329
0.884329
0.884683
0.884683
0.885067
0.885067
0.884341
0.884341
0.884113
0.884113
0.88407
0.88407
0.884993
0.884993
0.884642
0.884642
0.884551
0.884551
0.884694
0.884694
0.883346
0.883346
0.883307
0.883307
0.88482
0.88482
0.884792
0.884792
0.884673
0.884673
0.885031
0.885031
0.883141
0.883141
0.882992
0.882992
0.885474
0.885474
0.886517
0.886517
0.886374
0.886374
0.884776
0.884776
0.885398
0.885398
0.885441
0.885441
0.88594
0.88594
0.886064
0.886064
0.885746
0.885746
0.885964
0.885964
0.886562
0.886562
0.884533
0.884533
0.886507
0.886507
0.886844
0.886844
0.885785
0.885785
0.885902
0.885902
0.88311
0.88311
0.883197
0.883197
0.883134
0.883134
0.883771
0.883771
0.882824
0.882824
0.88346
0.88346
0.885976
0.885976
0.885882
0.885882
0.885157
0.885157
0.885139
0.885139
0.886218
0.886218
0.885864
0.885864
0.885998
0.885998
0.885836
0.885836
0.885756
0.885756
0.885666
0.885666
0.885687
0.885687
0.886286
0.886286
0.886303
0.886303
0.886119
0.886119
0.886093
0.886093
0.886111
0.886111
0.886032
0.886032
0.886018
0.886018
0.886115
0.886115
0.88603
0.88603
0.885686
0.885686
0.883573
0.883573
0.883539
0.883539
0.883554
0.883554
0.883537
0.883537
0.883526
0.883526
0.883506
0.883506
0.883798
0.883798
0.884548
0.884548
0.883735
0.883735
0.884774
0.884774
0.884777
0.884777
0.883715
0.883715
0.886114
0.886114
0.886122
0.886122
0.88607
0.88607
0.886162
0.886162
0.885938
0.885938
0.885886
0.885886
0.88622
0.88622
0.886181
0.886181
0.886279
0.886279
0.886246
0.886246
0.886185
0.886185
0.886872
0.886872
0.8868
0.8868
0.886194
0.886194
0.886341
0.886341
0.886116
0.886116
0.88677
0.88677
0.886843
0.886843
0.886277
0.886277
0.88588
0.88588
0.885828
0.885828
0.885594
0.885594
0.885981
0.885981
0.886105
0.886105
0.886047
0.886047
0.886042
0.886042
0.886015
0.886015
0.886118
0.886118
0.886017
0.886017
0.886127
0.886127
0.886005
0.886005
0.886495
0.886495
0.886091
0.886091
0.886009
0.886009
0.886028
0.886028
0.88619
0.88619
0.886173
0.886173
0.886078
0.886078
0.885931
0.885931
0.885825
0.885825
0.885828
0.885828
0.88578
0.88578
0.885657
0.885657
0.885736
0.885736
0.885735
0.885735
0.885665
0.885665
0.883139
0.883139
0.883134
0.883134
0.883232
0.883232
0.883168
0.883168
0.883628
0.883628
0.883535
0.883535
0.885736
0.885736
0.885415
0.885415
0.884201
0.884201
0.88538
0.88538
0.884378
0.884378
0.886357
0.886357
0.885653
0.885653
0.885243
0.885243
0.885391
0.885391
0.884939
0.884939
0.885172
0.885172
0.885916
0.885916
0.885163
0.885163
0.885805
0.885805
0.886137
0.886137
0.886035
0.886035
0.885383
0.885383
0.885681
0.885681
0.885387
0.885387
0.885796
0.885796
0.88581
0.88581
0.88571
0.88571
0.885645
0.885645
0.885278
0.885278
0.885158
0.885158
0.885723
0.885723
0.885747
0.885747
0.88638
0.88638
0.886534
0.886534
0.885772
0.885772
0.885782
0.885782
0.885766
0.885766
0.885317
0.885317
0.886344
0.886344
0.886783
0.886783
0.887948
0.887948
0.887897
0.887897
0.888144
0.888144
0.887966
0.887966
0.887801
0.887801
0.887663
0.887663
0.887747
0.887747
0.887966
0.887966
0.887388
0.887388
0.886839
0.886839
0.886926
0.886926
0.886995
0.886995
0.886954
0.886954
0.887202
0.887202
0.887237
0.887237
0.886955
0.886955
0.886815
0.886815
0.887118
0.887118
0.888004
0.888004
0.887705
0.887705
0.887631
0.887631
0.887649
0.887649
0.887631
0.887631
0.887322
0.887322
0.887196
0.887196
0.887138
0.887138
0.887207
0.887207
0.887257
0.887257
0.886967
0.886967
0.887109
0.887109
0.887003
0.887003
0.886955
0.886955
0.886782
0.886782
0.886868
0.886868
0.887471
0.887471
0.88766
0.88766
0.886967
0.886967
0.886925
0.886925
0.886879
0.886879
0.887483
0.887483
0.887894
0.887894
0.887575
0.887575
0.887903
0.887903
0.886924
0.886924
0.887063
0.887063
0.886968
0.886968
0.886988
0.886988
0.886851
0.886851
0.886829
0.886829
0.887226
0.887226
0.887252
0.887252
0.887962
0.887962
0.88817
0.88817
0.888114
0.888114
0.887456
0.887456
0.886848
0.886848
0.886797
0.886797
0.886818
0.886818
0.886826
0.886826
0.886614
0.886614
0.887757
0.887757
0.886286
0.886286
0.886478
0.886478
0.88728
0.88728
0.887207
0.887207
0.887224
0.887224
0.887161
0.887161
0.887072
0.887072
0.886826
0.886826
0.887084
0.887084
0.886892
0.886892
0.88678
0.88678
0.88706
0.88706
0.886779
0.886779
0.886849
0.886849
0.886853
0.886853
0.886917
0.886917
0.886916
0.886916
0.887593
0.887593
0.887115
0.887115
0.887566
0.887566
0.887477
0.887477
0.88737
0.88737
0.886553
0.886553
0.887042
0.887042
0.887468
0.887468
0.887612
0.887612
0.887063
0.887063
0.887147
0.887147
0.887406
0.887406
0.887453
0.887453
0.887555
0.887555
0.887231
0.887231
0.887426
0.887426
0.887368
0.887368
0.887051
0.887051
0.887396
0.887396
0.88681
0.88681
0.887291
0.887291
0.88574
0.88574
0.884816
0.884816
0.886578
0.886578
0.886883
0.886883
0.884898
0.884898
0.886388
0.886388
0.886656
0.886656
0.887256
0.887256
0.887536
0.887536
0.884701
0.884701
0.886311
0.886311
0.886405
0.886405
0.884202
0.884202
0.886528
0.886528
0.88635
0.88635
0.887202
0.887202
0.887712
0.887712
0.883699
0.883699
0.886452
0.886452
0.886534
0.886534
0.887179
0.887179
0.887507
0.887507
0.886148
0.886148
0.887335
0.887335
0.887318
0.887318
0.886326
0.886326
0.886216
0.886216
0.885886
0.885886
0.885726
0.885726
0.885729
0.885729
0.887668
0.887668
0.886085
0.886085
0.885888
0.885888
0.887208
0.887208
0.885769
0.885769
0.885651
0.885651
0.885519
0.885519
0.887097
0.887097
0.887263
0.887263
0.887412
0.887412
0.888307
0.888307
0.885675
0.885675
0.885829
0.885829
0.883586
0.883586
0.885684
0.885684
0.883099
0.883099
0.885817
0.885817
0.885802
0.885802
0.885803
0.885803
0.883758
0.883758
0.886391
0.886391
0.886416
0.886416
0.886466
0.886466
0.886387
0.886387
0.886221
0.886221
0.8862
0.8862
0.886389
0.886389
0.886352
0.886352
0.886339
0.886339
0.886066
0.886066
0.886097
0.886097
0.886044
0.886044
0.886051
0.886051
0.885911
0.885911
0.885956
0.885956
0.886915
0.886915
0.88724
0.88724
0.887111
0.887111
0.887051
0.887051
0.886884
0.886884
0.886958
0.886958
0.887003
0.887003
0.887451
0.887451
0.88783
0.88783
0.887208
0.887208
0.887698
0.887698
0.887266
0.887266
0.887253
0.887253
0.887525
0.887525
0.887709
0.887709
0.887197
0.887197
0.886389
0.886389
0.886502
0.886502
0.886433
0.886433
0.886556
0.886556
0.886607
0.886607
0.886555
0.886555
0.88643
0.88643
0.886522
0.886522
0.886649
0.886649
0.886508
0.886508
0.88643
0.88643
0.886518
0.886518
0.886586
0.886586
0.886573
0.886573
0.886801
0.886801
0.888275
0.888275
0.888134
0.888134
0.886781
0.886781
0.888008
0.888008
0.886516
0.886516
0.886306
0.886306
0.886079
0.886079
0.886271
0.886271
0.887299
0.887299
0.886892
0.886892
0.886098
0.886098
0.885954
0.885954
0.88584
0.88584
0.886103
0.886103
0.8859
0.8859
0.886282
0.886282
0.886417
0.886417
0.885745
0.885745
0.886612
0.886612
0.885852
0.885852
0.885565
0.885565
0.885593
0.885593
0.885657
0.885657
0.885572
0.885572
0.885656
0.885656
0.885573
0.885573
0.886978
0.886978
0.886299
0.886299
0.886235
0.886235
0.886173
0.886173
0.886082
0.886082
0.886036
0.886036
0.886098
0.886098
0.886108
0.886108
0.886044
0.886044
0.885946
0.885946
0.885936
0.885936
0.885817
0.885817
0.885849
0.885849
0.885805
0.885805
0.885857
0.885857
0.887124
0.887124
0.886629
0.886629
0.887426
0.887426
0.887248
0.887248
0.886473
0.886473
0.887191
0.887191
0.887154
0.887154
0.88765
0.88765
0.887152
0.887152
0.887457
0.887457
0.886941
0.886941
0.887645
0.887645
0.88315
0.88315
0.883229
0.883229
0.883022
0.883022
0.885204
0.885204
0.885361
0.885361
0.884262
0.884262
0.884023
0.884023
0.8838
0.8838
0.886022
0.886022
0.886352
0.886352
0.886273
0.886273
0.886556
0.886556
0.886861
0.886861
0.888546
0.888546
0.886523
0.886523
0.88535
0.88535
0.886528
0.886528
0.88696
0.88696
0.886669
0.886669
0.886587
0.886587
0.886805
0.886805
0.886783
0.886783
0.886779
0.886779
0.887042
0.887042
0.886324
0.886324
0.886443
0.886443
0.886537
0.886537
0.886268
0.886268
0.886572
0.886572
0.886718
0.886718
0.886876
0.886876
0.886944
0.886944
0.886822
0.886822
0.886926
0.886926
0.886756
0.886756
0.886734
0.886734
0.886362
0.886362
0.886487
0.886487
0.886817
0.886817
0.886727
0.886727
0.888192
0.888192
0.887725
0.887725
0.886454
0.886454
0.886712
0.886712
0.886598
0.886598
0.886901
0.886901
0.888225
0.888225
0.886743
0.886743
0.886759
0.886759
0.88678
0.88678
0.886768
0.886768
0.886773
0.886773
0.886994
0.886994
0.887805
0.887805
0.886672
0.886672
0.886768
0.886768
0.886741
0.886741
0.886434
0.886434
0.886857
0.886857
0.886956
0.886956
0.88697
0.88697
0.886878
0.886878
0.88687
0.88687
0.886844
0.886844
0.886834
0.886834
0.886754
0.886754
0.886821
0.886821
0.886776
0.886776
0.886934
0.886934
0.887216
0.887216
0.886744
0.886744
0.886353
0.886353
0.886746
0.886746
0.88638
0.88638
0.886503
0.886503
0.886486
0.886486
0.886551
0.886551
0.88664
0.88664
0.886581
0.886581
0.886475
0.886475
0.887687
0.887687
0.887578
0.887578
0.886574
0.886574
0.886661
0.886661
0.886921
0.886921
0.887351
0.887351
0.887043
0.887043
0.88775
0.88775
0.886949
0.886949
0.887298
0.887298
0.88734
0.88734
0.887324
0.887324
0.887269
0.887269
0.887166
0.887166
0.887188
0.887188
0.887233
0.887233
0.887215
0.887215
0.887054
0.887054
0.888082
0.888082
0.887025
0.887025
0.887216
0.887216
0.887383
0.887383
0.886927
0.886927
0.887423
0.887423
0.887402
0.887402
0.887376
0.887376
0.886416
0.886416
0.88766
0.88766
0.887374
0.887374
0.887391
0.887391
0.887616
0.887616
0.887723
0.887723
0.88631
0.88631
0.887875
0.887875
0.887717
0.887717
0.887651
0.887651
0.887547
0.887547
0.887892
0.887892
0.887869
0.887869
0.887442
0.887442
0.888145
0.888145
0.888186
0.888186
0.888047
0.888047
0.887136
0.887136
0.887576
0.887576
0.88815
0.88815
0.886821
0.886821
0.888022
0.888022
0.887935
0.887935
0.886809
0.886809
0.886446
0.886446
0.886689
0.886689
0.886883
0.886883
0.886355
0.886355
0.886845
0.886845
0.887672
0.887672
0.887916
0.887916
0.887602
0.887602
0.88681
0.88681
0.886789
0.886789
0.887421
0.887421
0.887054
0.887054
0.887291
0.887291
0.886611
0.886611
0.886882
0.886882
0.887294
0.887294
0.887277
0.887277
0.886907
0.886907
0.886895
0.886895
0.886994
0.886994
0.887263
0.887263
0.88715
0.88715
0.88687
0.88687
0.886871
0.886871
0.886762
0.886762
0.886692
0.886692
0.886883
0.886883
0.886699
0.886699
0.886712
0.886712
0.887423
0.887423
0.886588
0.886588
0.886895
0.886895
0.886499
0.886499
0.886395
0.886395
0.886463
0.886463
0.886928
0.886928
0.886949
0.886949
0.886621
0.886621
0.886912
0.886912
0.886956
0.886956
0.886609
0.886609
0.88722
0.88722
0.887184
0.887184
0.887247
0.887247
0.887318
0.887318
0.887222
0.887222
0.88743
0.88743
0.888167
0.888167
0.888204
0.888204
0.887272
0.887272
0.887605
0.887605
0.887529
0.887529
0.887559
0.887559
0.888155
0.888155
0.887143
0.887143
0.887038
0.887038
0.888032
0.888032
0.887882
0.887882
0.88802
0.88802
0.887339
0.887339
0.887402
0.887402
0.888046
0.888046
0.887256
0.887256
0.887664
0.887664
0.88791
0.88791
0.887622
0.887622
0.887995
0.887995
0.88774
0.88774
0.887785
0.887785
0.887177
0.887177
0.887295
0.887295
0.887281
0.887281
0.887204
0.887204
0.88715
0.88715
0.887057
0.887057
0.887021
0.887021
0.887055
0.887055
0.88707
0.88707
0.887054
0.887054
0.887095
0.887095
0.887043
0.887043
0.886823
0.886823
0.886571
0.886571
0.887737
0.887737
0.887187
0.887187
0.887186
0.887186
0.886892
0.886892
0.887668
0.887668
0.887005
0.887005
0.887897
0.887897
0.887078
0.887078
0.887387
0.887387
0.887734
0.887734
0.886834
0.886834
0.887313
0.887313
0.885551
0.885551
0.885576
0.885576
0.886148
0.886148
0.886939
0.886939
0.886992
0.886992
0.886357
0.886357
0.887356
0.887356
0.888011
0.888011
0.887206
0.887206
0.886856
0.886856
0.887314
0.887314
0.887243
0.887243
0.887271
0.887271
0.8869
0.8869
0.888597
0.888597
0.886364
0.886364
0.886441
0.886441
0.886353
0.886353
0.886364
0.886364
0.886751
0.886751
0.886587
0.886587
0.886466
0.886466
0.886328
0.886328
0.886454
0.886454
0.886475
0.886475
0.886475
0.886475
0.886474
0.886474
0.886474
0.886474
0.886598
0.886598
0.886598
0.886598
0.886674
0.886674
0.886674
0.886674
0.886615
0.886615
0.886625
0.886625
0.886209
0.886209
0.886209
0.886209
0.886186
0.886186
0.886441
0.886441
0.886434
0.886434
0.886434
0.886434
0.886579
0.886579
0.88639
0.88639
0.886511
0.886511
0.886328
0.886328
0.88639
0.88639
0.8868
0.8868
0.886614
0.886614
0.886615
0.886615
0.8868
0.8868
0.886614
0.886614
0.886625
0.886625
0.886008
0.886008
0.885918
0.885918
0.886054
0.886054
0.885931
0.885931
0.885931
0.885931
0.886008
0.886008
0.88612
0.88612
0.886054
0.886054
0.886186
0.886186
0.88612
0.88612
0.885918
0.885918
0.885801
0.885801
0.886587
0.886587
0.886466
0.886466
0.886579
0.886579
0.886751
0.886751
0.886285
0.886285
0.886353
0.886353
0.886511
0.886511
0.886454
0.886454
0.885801
0.885801
0.885702
0.885702
0.886309
0.886309
0.88628
0.88628
0.88628
0.88628
0.886285
0.886285
0.886006
0.886006
0.886218
0.886218
0.885839
0.885839
0.886006
0.886006
0.885755
0.885755
0.885839
0.885839
0.885173
0.885173
0.885161
0.885161
0.885067
0.885067
0.885173
0.885173
0.884993
0.884993
0.885067
0.885067
0.88482
0.88482
0.884993
0.884993
0.885139
0.885139
0.885157
0.885157
0.886218
0.886218
0.886309
0.886309
0.885415
0.885415
0.885736
0.885736
0.885736
0.885736
0.885653
0.885653
0.885172
0.885172
0.884939
0.884939
0.884939
0.884939
0.88482
0.88482
0.885163
0.885163
0.885172
0.885172
0.885681
0.885681
0.885383
0.885383
0.885383
0.885383
0.885387
0.885387
0.885387
0.885387
0.885278
0.885278
0.885278
0.885278
0.885158
0.885158
0.885157
0.885157
0.885317
0.885317
0.885158
0.885158
0.885139
0.885139
0.885317
0.885317
0.885163
0.885163
0.885702
0.885702
0.885681
0.885681
0.885653
0.885653
0.885755
0.885755
0.885161
0.885161
0.885415
0.885415
0.882826
0.882826
0.882538
0.882538
0.882734
0.882734
0.884156
0.884156
0.88345
0.88345
0.885615
0.885615
0.884746
0.884746
0.885948
0.885948
0.886642
0.886642
0.886812
0.886812
0.887027
0.887027
0.887902
0.887902
0.886402
0.886402
0.886198
0.886198
0.887699
0.887699
0.887128
0.887128
0.88782
0.88782
0.886664
0.886664
0.886256
0.886256
0.882814
0.882814
0.883947
0.883947
0.882978
0.882978
0.882945
0.882945
0.882855
0.882855
0.886515
0.886515
0.886366
0.886366
0.88684
0.88684
0.887245
0.887245
0.887091
0.887091
0.886405
0.886405
0.886272
0.886272
0.886742
0.886742
0.885912
0.885912
0.887715
0.887715
0.887916
0.887916
0.887574
0.887574
0.88629
0.88629
0.886682
0.886682
0.886492
0.886492
0.886504
0.886504
0.886593
0.886593
0.886738
0.886738
0.886353
0.886353
0.887124
0.887124
0.88694
0.88694
0.886175
0.886175
0.88608
0.88608
0.885885
0.885885
0.885768
0.885768
0.886002
0.886002
0.886954
0.886954
0.885407
0.885407
0.885458
0.885458
0.887938
0.887938
0.887966
0.887966
0.887895
0.887895
0.887647
0.887647
0.886529
0.886529
0.886279
0.886279
0.886696
0.886696
0.886572
0.886572
0.886331
0.886331
0.886343
0.886343
0.88661
0.88661
0.886661
0.886661
0.887148
0.887148
0.886561
0.886561
0.886589
0.886589
0.886746
0.886746
0.88704
0.88704
0.885332
0.885332
0.885712
0.885712
0.887361
0.887361
0.887386
0.887386
0.886494
0.886494
0.886772
0.886772
0.886697
0.886697
0.886471
0.886471
0.885018
0.885018
0.885347
0.885347
0.885661
0.885661
0.885591
0.885591
0.885866
0.885866
0.886023
0.886023
0.886599
0.886599
0.886697
0.886697
0.887245
0.887245
0.886722
0.886722
0.887644
0.887644
0.887748
0.887748
0.886732
0.886732
0.886621
0.886621
0.887997
0.887997
0.888078
0.888078
0.887789
0.887789
0.887632
0.887632
0.88747
0.88747
0.88495
0.88495
0.884426
0.884426
0.885636
0.885636
0.885329
0.885329
0.885343
0.885343
0.886792
0.886792
0.887353
0.887353
0.88768
0.88768
0.888116
0.888116
0.887034
0.887034
0.886385
0.886385
0.886795
0.886795
0.887443
0.887443
0.885836
0.885836
0.888597
0.888597
0.887683
0.887683
0.887584
0.887584
0.886032
0.886032
0.886566
0.886566
0.887129
0.887129
0.886814
0.886814
0.887534
0.887534
0.887502
0.887502
0.887567
0.887567
0.88779
0.88779
0.888149
0.888149
0.887365
0.887365
0.887334
0.887334
0.887229
0.887229
0.887458
0.887458
0.887813
0.887813
0.888134
0.888134
0.887145
0.887145
0.887008
0.887008
0.887618
0.887618
0.887639
0.887639
0.887162
0.887162
0.887865
0.887865
0.886506
0.886506
0.887855
0.887855
0.88831
0.88831
0.888189
0.888189
0.887991
0.887991
0.887698
0.887698
0.886592
0.886592
0.886705
0.886705
0.886571
0.886571
0.886819
0.886819
0.88634
0.88634
0.886188
0.886188
0.886263
0.886263
0.886958
0.886958
0.886844
0.886844
0.888143
0.888143
0.888428
0.888428
0.886186
0.886186
0.88613
0.88613
0.885819
0.885819
0.886889
0.886889
0.882538
0.882538
0.882826
0.882826
0.882734
0.882734
0.88345
0.88345
0.884156
0.884156
0.884746
0.884746
0.885615
0.885615
0.885948
0.885948
0.886812
0.886812
0.886642
0.886642
0.887027
0.887027
0.887902
0.887902
0.886402
0.886402
0.886198
0.886198
0.887128
0.887128
0.887699
0.887699
0.88782
0.88782
0.886664
0.886664
0.886256
0.886256
0.883947
0.883947
0.882814
0.882814
0.882978
0.882978
0.882945
0.882945
0.882855
0.882855
0.886366
0.886366
0.886515
0.886515
0.88684
0.88684
0.887245
0.887245
0.887091
0.887091
0.886272
0.886272
0.886405
0.886405
0.886742
0.886742
0.885912
0.885912
0.887715
0.887715
0.887916
0.887916
0.887574
0.887574
0.88629
0.88629
0.886682
0.886682
0.886492
0.886492
0.886504
0.886504
0.886738
0.886738
0.886593
0.886593
0.886353
0.886353
0.88694
0.88694
0.887124
0.887124
0.886175
0.886175
0.88608
0.88608
0.885768
0.885768
0.885885
0.885885
0.886002
0.886002
0.886954
0.886954
0.885407
0.885407
0.885458
0.885458
0.887966
0.887966
0.887938
0.887938
0.887895
0.887895
0.887647
0.887647
0.886529
0.886529
0.886696
0.886696
0.886279
0.886279
0.886572
0.886572
0.886331
0.886331
0.886343
0.886343
0.886661
0.886661
0.88661
0.88661
0.886561
0.886561
0.887148
0.887148
0.886746
0.886746
0.886589
0.886589
0.88704
0.88704
0.885332
0.885332
0.885712
0.885712
0.887361
0.887361
0.887386
0.887386
0.886494
0.886494
0.886772
0.886772
0.886697
0.886697
0.886471
0.886471
