4
2500
0.886666
0.886666
0.887598
0.887598
0.887598
0.887598
0.886666
0.886666
0.886032
0.886032
0.886032
0.886032
0.885322
0.885322
0.885322
0.885322
0.885215
0.885215
0.885215
0.885215
0.885394
0.885394
0.885215
0.885215
0.885215
0.885215
0.885394
0.885394
0.885502
0.885502
0.885502
0.885502
0.886385
0.886385
0.886385
0.886385
0.885743
0.885743
0.885743
0.885743
0.886192
0.886192
0.886192
0.886192
0.886351
0.886351
0.886351
0.886351
0.886526
0.886526
0.886526
0.886526
0.886945
0.886945
0.886945
0.886945
0.88743
0.88743
0.88743
0.88743
0.887965
0.887965
0.887965
0.887965
0.886666
0.886666
0.887598
0.887598
0.887598
0.887598
0.886666
0.886666
0.886032
0.886032
0.886032
0.886032
0.885322
0.885322
0.885322
0.885322
0.885215
0.885215
0.885215
0.885215
0.885394
0.885394
0.885215
0.885215
0.885215
0.885215
0.885394
0.885394
0.885502
0.885502
0.885502
0.885502
0.886385
0.886385
0.886385
0.886385
0.885743
0.885743
0.885743
0.885743
0.886192
0.886192
0.886192
0.886192
0.886351
0.886351
0.886351
0.886351
0.886526
0.886526
0.886526
0.886526
0.886945
0.886945
0.886945
0.886945
0.88743
0.88743
0.88743
0.88743
0.887965
0.887965
0.887965
0.887965
0.884001
0.884001
0.884001
0.884001
0.884001
0.884001
0.884001
0.884001
0.884001
0.884001
0.884001
0.884001
0.884001
0.884001
0.884001
0.884001
0.884001
0.884001
0.884001
0.884001
0.884001
0.884001
0.884001
0.884001
0.884001
0.884001
0.884001
0.884001
0.884001
0.884001
0.884001
0.884001
0.884001
0.884001
0.884001
0.884001
0.884001
0.884001
0.884001
0.884001
0.884001
0.884001
0.884001
0.884001
0.884001
0.884001
0.884001
0.884001
0.884001
0.884001
0.884001
0.884001
0.884001
0.884001
0.884001
0.884001
0.884001
0.884001
0.884001
0.884001
0.884001
0.884001
0.884001
0.884001
0.886755
0.886755
0.885865
0.885865
0.886666
0.886666
0.887598
0.887598
0.885423
0.885423
0.886032
0.886032
0.884207
0.884207
0.885322
0.885322
0.883429
0.883429
0.885215
0.885215
0.883925
0.883925
0.885394
0.885394
0.884252
0.884252
0.885502
0.885502
0.884772
0.884772
0.886385
0.886385
0.885806
0.885806
0.885743
0.885743
0.886181
0.886181
0.886192
0.886192
0.886416
0.886416
0.886351
0.886351
0.887308
0.887308
0.886526
0.886526
0.887045
0.887045
0.886945
0.886945
0.887501
0.887501
0.88743
0.88743
0.886976
0.886976
0.887965
0.887965
0.887598
0.887598
0.886666
0.886666
0.886666
0.886666
0.887598
0.887598
0.886032
0.886032
0.886032
0.886032
0.885322
0.885322
0.885322
0.885322
0.885215
0.885215
0.885215
0.885215
0.885215
0.885215
0.885394
0.885394
0.885394
0.885394
0.885215
0.885215
0.885502
0.885502
0.885502
0.885502
0.886385
0.886385
0.886385
0.886385
0.885743
0.885743
0.885743
0.885743
0.886192
0.886192
0.886192
0.886192
0.886351
0.886351
0.886351
0.886351
0.886526
0.886526
0.886526
0.886526
0.886945
0.886945
0.886945
0.886945
0.88743
0.88743
0.88743
0.88743
0.887965
0.887965
0.887965
0.887965
0.884001
0.884001
0.884001
0.884001
0.884001
0.884001
0.884001
0.884001
0.884001
0.884001
0.884001
0.884001
0.884001
0.884001
0.884001
0.884001
0.884001
0.884001
0.884001
0.884001
0.884001
0.884001
0.884001
0.884001
0.884001
0.884001
0.884001
0.884001
0.884001
0.884001
0.884001
0.884001
0.884001
0.884001
0.884001
0.884001
0.884001
0.884001
0.884001
0.884001
0.884001
0.884001
0.884001
0.884001
0.884001
0.884001
0.884001
0.884001
0.884001
0.884001
0.884001
0.884001
0.884001
0.884001
0.884001
0.884001
0.884001
0.884001
0.884001
0.884001
0.884001
0.884001
0.884001
0.884001
0.886901
0.886901
0.886901
0.886901
0.886901
0.886901
0.886901
0.886901
0.886901
0.886901
0.886901
0.886901
0.886901
0.886901
0.886901
0.886901
0.886901
0.886901
0.886901
0.886901
0.886901
0.886901
0.886901
0.886901
0.886901
0.886901
0.886901
0.886901
0.886901
0.886901
0.886901
0.886901
0.886901
0.886901
0.886901
0.886901
0.886901
0.886901
0.886901
0.886901
0.886901
0.886901
0.886901
0.886901
0.886901
0.886901
0.886901
0.886901
0.886901
0.886901
0.886901
0.886901
0.886901
0.886901
0.886901
0.886901
0.886901
0.886901
0.886901
0.886901
0.886901
0.886901
0.886901
0.886901
0.887697
0.887697
0.888247
0.888247
0.885954
0.885954
0.884761
0.884761
0.888094
0.888094
0.884201
0.884201
0.888006
0.888006
0.884271
0.884271
0.887521
0.887521
0.883224
0.883224
0.887617
0.887617
0.887521
0.887521
0.883224
0.883224
0.882759
0.882759
0.887434
0.887434
0.883439
0.883439
0.886989
0.886989
0.884611
0.884611
0.886789
0.886789
0.885335
0.885335
0.886537
0.886537
0.885872
0.885872
0.886967
0.886967
0.886363
0.886363
0.886879
0.886879
0.886835
0.886835
0.885908
0.885908
0.886656
0.886656
0.886744
0.886744
0.886924
0.886924
0.887494
0.887494
0.886217
0.886217
0.884547
0.884547
0.884046
0.884046
0.883821
0.883821
0.883414
0.883414
0.882771
0.882771
0.882771
0.882771
0.882988
0.882988
0.883263
0.883263
0.884157
0.884157
0.884567
0.884567
0.884949
0.884949
0.886304
0.886304
0.886415
0.886415
0.886601
0.886601
0.886046
0.886046
0.884905
0.884905
0.887821
0.887821
0.887498
0.887498
0.886341
0.886341
0.886405
0.886405
0.88607
0.88607
0.886204
0.886204
0.886401
0.886401
0.886353
0.886353
0.886303
0.886303
0.887631
0.887631
0.887986
0.887986
0.888294
0.888294
0.888294
0.888294
0.888479
0.888479
0.888326
0.888326
0.887472
0.887472
0.886879
0.886879
0.88607
0.88607
0.885677
0.885677
0.884251
0.884251
0.883724
0.883724
0.884227
0.884227
0.884581
0.884581
0.885011
0.885011
0.885805
0.885805
0.886117
0.886117
0.88637
0.88637
0.887282
0.887282
0.887084
0.887084
0.887349
0.887349
0.887051
0.887051
0.886879
0.886879
0.88607
0.88607
0.884046
0.884046
0.884547
0.884547
0.885677
0.885677
0.883821
0.883821
0.884251
0.884251
0.883414
0.883414
0.883724
0.883724
0.882771
0.882771
0.884227
0.884227
0.882988
0.882988
0.884581
0.884581
0.883263
0.883263
0.885011
0.885011
0.884157
0.884157
0.885805
0.885805
0.884567
0.884567
0.886117
0.886117
0.884949
0.884949
0.88637
0.88637
0.886304
0.886304
0.887282
0.887282
0.886415
0.886415
0.887084
0.887084
0.886601
0.886601
0.887349
0.887349
0.886046
0.886046
0.887051
0.887051
0.884905
0.884905
0.887569
0.887569
0.887674
0.887674
0.887402
0.887402
0.886928
0.886928
0.886612
0.886612
0.886111
0.886111
0.886491
0.886491
0.886607
0.886607
0.886197
0.886197
0.886758
0.886758
0.886551
0.886551
0.8863
0.8863
0.886327
0.886327
0.887346
0.887346
0.887488
0.887488
0.883929
0.883929
0.884097
0.884097
0.88362
0.88362
0.883087
0.883087
0.88299
0.88299
0.883182
0.883182
0.883163
0.883163
0.883727
0.883727
0.884167
0.884167
0.884793
0.884793
0.885593
0.885593
0.885994
0.885994
0.885906
0.885906
0.885498
0.885498
0.884676
0.884676
0.882771
0.882771
0.886666
0.886666
0.887598
0.887598
0.886032
0.886032
0.885322
0.885322
0.885215
0.885215
0.885394
0.885394
0.885502
0.885502
0.886385
0.886385
0.885743
0.885743
0.886192
0.886192
0.886351
0.886351
0.886526
0.886526
0.886945
0.886945
0.88743
0.88743
0.887965
0.887965
0.886612
0.886612
0.883724
0.883724
0.887821
0.887821
0.887498
0.887498
0.886901
0.886901
0.886901
0.886901
0.886341
0.886341
0.886901
0.886901
0.886405
0.886405
0.886901
0.886901
0.88607
0.88607
0.886901
0.886901
0.886204
0.886204
0.886901
0.886901
0.886401
0.886401
0.886901
0.886901
0.886353
0.886353
0.886901
0.886901
0.886303
0.886303
0.886901
0.886901
0.887631
0.887631
0.886901
0.886901
0.887986
0.887986
0.886901
0.886901
0.888294
0.888294
0.886901
0.886901
0.888294
0.888294
0.888479
0.888479
0.886901
0.886901
0.888326
0.888326
0.886901
0.886901
0.887472
0.887472
0.886901
0.886901
0.886901
0.886901
0.887569
0.887569
0.887674
0.887674
0.887402
0.887402
0.886928
0.886928
0.886612
0.886612
0.886111
0.886111
0.886491
0.886491
0.886607
0.886607
0.886197
0.886197
0.886758
0.886758
0.886551
0.886551
0.8863
0.8863
0.886327
0.886327
0.887346
0.887346
0.887488
0.887488
0.883724
0.883724
0.886612
0.886612
0.886901
0.886901
0.886901
0.886901
0.886901
0.886901
0.886901
0.886901
0.886901
0.886901
0.886901
0.886901
0.886901
0.886901
0.886901
0.886901
0.886901
0.886901
0.886901
0.886901
0.886901
0.886901
0.886901
0.886901
0.886901
0.886901
0.886901
0.886901
0.886901
0.886901
0.886901
0.886901
0.886901
0.886901
0.886901
0.886901
0.886901
0.886901
0.886901
0.886901
0.886901
0.886901
0.886901
0.886901
0.886901
0.886901
0.886901
0.886901
0.886901
0.886901
0.886901
0.886901
0.886901
0.886901
0.886901
0.886901
0.886901
0.886901
0.886901
0.886901
0.886666
0.886666
0.887598
0.887598
0.887598
0.887598
0.886666
0.886666
0.886032
0.886032
0.886032
0.886032
0.885322
0.885322
0.885322
0.885322
0.885215
0.885215
0.885215
0.885215
0.885394
0.885394
0.885394
0.885394
0.885502
0.885502
0.885502
0.885502
0.886385
0.886385
0.886385
0.886385
0.885743
0.885743
0.885743
0.885743
0.886192
0.886192
0.886192
0.886192
0.886351
0.886351
0.886351
0.886351
0.886526
0.886526
0.886526
0.886526
0.886945
0.886945
0.886945
0.886945
0.88743
0.88743
0.88743
0.88743
0.887965
0.887965
0.887965
0.887965
0.884547
0.884547
0.884046
0.884046
0.884001
0.884001
0.884001
0.884001
0.883821
0.883821
0.884001
0.884001
0.883414
0.883414
0.884001
0.884001
0.882771
0.882771
0.884001
0.884001
0.882988
0.882988
0.884001
0.884001
0.883263
0.883263
0.884001
0.884001
0.884157
0.884157
0.884001
0.884001
0.884567
0.884567
0.884001
0.884001
0.884949
0.884949
0.884001
0.884001
0.886304
0.886304
0.884001
0.884001
0.886415
0.886415
0.884001
0.884001
0.886601
0.886601
0.884001
0.884001
0.886046
0.886046
0.884001
0.884001
0.884905
0.884905
0.884001
0.884001
0.884001
0.884001
0.887472
0.887472
0.887569
0.887569
0.887674
0.887674
0.887821
0.887821
0.888326
0.888326
0.887402
0.887402
0.888479
0.888479
0.886928
0.886928
0.888294
0.888294
0.886612
0.886612
0.887986
0.887986
0.886111
0.886111
0.887631
0.887631
0.886491
0.886491
0.886303
0.886303
0.886607
0.886607
0.886353
0.886353
0.886197
0.886197
0.886401
0.886401
0.886758
0.886758
0.886204
0.886204
0.886551
0.886551
0.88607
0.88607
0.8863
0.8863
0.886405
0.886405
0.886327
0.886327
0.886341
0.886341
0.887346
0.887346
0.887498
0.887498
0.887488
0.887488
0.88607
0.88607
0.886879
0.886879
0.885677
0.885677
0.884251
0.884251
0.883724
0.883724
0.884227
0.884227
0.884581
0.884581
0.885011
0.885011
0.885805
0.885805
0.886117
0.886117
0.88637
0.88637
0.887282
0.887282
0.887084
0.887084
0.887349
0.887349
0.887051
0.887051
0.887506
0.887506
0.887136
0.887136
0.887753
0.887753
0.887641
0.887641
0.887563
0.887563
0.887845
0.887845
0.886883
0.886883
0.888222
0.888222
0.886643
0.886643
0.888086
0.888086
0.886294
0.886294
0.887796
0.887796
0.886305
0.886305
0.887149
0.887149
0.886828
0.886828
0.88623
0.88623
0.886221
0.886221
0.886387
0.886387
0.886823
0.886823
0.886637
0.886637
0.886601
0.886601
0.886326
0.886326
0.88637
0.88637
0.886414
0.886414
0.886145
0.886145
0.88659
0.88659
0.887226
0.887226
0.886466
0.886466
0.887119
0.887119
0.886758
0.886758
0.887411
0.887411
0.886475
0.886475
0.886475
0.886475
0.887411
0.887411
0.884001
0.884001
0.884001
0.884001
0.884001
0.884001
0.884001
0.884001
0.883251
0.883251
0.883309
0.883309
0.883309
0.883309
0.883251
0.883251
0.887194
0.887194
0.886347
0.886347
0.886347
0.886347
0.887194
0.887194
0.886901
0.886901
0.886901
0.886901
0.886901
0.886901
0.886901
0.886901
0.886601
0.886601
0.886571
0.886571
0.886571
0.886571
0.886601
0.886601
0.887218
0.887218
0.887218
0.887218
0.884001
0.884001
0.884001
0.884001
0.882936
0.882936
0.882936
0.882936
0.88713
0.88713
0.88713
0.88713
0.886901
0.886901
0.886901
0.886901
0.886158
0.886158
0.886158
0.886158
0.886794
0.886794
0.886794
0.886794
0.884001
0.884001
0.884001
0.884001
0.883348
0.883348
0.883348
0.883348
0.887033
0.887033
0.887033
0.887033
0.886901
0.886901
0.886901
0.886901
0.886242
0.886242
0.886242
0.886242
0.886543
0.886543
0.886543
0.886543
0.884001
0.884001
0.884001
0.884001
0.884427
0.884427
0.884427
0.884427
0.88727
0.88727
0.88727
0.88727
0.886901
0.886901
0.886901
0.886901
0.886834
0.886834
0.886834
0.886834
0.886665
0.886665
0.886665
0.886665
0.884001
0.884001
0.884001
0.884001
0.885148
0.885148
0.885148
0.885148
0.887981
0.887981
0.887981
0.887981
0.886901
0.886901
0.886901
0.886901
0.886967
0.886967
0.886967
0.886967
0.886027
0.886027
0.886027
0.886027
0.884001
0.884001
0.884001
0.884001
0.88579
0.88579
0.88579
0.88579
0.887962
0.887962
0.887962
0.887962
0.886901
0.886901
0.886901
0.886901
0.886989
0.886989
0.886989
0.886989
0.885536
0.885536
0.885536
0.885536
0.884001
0.884001
0.884001
0.884001
0.886408
0.886408
0.886408
0.886408
0.888046
0.888046
0.888046
0.888046
0.886901
0.886901
0.886901
0.886901
0.887032
0.887032
0.887032
0.887032
0.884541
0.884541
0.884541
0.884541
0.884001
0.884001
0.884001
0.884001
0.886883
0.886883
0.886883
0.886883
0.887512
0.887512
0.887512
0.887512
0.886901
0.886901
0.886901
0.886901
0.887047
0.887047
0.887047
0.887047
0.883309
0.883309
0.883309
0.883309
0.884001
0.884001
0.884001
0.884001
0.886475
0.886475
0.886475
0.886475
0.886571
0.886571
0.886571
0.886571
0.886901
0.886901
0.886901
0.886901
0.886347
0.886347
0.886347
0.886347
0.883251
0.883251
0.883251
0.883251
0.884001
0.884001
0.884001
0.884001
0.887411
0.887411
0.887411
0.887411
0.886601
0.886601
0.886601
0.886601
0.886901
0.886901
0.886901
0.886901
0.887194
0.887194
0.887194
0.887194
0.882936
0.882936
0.882936
0.882936
0.884001
0.884001
0.884001
0.884001
0.887218
0.887218
0.887218
0.887218
0.886158
0.886158
0.886158
0.886158
0.886901
0.886901
0.886901
0.886901
0.88713
0.88713
0.88713
0.88713
0.883348
0.883348
0.883348
0.883348
0.884001
0.884001
0.884001
0.884001
0.886794
0.886794
0.886794
0.886794
0.886242
0.886242
0.886242
0.886242
0.886901
0.886901
0.886901
0.886901
0.887033
0.887033
0.887033
0.887033
0.884427
0.884427
0.884427
0.884427
0.884001
0.884001
0.884001
0.884001
0.886543
0.886543
0.886543
0.886543
0.886834
0.886834
0.886834
0.886834
0.886901
0.886901
0.886901
0.886901
0.88727
0.88727
0.88727
0.88727
0.885148
0.885148
0.885148
0.885148
0.884001
0.884001
0.884001
0.884001
0.886665
0.886665
0.886665
0.886665
0.886967
0.886967
0.886967
0.886967
0.886901
0.886901
0.886901
0.886901
0.887981
0.887981
0.887981
0.887981
0.88579
0.88579
0.88579
0.88579
0.884001
0.884001
0.884001
0.884001
0.886027
0.886027
0.886027
0.886027
0.886989
0.886989
0.886989
0.886989
0.886901
0.886901
0.886901
0.886901
0.887962
0.887962
0.887962
0.887962
0.886408
0.886408
0.886408
0.886408
0.884001
0.884001
0.884001
0.884001
0.885536
0.885536
0.885536
0.885536
0.887032
0.887032
0.887032
0.887032
0.886901
0.886901
0.886901
0.886901
0.888046
0.888046
0.888046
0.888046
0.886883
0.886883
0.886883
0.886883
0.884001
0.884001
0.884001
0.884001
0.884541
0.884541
0.884541
0.884541
0.887047
0.887047
0.887047
0.887047
0.886901
0.886901
0.886901
0.886901
0.887512
0.887512
0.887512
0.887512
0.885441
0.885441
0.885441
0.885441
0.885441
0.885441
0.885441
0.885441
0.88699
0.88699
0.88699
0.88699
0.88699
0.88699
0.88699
0.88699
0.887302
0.887302
0.887302
0.887302
0.887302
0.887302
0.887302
0.887302
0.886439
0.886439
0.886439
0.886439
0.886439
0.886439
0.886439
0.886439
0.88587
0.88587
0.88587
0.88587
0.88587
0.88587
0.88587
0.88587
0.885183
0.885183
0.885183
0.885183
0.885183
0.885183
0.885183
0.885183
0.885441
0.885441
0.885441
0.885441
0.88699
0.88699
0.88699
0.88699
0.887302
0.887302
0.887302
0.887302
0.886439
0.886439
0.886439
0.886439
0.88587
0.88587
0.88587
0.88587
0.885183
0.885183
0.885183
0.885183
0.885441
0.885441
0.885441
0.885441
0.88699
0.88699
0.88699
0.88699
0.887302
0.887302
0.887302
0.887302
0.886439
0.886439
0.886439
0.886439
0.88587
0.88587
0.88587
0.88587
0.885183
0.885183
0.885183
0.885183
0.885441
0.885441
0.885441
0.885441
0.88699
0.88699
0.88699
0.88699
0.887302
0.887302
0.887302
0.887302
0.886439
0.886439
0.886439
0.886439
0.88587
0.88587
0.88587
0.88587
0.885183
0.885183
0.885183
0.885183
0.885441
0.885441
0.885441
0.885441
0.887383
0.887383
0.887458
0.887458
0.887302
0.887302
0.887302
0.887302
0.886439
0.886439
0.886439
0.886439
0.885935
0.885935
0.885899
0.885899
0.885183
0.885183
0.885183
0.885183
0.88681
0.88681
0.887194
0.887194
0.887119
0.887119
0.886881
0.886881
0.888042
0.888042
0.888085
0.888085
0.885949
0.885949
0.885679
0.885679
0.885663
0.885663
0.886008
0.886008
0.883607
0.883607
0.883975
0.883975
0.883991
0.883991
0.883647
0.883647
0.885673
0.885673
0.88568
0.88568
0.887037
0.887037
0.887085
0.887085
0.887053
0.887053
0.887083
0.887083
0.886577
0.886577
0.886577
0.886577
0.887698
0.887698
0.887698
0.887698
0.88639
0.88639
0.88639
0.88639
0.883269
0.883269
0.883269
0.883269
0.884974
0.884974
0.884974
0.884974
0.887249
0.887249
0.887249
0.887249
0.886873
0.886873
0.886873
0.886873
0.887127
0.887127
0.887127
0.887127
0.886812
0.886812
0.886812
0.886812
0.88354
0.88354
0.88354
0.88354
0.884303
0.884303
0.884303
0.884303
0.887604
0.887604
0.887604
0.887604
0.88695
0.88695
0.886913
0.886913
0.886645
0.886645
0.886623
0.886623
0.886697
0.886697
0.886654
0.886654
0.883657
0.883657
0.88365
0.88365
0.883918
0.883918
0.884001
0.884001
0.887539
0.887539
0.887489
0.887489
0.886602
0.886602
0.886552
0.886552
0.887004
0.887004
0.887005
0.887005
0.886352
0.886352
0.886297
0.886297
0.883256
0.883256
0.883281
0.883281
0.885032
0.885032
0.885063
0.885063
0.887499
0.887499
0.887551
0.887551
0.886219
0.886219
0.886219
0.886219
0.886219
0.886219
0.886219
0.886219
0.88656
0.88656
0.88656
0.88656
0.887809
0.887809
0.887809
0.887809
0.887809
0.887809
0.887809
0.887809
0.886656
0.886656
0.886656
0.886656
0.886656
0.886656
0.886656
0.886656
0.884982
0.884982
0.884982
0.884982
0.885794
0.885794
0.885794
0.885794
0.885794
0.885794
0.885794
0.885794
0.886219
0.886219
0.886219
0.886219
0.88656
0.88656
0.88656
0.88656
0.887809
0.887809
0.887809
0.887809
0.886656
0.886656
0.886656
0.886656
0.884982
0.884982
0.884982
0.884982
0.885794
0.885794
0.885794
0.885794
0.886219
0.886219
0.886219
0.886219
0.88656
0.88656
0.88656
0.88656
0.887809
0.887809
0.887809
0.887809
0.886656
0.886656
0.886656
0.886656
0.884982
0.884982
0.884982
0.884982
0.885794
0.885794
0.885794
0.885794
0.886219
0.886219
0.886219
0.886219
0.88656
0.88656
0.88656
0.88656
0.887809
0.887809
0.887809
0.887809
0.886656
0.886656
0.886656
0.886656
0.884982
0.884982
0.884982
0.884982
0.885794
0.885794
0.885794
0.885794
0.886219
0.886219
0.886219
0.886219
0.88656
0.88656
0.88656
0.88656
0.887809
0.887809
0.887809
0.887809
0.886656
0.886656
0.886656
0.886656
0.884982
0.884982
0.884982
0.884982
0.885794
0.885794
0.885794
0.885794
0.884947
0.884947
0.884947
0.884947
0.884947
0.884947
0.884947
0.884947
0.884001
0.884001
0.884001
0.884001
0.884001
0.884001
0.884001
0.884001
0.886612
0.886612
0.886612
0.886612
0.886612
0.886612
0.886612
0.886612
0.887694
0.887694
0.887694
0.887694
0.887694
0.887694
0.887694
0.887694
0.886901
0.886901
0.886901
0.886901
0.886901
0.886901
0.886901
0.886901
0.886965
0.886965
0.886965
0.886965
0.886965
0.886965
0.886965
0.886965
0.886372
0.886372
0.885776
0.885776
0.885835
0.885835
0.886347
0.886347
0.884152
0.884152
0.884986
0.884986
0.884975
0.884975
0.884219
0.884219
0.88603
0.88603
0.886663
0.886663
0.886676
0.886676
0.885978
0.885978
0.88815
0.88815
0.887779
0.887779
0.887825
0.887825
0.888108
0.888108
0.886696
0.886696
0.886561
0.886561
0.886553
0.886553
0.886585
0.886585
0.886247
0.886247
0.886184
0.886184
0.886207
0.886207
0.88623
0.88623
0.88405
0.88405
0.883902
0.883902
0.883883
0.883883
0.884004
0.884004
0.88438
0.88438
0.88444
0.88444
0.886981
0.886981
0.887206
0.887206
0.887216
0.887216
0.887014
0.887014
0.886906
0.886906
0.88683
0.88683
0.886809
0.886809
0.886856
0.886856
0.8869
0.8869
0.886897
0.886897
0.886424
0.886424
0.886695
0.886695
0.886684
0.886684
0.886452
0.886452
0.884026
0.884026
0.884026
0.884026
0.885238
0.885238
0.885238
0.885238
0.887876
0.887876
0.887876
0.887876
0.886913
0.886913
0.886913
0.886913
0.887169
0.887169
0.887169
0.887169
0.886695
0.886695
0.886695
0.886695
0.884022
0.884022
0.884022
0.884022
0.885584
0.885584
0.885584
0.885584
0.887887
0.887887
0.887887
0.887887
0.886942
0.886942
0.886942
0.886942
0.886918
0.886918
0.886918
0.886918
0.886067
0.886067
0.886067
0.886067
0.883957
0.883957
0.883957
0.883957
0.886124
0.886124
0.886124
0.886124
0.888038
0.888038
0.888038
0.888038
0.886902
0.886902
0.886902
0.886902
0.886902
0.886902
0.886902
0.886902
0.885626
0.885626
0.885626
0.885626
0.883909
0.883909
0.883909
0.883909
0.886902
0.886902
0.886902
0.886902
0.887691
0.887691
0.887691
0.887691
0.886878
0.886878
0.886878
0.886878
0.887235
0.887235
0.887235
0.887235
0.884803
0.884803
0.884803
0.884803
0.88384
0.88384
0.88384
0.88384
0.886662
0.886662
0.886662
0.886662
0.88671
0.88671
0.88671
0.88671
0.886825
0.886825
0.886825
0.886825
0.886712
0.886712
0.886712
0.886712
0.883521
0.883521
0.883521
0.883521
0.883702
0.883702
0.883702
0.883702
0.887419
0.887419
0.887419
0.887419
0.886715
0.886715
0.886715
0.886715
0.886691
0.886691
0.886691
0.886691
0.887386
0.887386
0.887386
0.887386
0.883436
0.883436
0.883436
0.883436
0.883665
0.883665
0.883665
0.883665
0.887247
0.887247
0.887247
0.887247
0.88604
0.88604
0.88604
0.88604
0.886648
0.886648
0.886648
0.886648
0.887337
0.887337
0.887337
0.887337
0.882892
0.882892
0.882892
0.882892
0.883652
0.883652
0.883652
0.883652
0.886971
0.886971
0.886971
0.886971
0.886124
0.886124
0.886124
0.886124
0.886618
0.886618
0.886618
0.886618
0.887378
0.887378
0.887378
0.887378
0.883315
0.883315
0.883315
0.883315
0.883717
0.883717
0.883717
0.883717
0.88668
0.88668
0.88668
0.88668
0.886836
0.886836
0.886836
0.886836
0.886657
0.886657
0.886657
0.886657
0.887557
0.887557
0.887557
0.887557
0.88453
0.88453
0.88453
0.88453
0.883818
0.883818
0.883818
0.883818
0.886612
0.886612
0.886612
0.886612
0.88693
0.88693
0.88693
0.88693
0.886731
0.886731
0.886731
0.886731
0.888058
0.888058
0.888058
0.888058
0.885231
0.885231
0.885231
0.885231
0.883925
0.883925
0.883925
0.883925
0.886239
0.886239
0.886239
0.886239
0.886893
0.886893
0.886893
0.886893
0.886806
0.886806
0.886806
0.886806
0.888284
0.888284
0.888284
0.888284
0.885832
0.885832
0.885832
0.885832
0.883991
0.883991
0.883991
0.883991
0.885472
0.885472
0.885472
0.885472
0.886795
0.886795
0.886795
0.886795
0.886839
0.886839
0.886839
0.886839
0.888071
0.888071
0.888071
0.888071
0.886328
0.886328
0.886328
0.886328
0.884043
0.884043
0.884043
0.884043
0.884758
0.884758
0.884758
0.884758
0.886917
0.886917
0.886917
0.886917
0.886867
0.886867
0.886867
0.886867
0.887803
0.887803
0.887803
0.887803
0.886925
0.886925
0.886925
0.886925
0.884069
0.884069
0.884069
0.884069
0.883527
0.883527
0.883527
0.883527
0.886068
0.886068
0.886068
0.886068
0.886877
0.886877
0.886877
0.886877
0.886854
0.886854
0.886854
0.886854
0.886378
0.886378
0.886378
0.886378
0.884117
0.884117
0.884117
0.884117
0.88319
0.88319
0.88319
0.88319
0.887183
0.887183
0.887183
0.887183
0.886921
0.886921
0.886921
0.886921
0.886601
0.886601
0.886601
0.886601
0.887582
0.887582
0.887582
0.887582
0.884125
0.884125
0.884125
0.884125
0.882695
0.882695
0.882695
0.882695
0.88684
0.88684
0.88684
0.88684
0.886936
0.886936
0.886936
0.886936
0.885983
0.885983
0.885983
0.885983
0.887107
0.887107
0.887107
0.887107
0.884108
0.884108
0.884108
0.884108
0.883064
0.883064
0.883064
0.883064
0.886529
0.886529
0.886529
0.886529
0.886934
0.886934
0.886934
0.886934
0.886207
0.886207
0.886207
0.886207
0.886674
0.886674
0.886674
0.886674
0.884101
0.884101
0.884101
0.884101
0.884981
0.884981
0.884981
0.884981
0.884981
0.884981
0.884981
0.884981
0.886746
0.886746
0.886746
0.886746
0.886746
0.886746
0.886746
0.886746
0.886941
0.886941
0.886941
0.886941
0.88781
0.88781
0.88781
0.88781
0.88781
0.88781
0.88781
0.88781
0.886556
0.886556
0.886556
0.886556
0.886556
0.886556
0.886556
0.886556
0.884003
0.884003
0.884003
0.884003
0.884372
0.884372
0.884181
0.884181
0.884181
0.884181
0.884372
0.884372
0.886991
0.886991
0.887105
0.887105
0.887105
0.887105
0.886991
0.886991
0.886856
0.886856
0.886856
0.886856
0.886872
0.886872
0.886921
0.886921
0.886921
0.886921
0.886872
0.886872
0.886418
0.886418
0.886822
0.886822
0.886822
0.886822
0.886418
0.886418
0.88403
0.88403
0.88403
0.88403
0.885238
0.885238
0.885238
0.885238
0.887876
0.887876
0.887876
0.887876
0.886913
0.886913
0.886913
0.886913
0.887169
0.887169
0.887169
0.887169
0.886695
0.886695
0.886695
0.886695
0.884026
0.884026
0.884026
0.884026
0.885584
0.885584
0.885584
0.885584
0.887887
0.887887
0.887887
0.887887
0.886942
0.886942
0.886942
0.886942
0.886918
0.886918
0.886918
0.886918
0.886067
0.886067
0.886067
0.886067
0.883957
0.883957
0.883957
0.883957
0.886124
0.886124
0.886124
0.886124
0.888038
0.888038
0.888038
0.888038
0.886902
0.886902
0.886902
0.886902
0.886902
0.886902
0.886902
0.886902
0.885626
0.885626
0.885626
0.885626
0.883913
0.883913
0.883974
0.883974
0.886914
0.886914
0.886849
0.886849
0.887697
0.887697
0.887742
0.887742
0.886877
0.886877
0.88693
0.88693
0.887188
0.887188
0.887176
0.887176
0.884817
0.884817
0.884875
0.884875
0.8841
0.8841
0.88414
0.88414
0.88746
0.88746
0.887435
0.887435
0.887134
0.887134
0.887178
0.887178
0.886964
0.886964
0.887003
0.887003
0.886168
0.886168
0.886277
0.886277
0.883923
0.883923
0.883957
0.883957
0.886467
0.886467
0.886467
0.886467
0.886467
0.886467
0.886467
0.886467
0.887355
0.887355
0.887355
0.887355
0.886876
0.886876
0.886876
0.886876
0.886876
0.886876
0.886876
0.886876
0.885424
0.885424
0.885424
0.885424
0.885424
0.885424
0.885424
0.885424
0.885234
0.885234
0.885234
0.885234
0.885799
0.885799
0.885799
0.885799
0.885799
0.885799
0.885799
0.885799
0.886467
0.886467
0.886467
0.886467
0.887355
0.887355
0.887355
0.887355
0.886876
0.886876
0.886876
0.886876
0.885424
0.885424
0.885424
0.885424
0.885234
0.885234
0.885234
0.885234
0.885799
0.885799
0.885799
0.885799
0.886467
0.886467
0.886467
0.886467
0.887355
0.887355
0.887355
0.887355
0.886876
0.886876
0.886876
0.886876
0.885424
0.885424
0.885424
0.885424
0.885234
0.885234
0.885234
0.885234
0.885799
0.885799
0.885799
0.885799
0.886467
0.886467
0.886467
0.886467
0.887355
0.887355
0.887355
0.887355
0.886876
0.886876
0.886876
0.886876
0.885424
0.885424
0.885424
0.885424
0.885234
0.885234
0.885234
0.885234
0.885799
0.885799
0.885799
0.885799
0.886451
0.886451
0.886471
0.886471
0.887355
0.887355
0.887355
0.887355
0.886876
0.886876
0.886876
0.886876
0.885301
0.885301
0.88529
0.88529
0.885234
0.885234
0.885234
0.885234
0.885799
0.885799
0.885799
0.885799
0.887004
0.887004
0.88644
0.88644
0.886461
0.886461
0.886461
0.886461
0.886461
0.886461
0.888207
0.888207
0.888155
0.888155
0.888155
0.888155
0.888207
0.888207
0.885664
0.885664
0.885727
0.885727
0.883496
0.883496
0.883496
0.883496
0.883496
0.883496
0.883496
0.883496
0.88636
0.88636
0.886308
0.886308
0.886308
0.886308
0.88636
0.88636
0.886512
0.886512
0.886365
0.886365
0.886351
0.886351
0.886406
0.886406
0.886406
0.886406
0.886351
0.886351
0.885091
0.885091
0.885091
0.885091
0.885091
0.885091
0.885091
0.885091
0.886938
0.886938
0.884896
0.884896
0.88805
0.88805
0.88805
0.88805
0.88805
0.88805
0.88805
0.88805
0.887039
0.887039
0.887039
0.887039
0.887039
0.887039
0.887039
0.887039
0.886335
0.886335
0.886369
0.886369
0.884456
0.884456
0.883728
0.883728
0.884737
0.884737
0.886172
0.886172
0.888344
0.888344
0.886605
0.886605
0.885507
0.885507
0.885673
0.885673
0.885673
0.885673
0.885507
0.885507
0.883122
0.883122
0.8832
0.8832
0.8832
0.8832
0.883122
0.883122
0.885306
0.885306
0.885306
0.885306
0.886997
0.886997
0.887154
0.887154
0.887154
0.887154
0.886997
0.886997
0.886712
0.886712
0.886777
0.886777
0.886777
0.886777
0.886712
0.886712
0.887427
0.887427
0.887427
0.887427
0.88626
0.88626
0.886207
0.886207
0.882438
0.882438
0.882465
0.882465
0.885759
0.885759
0.885715
0.885715
0.887586
0.887586
0.887607
0.887607
0.885947
0.885947
0.885977
0.885977
0.887909
0.887909
0.887933
0.887933
0.885487
0.885487
0.885456
0.885456
0.882551
0.882551
0.882562
0.882562
0.886032
0.886032
0.886074
0.886074
0.886998
0.886998
0.887018
0.887018
0.885936
0.885936
0.885925
0.885925
0.88811
0.88811
0.888064
0.888064
0.885247
0.885247
0.885247
0.885247
0.885912
0.885912
0.885912
0.885912
0.885912
0.885912
0.885912
0.885912
0.886183
0.886183
0.886174
0.886174
0.886174
0.886174
0.886183
0.886183
0.886912
0.886912
0.886912
0.886912
0.887881
0.887881
0.887881
0.887881
0.887881
0.887881
0.887881
0.887881
0.886488
0.886488
0.886488
0.886488
0.886488
0.886488
0.886488
0.886488
0.885247
0.885247
0.885247
0.885247
0.885912
0.885912
0.885912
0.885912
0.886183
0.886183
0.886183
0.886183
0.886912
0.886912
0.886912
0.886912
0.887881
0.887881
0.887881
0.887881
0.886488
0.886488
0.886488
0.886488
0.885247
0.885247
0.885247
0.885247
0.885912
0.885912
0.885912
0.885912
0.886183
0.886183
0.886183
0.886183
0.886912
0.886912
0.886912
0.886912
0.887881
0.887881
0.887881
0.887881
0.886488
0.886488
0.886488
0.886488
0.885247
0.885247
0.885247
0.885247
0.885912
0.885912
0.885912
0.885912
0.886183
0.886183
0.886183
0.886183
0.886912
0.886912
0.886912
0.886912
0.887881
0.887881
0.887881
0.887881
0.886488
0.886488
0.886488
0.886488
0.885247
0.885247
0.885247
0.885247
0.88577
0.88577
0.885684
0.885684
0.886174
0.886174
0.886912
0.886912
0.886912
0.886912
0.888121
0.888121
0.888283
0.888283
0.886488
0.886488
0.886488
0.886488
0.883937
0.883937
0.883937
0.883937
0.883937
0.883937
0.883937
0.883937
0.885705
0.885705
0.885743
0.885743
0.887137
0.887137
0.887137
0.887137
0.887137
0.887137
0.887137
0.887137
0.886914
0.886914
0.886914
0.886914
0.886914
0.886914
0.886914
0.886914
0.887452
0.887452
0.887343
0.887343
0.886572
0.886572
0.886572
0.886572
0.886572
0.886572
0.886572
0.886572
0.886369
0.886369
0.886369
0.886369
0.886369
0.886369
0.886369
0.886369
0.886125
0.886125
0.886873
0.886873
0.885608
0.885608
0.885608
0.885608
0.885608
0.885608
0.885608
0.885608
0.884885
0.884885
0.884885
0.884885
0.884885
0.884885
0.884885
0.884885
0.887071
0.887071
0.88504
0.88504
0.887661
0.887661
0.887661
0.887661
0.887661
0.887661
0.887661
0.887661
0.886817
0.886817
0.887989
0.887989
0.888095
0.888095
0.886609
0.886609
0.883785
0.883785
0.883852
0.883852
0.884181
0.884181
0.887788
0.887788
0.886259
0.886259
0.886259
0.886259
0.888208
0.888208
0.888152
0.888152
0.888152
0.888152
0.888208
0.888208
0.884624
0.884624
0.884492
0.884492
0.884492
0.884492
0.884624
0.884624
0.883195
0.883195
0.883195
0.883195
0.886573
0.886573
0.886732
0.886732
0.886732
0.886732
0.886573
0.886573
0.886252
0.886252
0.886414
0.886414
0.886414
0.886414
0.886252
0.886252
0.886618
0.886618
0.886618
0.886618
0.888144
0.888144
0.888144
0.888144
0.885653
0.885653
0.885653
0.885653
0.883753
0.883753
0.883753
0.883753
0.886071
0.886071
0.886071
0.886071
0.8866
0.8866
0.8866
0.8866
0.886605
0.886605
0.886605
0.886605
0.887851
0.887851
0.887851
0.887851
0.886164
0.886164
0.886164
0.886164
0.883948
0.883948
0.883948
0.883948
0.885317
0.885317
0.885317
0.885317
0.886394
0.886394
0.886394
0.886394
0.887173
0.887173
0.887012
0.887012
0.887833
0.887833
0.887833
0.887833
0.88609
0.88609
0.88609
0.88609
0.884604
0.884604
0.884421
0.884421
0.885087
0.885087
0.885087
0.885087
0.885965
0.885965
0.885965
0.885965
0.88674
0.88674
0.88668
0.88668
0.886364
0.886364
0.885775
0.885775
0.8861
0.8861
0.886401
0.886401
0.886805
0.886805
0.887006
0.887006
0.886855
0.886855
0.88699
0.88699
0.883816
0.883816
0.88371
0.88371
0.884256
0.884256
0.883073
0.883073
0.883174
0.883174
0.88426
0.88426
0.886772
0.886772
0.885886
0.885886
0.885935
0.885935
0.88686
0.88686
0.885667
0.885667
0.885667
0.885667
0.885667
0.885667
0.885667
0.885667
0.886499
0.886499
0.886945
0.886945
0.887508
0.887508
0.887508
0.887508
0.887508
0.887508
0.887508
0.887508
0.88667
0.88667
0.88667
0.88667
0.88667
0.88667
0.88667
0.88667
0.885896
0.885896
0.88813
0.88813
0.885389
0.885389
0.885389
0.885389
0.885389
0.885389
0.885389
0.885389
0.882479
0.882479
0.88263
0.88263
0.88584
0.88584
0.886427
0.886427
0.886405
0.886405
0.886672
0.886672
0.88654
0.88654
0.888034
0.888034
