4
2500
0.885832
0.885832
0.88626
0.88626
0.88626
0.88626
0.885832
0.885832
0.884001
0.884001
0.884001
0.884001
0.884001
0.884001
0.884001
0.884001
0.886421
0.886421
0.886119
0.886119
0.886119
0.886119
0.886421
0.886421
0.886901
0.886901
0.886901
0.886901
0.886901
0.886901
0.886901
0.886901
0.88626
0.88626
0.887123
0.887123
0.887123
0.887123
0.88626
0.88626
0.884001
0.884001
0.884001
0.884001
0.884001
0.884001
0.884001
0.884001
0.886119
0.886119
0.886332
0.886332
0.886332
0.886332
0.886119
0.886119
0.886901
0.886901
0.886901
0.886901
0.886901
0.886901
0.886901
0.886901
0.888319
0.888319
0.888319
0.888319
0.884001
0.884001
0.884001
0.884001
0.886989
0.886989
0.886989
0.886989
0.886901
0.886901
0.886901
0.886901
0.887824
0.887824
0.887824
0.887824
0.884001
0.884001
0.884001
0.884001
0.886116
0.886116
0.886116
0.886116
0.886901
0.886901
0.886901
0.886901
0.887307
0.887307
0.887307
0.887307
0.884001
0.884001
0.884001
0.884001
0.885497
0.885497
0.885497
0.885497
0.886901
0.886901
0.886901
0.886901
0.887197
0.887197
0.887197
0.887197
0.884001
0.884001
0.884001
0.884001
0.88552
0.88552
0.88552
0.88552
0.886901
0.886901
0.886901
0.886901
0.88698
0.88698
0.88698
0.88698
0.884001
0.884001
0.884001
0.884001
0.885742
0.885742
0.885742
0.885742
0.886901
0.886901
0.886901
0.886901
0.886521
0.886521
0.886521
0.886521
0.884001
0.884001
0.884001
0.884001
0.885857
0.885857
0.885857
0.885857
0.886901
0.886901
0.886901
0.886901
0.88617
0.88617
0.88617
0.88617
0.884001
0.884001
0.884001
0.884001
0.886166
0.886166
0.886166
0.886166
0.886901
0.886901
0.886901
0.886901
0.886096
0.886096
0.886096
0.886096
0.884001
0.884001
0.884001
0.884001
0.886827
0.886827
0.886827
0.886827
0.886901
0.886901
0.886901
0.886901
0.885679
0.885679
0.885679
0.885679
0.884001
0.884001
0.884001
0.884001
0.88712
0.88712
0.88712
0.88712
0.886901
0.886901
0.886901
0.886901
0.886001
0.886001
0.886001
0.886001
0.884001
0.884001
0.884001
0.884001
0.887995
0.887995
0.887995
0.887995
0.886901
0.886901
0.886901
0.886901
0.885707
0.885707
0.885707
0.885707
0.884001
0.884001
0.884001
0.884001
0.888007
0.888007
0.888007
0.888007
0.886901
0.886901
0.886901
0.886901
0.884774
0.884774
0.884774
0.884774
0.884001
0.884001
0.884001
0.884001
0.887177
0.887177
0.887177
0.887177
0.886901
0.886901
0.886901
0.886901
0.884511
0.884511
0.884511
0.884511
0.884001
0.884001
0.884001
0.884001
0.886755
0.886755
0.886755
0.886755
0.886901
0.886901
0.886901
0.886901
0.884951
0.884951
0.884951
0.884951
0.884001
0.884001
0.884001
0.884001
0.886846
0.886846
0.886846
0.886846
0.886901
0.886901
0.886901
0.886901
0.885279
0.885279
0.885279
0.885279
0.884001
0.884001
0.884001
0.884001
0.886598
0.886598
0.886598
0.886598
0.886901
0.886901
0.886901
0.886901
0.88728
0.88728
0.887545
0.887545
0.888434
0.888434
0.886771
0.886771
0.88682
0.88682
0.886404
0.886404
0.886657
0.886657
0.886954
0.886954
0.887748
0.887748
0.887891
0.887891
0.887545
0.887545
0.88728
0.88728
0.886079
0.886079
0.884048
0.884048
0.884197
0.884197
0.886252
0.886252
0.884755
0.884755
0.886048
0.886048
0.885741
0.885741
0.884154
0.884154
0.886954
0.886954
0.886657
0.886657
0.886326
0.886326
0.886686
0.886686
0.887838
0.887838
0.887582
0.887582
0.884224
0.884224
0.887157
0.887157
0.885255
0.885255
0.884009
0.884009
0.886159
0.886159
0.886907
0.886907
0.887578
0.887578
0.887316
0.887316
0.885394
0.885394
0.886459
0.886459
0.884818
0.884818
0.883307
0.883307
0.886881
0.886881
0.885978
0.885978
0.887116
0.887116
0.886451
0.886451
0.887578
0.887578
0.885793
0.885793
0.887627
0.887627
0.884188
0.884188
0.882817
0.882817
0.887558
0.887558
0.887083
0.887083
0.886529
0.886529
0.886346
0.886346
0.886482
0.886482
0.887065
0.887065
0.883692
0.883692
0.883181
0.883181
0.887873
0.887873
0.886799
0.886799
0.886379
0.886379
0.886008
0.886008
0.886529
0.886529
0.886332
0.886332
0.88733
0.88733
0.884051
0.884051
0.882934
0.882934
0.888095
0.888095
0.887165
0.887165
0.886264
0.886264
0.886381
0.886381
0.886197
0.886197
0.886565
0.886565
0.884363
0.884363
0.883087
0.883087
0.888125
0.888125
0.886846
0.886846
0.886846
0.886846
0.886681
0.886681
0.885716
0.885716
0.886664
0.886664
0.885699
0.885699
0.883568
0.883568
0.887766
0.887766
0.887801
0.887801
0.886579
0.886579
0.886296
0.886296
0.884713
0.884713
0.885983
0.885983
0.886036
0.886036
0.884063
0.884063
0.887512
0.887512
0.887827
0.887827
0.8864
0.8864
0.886359
0.886359
0.884184
0.884184
0.885691
0.885691
0.886338
0.886338
0.884156
0.884156
0.887215
0.887215
0.888009
0.888009
0.886638
0.886638
0.886279
0.886279
0.884087
0.884087
0.88501
0.88501
0.887117
0.887117
0.884157
0.884157
0.886991
0.886991
0.887806
0.887806
0.88643
0.88643
0.887191
0.887191
0.883524
0.883524
0.883823
0.883823
0.887368
0.887368
0.885157
0.885157
0.886568
0.886568
0.886852
0.886852
0.886135
0.886135
0.887948
0.887948
0.88643
0.88643
0.882669
0.882669
0.884045
0.884045
0.887215
0.887215
0.885717
0.885717
0.886483
0.886483
0.887007
0.887007
0.886349
0.886349
0.888341
0.888341
0.883055
0.883055
0.88312
0.88312
0.887391
0.887391
0.886168
0.886168
0.886665
0.886665
0.88601
0.88601
0.886495
0.886495
0.888452
0.888452
0.886349
0.886349
0.882783
0.882783
0.883497
0.883497
0.887226
0.887226
0.886205
0.886205
0.886471
0.886471
0.886061
0.886061
0.886659
0.886659
0.888613
0.888613
0.883291
0.883291
0.884442
0.884442
0.886747
0.886747
0.886051
0.886051
0.886147
0.886147
0.886691
0.886691
0.88356
0.88356
0.885179
0.885179
0.886322
0.886322
0.885485
0.885485
0.884048
0.884048
0.886079
0.886079
0.886048
0.886048
0.884755
0.884755
0.884755
0.884755
0.884001
0.884001
0.884048
0.884048
0.884001
0.884001
0.887545
0.887545
0.886901
0.886901
0.886901
0.886901
0.886657
0.886657
0.885832
0.885832
0.886079
0.886079
0.88626
0.88626
0.88626
0.88626
0.88728
0.88728
0.886771
0.886771
0.885832
0.885832
0.88626
0.88626
0.88626
0.88626
0.88626
0.88626
0.886954
0.886954
0.886119
0.886119
0.886421
0.886421
0.886119
0.886119
0.886119
0.886119
0.886048
0.886048
0.886421
0.886421
0.886119
0.886119
0.886119
0.886119
0.886119
0.886119
0.887123
0.887123
0.88626
0.88626
0.887748
0.887748
0.88728
0.88728
0.88626
0.88626
0.887123
0.887123
0.886332
0.886332
0.886119
0.886119
0.886119
0.886119
0.886332
0.886332
0.888319
0.888319
0.887838
0.887838
0.888319
0.888319
0.886989
0.886989
0.886989
0.886989
0.887824
0.887824
0.887578
0.887578
0.887824
0.887824
0.886116
0.886116
0.886116
0.886116
0.887307
0.887307
0.887116
0.887116
0.887307
0.887307
0.885497
0.885497
0.885497
0.885497
0.887197
0.887197
0.886529
0.886529
0.887197
0.887197
0.88552
0.88552
0.88552
0.88552
0.88698
0.88698
0.886379
0.886379
0.88698
0.88698
0.885742
0.885742
0.885742
0.885742
0.886521
0.886521
0.886264
0.886264
0.886521
0.886521
0.885857
0.885857
0.885857
0.885857
0.88617
0.88617
0.886846
0.886846
0.88617
0.88617
0.886166
0.886166
0.886166
0.886166
0.886096
0.886096
0.886579
0.886579
0.886096
0.886096
0.886827
0.886827
0.886827
0.886827
0.885679
0.885679
0.8864
0.8864
0.885679
0.885679
0.88712
0.88712
0.88712
0.88712
0.886001
0.886001
0.886638
0.886638
0.886001
0.886001
0.887995
0.887995
0.887995
0.887995
0.885707
0.885707
0.88643
0.88643
0.885707
0.885707
0.888007
0.888007
0.888007
0.888007
0.884774
0.884774
0.886135
0.886135
0.884774
0.884774
0.887177
0.887177
0.887177
0.887177
0.884511
0.884511
0.886349
0.886349
0.884511
0.884511
0.886755
0.886755
0.886755
0.886755
0.884951
0.884951
0.886495
0.886495
0.884951
0.884951
0.886846
0.886846
0.886846
0.886846
0.885279
0.885279
0.886659
0.886659
0.885279
0.885279
0.886598
0.886598
0.886598
0.886598
