4
2500
0.887771
0.887771
0.886536
0.886536
0.887344
0.887344
0.887172
0.887172
0.886907
0.886907
0.887344
0.887344
0.886536
0.886536
0.886618
0.886618
0.883219
0.883219
0.882987
0.882987
0.886793
0.886793
0.886755
0.886755
0.886793
0.886793
0.882987
0.882987
0.88461
0.88461
0.88693
0.88693
0.888314
0.888314
0.884505
0.884505
0.883219
0.883219
0.886755
0.886755
0.887172
0.887172
0.884505
0.884505
0.888314
0.888314
0.887771
0.887771
0.887344
0.887344
0.885183
0.885183
0.884505
0.884505
0.887172
0.887172
0.882987
0.882987
0.883219
0.883219
0.885931
0.885931
0.885183
0.885183
0.887344
0.887344
0.886907
0.886907
0.882987
0.882987
0.88461
0.88461
0.886618
0.886618
0.886475
0.886475
0.885931
0.885931
0.886907
0.886907
0.885931
0.885931
0.88693
0.88693
0.88461
0.88461
0.886618
0.886618
0.886536
0.886536
0.887302
0.887302
0.886475
0.886475
0.886793
0.886793
0.88693
0.88693
0.888314
0.888314
0.887302
0.887302
0.886536
0.886536
0.887771
0.887771
0.886793
0.886793
0.886755
0.886755
