4
2500
0.887667
0.887667
0.887667
0.887667
0.887667
0.887667
0.887667
0.887667
0.887667
0.887667
0.887667
0.887667
0.887667
0.887667
0.887667
0.887667
0.887667
0.887667
0.887667
0.887667
0.887667
0.887667
0.887667
0.887667
0.887667
0.887667
0.887667
0.887667
0.887667
0.887667
0.887667
0.887667
0.887667
0.887667
0.887667
0.887667
0.887667
0.887667
0.887667
0.887667
0.887667
0.887667
0.887667
0.887667
0.887667
0.887667
0.887667
0.887667
0.887667
0.887667
0.887667
0.887667
0.887667
0.887667
0.887667
0.887667
0.885838
0.885838
0.883837
0.883837
0.885275
0.885275
0.885991
0.885991
0.885838
0.885838
0.883837
0.883837
0.883837
0.883837
0.885838
0.885838
0.885838
0.885838
0.883837
0.883837
0.886591
0.886591
0.885183
0.885183
0.884368
0.884368
0.88495
0.88495
0.886591
0.886591
0.885183
0.885183
0.885183
0.885183
0.886591
0.886591
0.886591
0.886591
0.885183
0.885183
0.887677
0.887677
0.886436
0.886436
0.886865
0.886865
0.888352
0.888352
0.887677
0.887677
0.886436
0.886436
0.886436
0.886436
0.887677
0.887677
0.887677
0.887677
0.886436
0.886436
0.887932
0.887932
0.887302
0.887302
0.88732
0.88732
0.887192
0.887192
0.887932
0.887932
0.887302
0.887302
0.887302
0.887302
0.887932
0.887932
0.887932
0.887932
0.887302
0.887302
0.886044
0.886044
0.886044
0.886044
0.885911
0.885911
0.885911
0.885911
0.885911
0.885911
0.885911
0.885911
0.885911
0.885911
0.885911
0.885911
0.885911
0.885911
0.885911
0.885911
0.886547
0.886547
0.886547
0.886547
0.886559
0.886559
0.886559
0.886559
0.886559
0.886559
0.886559
0.886559
0.886559
0.886559
0.886559
0.886559
0.886559
0.886559
0.886559
0.886559
0.886345
0.886345
0.886345
0.886345
0.886264
0.886264
0.886264
0.886264
0.886264
0.886264
0.886264
0.886264
0.886264
0.886264
0.886264
0.886264
0.886264
0.886264
0.886264
0.886264
0.885992
0.885992
0.885992
0.885992
0.885861
0.885861
0.885861
0.885861
0.885861
0.885861
0.885861
0.885861
0.885861
0.885861
0.885861
0.885861
0.885861
0.885861
0.885861
0.885861
0.886675
0.886675
0.886436
0.886436
0.886865
0.886865
0.886599
0.886599
0.886855
0.886855
0.886436
0.886436
0.886436
0.886436
0.886855
0.886855
0.886689
0.886689
0.886436
0.886436
0.887383
0.887383
0.887302
0.887302
0.88732
0.88732
0.886723
0.886723
0.887493
0.887493
0.887302
0.887302
0.887302
0.887302
0.887493
0.887493
0.887367
0.887367
0.887302
0.887302
0.883568
0.883568
0.883837
0.883837
0.885275
0.885275
0.885348
0.885348
0.88388
0.88388
0.883837
0.883837
0.883837
0.883837
0.88388
0.88388
0.883564
0.883564
0.883837
0.883837
0.885438
0.885438
0.885183
0.885183
0.884368
0.884368
0.884026
0.884026
0.885483
0.885483
0.885183
0.885183
0.885183
0.885183
0.885483
0.885483
0.885541
0.885541
0.885183
0.885183
0.886269
0.886269
0.885963
0.885963
0.886056
0.886056
0.886269
0.886269
0.886359
0.886359
0.886131
0.886131
0.88609
0.88609
0.886324
0.886324
0.885963
0.885963
0.886269
0.886269
0.886451
0.886451
0.886457
0.886457
0.886324
0.886324
0.886324
0.886324
0.886142
0.886142
0.886045
0.886045
0.886269
0.886269
0.886374
0.886374
0.8861
0.8861
0.886324
0.886324
0.885894
0.885894
0.886548
0.886548
0.886894
0.886894
0.885894
0.885894
0.886463
0.886463
0.885521
0.885521
0.885764
0.885764
0.886547
0.886547
0.886543
0.886543
0.885894
0.885894
0.885844
0.885844
0.885801
0.885801
0.886547
0.886547
0.886547
0.886547
0.8866
0.8866
0.88689
0.88689
0.885894
0.885894
0.885849
0.885849
0.885731
0.885731
0.886547
0.886547
0.885857
0.885857
0.886473
0.886473
0.886123
0.886123
0.885857
0.885857
0.886303
0.886303
0.88614
0.88614
0.886041
0.886041
0.886082
0.886082
0.886473
0.886473
0.885857
0.885857
0.885978
0.885978
0.885988
0.885988
0.886082
0.886082
0.886082
0.886082
0.886295
0.886295
0.886098
0.886098
0.885857
0.885857
0.886065
0.886065
0.886045
0.886045
0.886082
0.886082
0.886534
0.886534
0.885842
0.885842
0.88576
0.88576
0.886534
0.886534
0.886242
0.886242
0.886346
0.886346
0.886857
0.886857
0.886107
0.886107
0.885848
0.885848
0.886534
0.886534
0.8865
0.8865
0.886541
0.886541
0.886107
0.886107
0.886107
0.886107
0.886125
0.886125
0.885777
0.885777
0.886534
0.886534
0.886677
0.886677
0.886886
0.886886
0.886107
0.886107
0.885975
0.885975
0.885975
0.885975
0.885975
0.885975
0.885975
0.885975
0.886324
0.886324
0.886269
0.886269
0.886269
0.886269
0.886324
0.886324
0.885975
0.885975
0.885975
0.885975
0.886269
0.886269
0.886324
0.886324
0.885838
0.885838
0.885975
0.885975
0.885975
0.885975
0.885838
0.885838
0.886415
0.886415
0.886269
0.886269
0.886324
0.886324
0.886321
0.886321
0.885701
0.885701
0.885734
0.885734
0.885734
0.885734
0.885701
0.885701
0.886547
0.886547
0.885894
0.885894
0.885894
0.885894
0.886547
0.886547
0.885701
0.885701
0.885701
0.885701
0.885894
0.885894
0.886547
0.886547
0.885903
0.885903
0.885701
0.885701
0.885701
0.885701
0.885903
0.885903
0.886029
0.886029
0.885894
0.885894
0.886547
0.886547
0.886614
0.886614
0.886122
0.886122
0.886122
0.886122
0.886122
0.886122
0.886122
0.886122
0.886082
0.886082
0.885857
0.885857
0.885857
0.885857
0.886082
0.886082
0.886122
0.886122
0.886122
0.886122
0.885857
0.885857
0.886082
0.886082
0.88606
0.88606
0.886122
0.886122
0.886122
0.886122
0.88606
0.88606
0.886208
0.886208
0.885857
0.885857
0.886082
0.886082
0.886205
0.886205
0.886828
0.886828
0.886828
0.886828
0.886828
0.886828
0.886828
0.886828
0.886107
0.886107
0.886534
0.886534
0.886534
0.886534
0.886107
0.886107
0.886861
0.886861
0.886828
0.886828
0.886534
0.886534
0.886107
0.886107
0.886356
0.886356
0.886861
0.886861
0.886828
0.886828
0.886356
0.886356
0.886675
0.886675
0.886534
0.886534
0.886107
0.886107
0.886078
0.886078
0.887746
0.887746
0.887515
0.887515
0.885275
0.885275
0.885788
0.885788
0.883369
0.883369
0.884847
0.884847
0.886552
0.886552
0.88674
0.88674
0.88658
0.88658
0.887426
0.887426
0.886457
0.886457
0.886184
0.886184
0.885101
0.885101
0.88652
0.88652
0.885835
0.885835
0.8864
0.8864
0.886285
0.886285
0.886274
0.886274
0.886552
0.886552
0.886396
0.886396
0.88658
0.88658
0.8866
0.8866
0.887515
0.887515
0.887581
0.887581
0.883369
0.883369
0.88316
0.88316
0.885952
0.885952
0.885952
0.885952
0.886677
0.886677
0.886562
0.886562
0.886077
0.886077
0.886125
0.886125
0.886139
0.886139
0.886139
0.886139
0.886374
0.886374
0.885909
0.885909
0.886286
0.886286
0.886142
0.886142
0.886654
0.886654
0.886654
0.886654
0.885849
0.885849
0.885991
0.885991
0.886554
0.886554
0.8866
0.8866
0.886348
0.886348
0.886348
0.886348
0.886065
0.886065
0.886505
0.886505
0.885909
0.885909
0.886295
0.886295
0.886285
0.886285
0.886356
0.886356
0.886356
0.886356
0.886285
0.886285
0.885753
0.885753
0.885838
0.885838
0.885838
0.885838
0.885753
0.885753
0.886264
0.886264
0.885903
0.885903
0.885903
0.885903
0.886264
0.886264
0.886212
0.886212
0.88606
0.88606
0.88606
0.88606
0.886212
0.886212
0.886078
0.886078
0.886307
0.886307
0.886285
0.886285
0.886675
0.886675
0.886321
0.886321
0.886524
0.886524
0.886071
0.886071
0.886415
0.886415
0.886614
0.886614
0.886096
0.886096
0.886258
0.886258
0.886029
0.886029
0.886205
0.886205
0.886105
0.886105
0.88647
0.88647
0.886208
0.886208
0.885788
0.885788
0.883539
0.883539
0.887478
0.887478
0.887408
0.887408
0.883891
0.883891
0.883905
0.883905
0.883539
0.883539
0.883673
0.883673
0.885499
0.885499
0.887533
0.887533
0.885482
0.885482
0.885515
0.885515
0.886834
0.886834
0.886736
0.886736
0.886604
0.886604
0.887432
0.887432
0.886835
0.886835
0.885507
0.885507
0.886771
0.886771
0.886747
0.886747
0.886457
0.886457
0.886131
0.886131
0.885101
0.885101
0.882943
0.882943
0.885521
0.885521
0.886285
0.886285
0.88673
0.88673
0.886346
0.886346
0.885835
0.885835
0.886437
0.886437
0.88614
0.88614
0.883837
0.883837
0.883837
0.883837
0.883837
0.883837
0.882943
0.882943
0.883837
0.883837
0.883369
0.883369
0.885183
0.885183
0.885183
0.885183
0.885183
0.885183
0.886437
0.886437
0.885183
0.885183
0.886552
0.886552
0.886436
0.886436
0.886436
0.886436
0.886436
0.886436
0.88673
0.88673
0.886436
0.886436
0.88658
0.88658
0.887302
0.887302
0.887302
0.887302
0.887302
0.887302
0.887302
0.887302
0.887515
0.887515
0.885275
0.885275
0.883369
0.883369
0.884368
0.884368
0.886552
0.886552
0.886865
0.886865
0.88658
0.88658
0.88732
0.88732
0.886677
0.886677
0.886675
0.886675
0.886374
0.886374
0.886415
0.886415
0.885849
0.885849
0.886029
0.886029
0.886065
0.886065
0.886208
0.886208
0.886139
0.886139
0.886654
0.886654
0.886348
0.886348
0.885952
0.885952
0.886078
0.886078
0.886184
0.886184
0.886321
0.886321
0.88652
0.88652
0.886614
0.886614
0.8864
0.8864
0.886205
0.886205
0.886274
0.886274
0.886436
0.886436
0.886436
0.886436
0.886436
0.886436
0.88658
0.88658
0.886436
0.886436
0.887302
0.887302
0.887302
0.887302
0.887302
0.887302
0.887515
0.887515
0.887302
0.887302
0.883837
0.883837
0.883837
0.883837
0.883837
0.883837
0.883369
0.883369
0.883837
0.883837
0.885183
0.885183
0.885183
0.885183
0.885183
0.885183
0.886552
0.886552
0.885183
0.885183
0.886865
0.886865
0.88732
0.88732
0.885275
0.885275
0.884368
0.884368
0.887877
0.887877
0.885952
0.885952
0.886457
0.886457
0.886184
0.886184
0.88674
0.88674
0.886552
0.886552
0.886654
0.886654
0.885835
0.885835
0.8864
0.8864
0.887426
0.887426
0.88658
0.88658
0.886348
0.886348
0.886285
0.886285
0.886274
0.886274
0.885275
0.885275
0.884847
0.884847
0.883369
0.883369
0.886139
0.886139
0.885101
0.885101
0.88652
0.88652
0.885991
0.885991
0.885944
0.885944
0.885944
0.885944
0.885944
0.885944
0.885944
0.885944
0.885944
0.885944
0.885944
0.885944
0.887604
0.887604
0.887604
0.887604
0.887604
0.887604
0.887604
0.887604
0.885183
0.885183
0.885183
0.885183
0.885183
0.885183
0.885183
0.885183
0.884838
0.884838
0.884838
0.884838
0.884838
0.884838
0.884838
0.884838
0.886717
0.886717
0.886717
0.886717
0.886717
0.886717
0.886717
0.886717
0.887302
0.887302
0.887302
0.887302
0.887302
0.887302
0.887302
0.887302
0.887657
0.887657
0.887657
0.887657
0.887657
0.887657
0.887657
0.887657
0.886626
0.886626
0.886626
0.886626
0.886626
0.886626
0.886626
0.886626
0.886626
0.886626
0.886626
0.886626
0.886626
0.886626
0.886626
0.886626
