4
2500
0.886073
0.886073
0.886073
0.886073
0.886073
0.886073
0.886073
0.886073
0.886901
0.886901
0.886901
0.886901
0.886901
0.886901
0.886901
0.886901
0.886143
0.886143
0.886143
0.886143
0.886143
0.886143
0.886143
0.886143
0.885183
0.885183
0.885183
0.885183
0.885183
0.885183
0.885183
0.885183
0.885183
0.885183
0.885183
0.885183
0.885183
0.885183
0.885183
0.885183
0.885183
0.885183
0.885183
0.885183
0.885183
0.885183
0.885183
0.885183
0
0
0
0
0
0
0
0
0
0
0
0
0.887302
0.887302
0.887302
0.887302
0.887302
0.887302
0.887302
0.887302
0.887302
0.887302
0.887302
0.887302
0.887302
0.887302
0.887302
0.887302
0.887302
0.887302
0.887302
0.887302
0.887302
0.887302
0.887302
0.887302
0.886143
0.886143
0.886143
0.886143
0.886646
0.886646
0.886594
0.886594
0.884001
0.884001
0.885288
0.885288
0.885317
0.885317
0.884001
0.884001
0.886072
0.886072
0.886072
0.886072
0.886419
0.886419
0.886369
0.886369
0.886143
0.886143
0.886143
0.886143
0.886691
0.886691
0.886594
0.886594
0.886901
0.886901
0.886624
0.886624
0.886592
0.886592
0.886901
0.886901
0.886072
0.886072
0.886072
0.886072
0.886419
0.886419
0.886372
0.886372
0.887302
0.887302
0.887302
0.887302
0.887112
0.887112
0.886938
0.886938
0.887302
0.887302
0.887302
0.887302
0.887093
0.887093
0.887014
0.887014
0.887302
0.887302
0.887302
0.887302
0.887921
0.887921
0.887619
0.887619
0.885183
0.885183
0.885183
0.885183
0.885046
0.885046
0.885012
0.885012
0.885183
0.885183
0.887014
0.887014
0.887093
0.887093
0.885183
0.885183
0.885183
0.885183
0.885183
0.885183
0.885937
0.885937
0.88553
0.88553
0.887921
0.887921
0.888154
0.888154
0.887608
0.887608
0.887572
0.887572
0.886559
0.886559
0.886856
0.886856
0.887921
0.887921
0.887653
0.887653
0.887023
0.887023
0.88706
0.88706
0.88713
0.88713
0.886856
0.886856
0.886501
0.886501
0.886386
0.886386
0.886551
0.886551
0.886551
0.886551
0.88671
0.88671
0.886594
0.886594
0.885755
0.885755
0.885665
0.885665
0.887381
0.887381
0.887381
0.887381
0.885867
0.885867
0.885718
0.885718
0.886098
0.886098
0.886098
0.886098
0.886098
0.886098
0.886042
0.886042
0.886042
0.886042
0.886042
0.886042
0.886914
0.886914
0.886942
0.886942
0.886943
0.886943
0.886914
0.886914
0.886079
0.886079
0.886145
0.886145
0.886141
0.886141
0.886144
0.886144
0.886072
0.886072
0.886072
0.886072
0.886072
0.886072
0.886072
0.886072
0.884001
0.884001
0.883222
0.883222
0.883164
0.883164
0.884001
0.884001
0.886143
0.886143
0.886143
0.886143
0.886143
0.886143
0.886143
0.886143
0.886072
0.886072
0.886072
0.886072
0.886072
0.886072
0.886072
0.886072
0.887404
0.887404
0.887461
0.887461
0.885673
0.885673
0.88565
0.88565
0.885937
0.885937
0.886237
0.886237
0.886326
0.886326
0.886439
0.886439
0.883834
0.883834
0.883833
0.883833
0.884979
0.884979
0.885349
0.885349
0.884994
0.884994
0.884929
0.884929
0.885937
0.885937
0.886237
0.886237
0.886289
0.886289
0.885555
0.885555
0.887041
0.887041
0.887045
0.887045
0.885093
0.885093
0.884929
0.884929
0.886901
0.886901
0.886901
0.886901
0.886901
0.886901
0.886901
0.886901
0.887302
0.887302
0.887302
0.887302
0.887302
0.887302
0.887302
0.887302
0.884001
0.884001
0.884839
0.884839
0.884864
0.884864
0.884001
0.884001
0.886901
0.886901
0.886462
0.886462
0.886489
0.886489
0.886901
0.886901
0.887076
0.887076
0.887089
0.887089
0.886002
0.886002
0.885992
0.885992
0.886864
0.886864
0.886799
0.886799
0.887129
0.887129
0.887124
0.887124
0.886506
0.886506
0.886464
0.886464
0.88763
0.88763
0.887677
0.887677
0.886912
0.886912
0.886937
0.886937
0.886947
0.886947
0.886915
0.886915
0.884001
0.884001
0.883512
0.883512
0.883521
0.883521
0.884001
0.884001
0.88766
0.88766
0.887591
0.887591
0.882984
0.882984
0.883032
0.883032
0.886032
0.886032
0.886063
0.886063
