4
2500
0.886116
0.886116
0.885836
0.885836
0.886411
0.886411
0.885872
0.885872
0.886458
0.886458
0.8863
0.8863
0.885886
0.885886
0.886116
0.886116
0.885872
0.885872
0.885902
0.885902
0.88589
0.88589
0.885881
0.885881
0.88588
0.88588
0.886116
0.886116
0.88589
0.88589
0.885899
0.885899
0.885911
0.885911
0.885928
0.885928
0.885868
0.885868
0.886116
0.886116
0.885911
0.885911
0.885841
0.885841
0.885855
0.885855
0.885904
0.885904
0.885895
0.885895
0.886116
0.886116
0.885855
0.885855
0.88585
0.88585
0.885896
0.885896
0.885899
0.885899
0.885841
0.885841
0.886116
0.886116
0.885896
0.885896
0.885856
0.885856
0.885895
0.885895
0.885917
0.885917
0.885909
0.885909
0.886116
0.886116
0.885895
0.885895
0.885853
0.885853
0.885847
0.885847
0.885893
0.885893
0.885876
0.885876
0.886116
0.886116
0.885847
0.885847
0.885864
0.885864
0.885915
0.885915
0.885894
0.885894
0.885864
0.885864
0.886116
0.886116
0.885915
0.885915
0.885871
0.885871
0.885873
0.885873
0.8859
0.8859
0.88589
0.88589
0.886116
0.886116
0.885873
0.885873
0.885876
0.885876
0.885861
0.885861
0.885825
0.885825
0.885858
0.885858
0.886116
0.886116
0.885861
0.885861
0.885901
0.885901
0.88588
0.88588
0.885874
0.885874
0.885904
0.885904
0.886116
0.886116
0.88588
0.88588
0.885926
0.885926
0.885934
0.885934
0.885881
0.885881
0.885905
0.885905
0.886116
0.886116
0.885934
0.885934
0.885946
0.885946
0.885907
0.885907
0.885921
0.885921
0.885909
0.885909
0.886116
0.886116
0.885907
0.885907
0.88593
0.88593
0.885978
0.885978
0.88589
0.88589
0.885948
0.885948
0.886116
0.886116
0.885978
0.885978
0.885949
0.885949
0.885964
0.885964
0.885964
0.885964
0.885983
0.885983
0.886116
0.886116
0.885964
0.885964
0.88644
0.88644
0.886013
0.886013
0.886269
0.886269
0.886504
0.886504
0.886346
0.886346
0.886136
0.886136
0.886142
0.886142
0.885978
0.885978
0.885872
0.885872
0.885875
0.885875
0.885879
0.885879
0.885863
0.885863
0.885931
0.885931
0.885867
0.885867
0.885888
0.885888
0.885908
0.885908
0.885958
0.885958
0.885896
0.885896
0.885941
0.885941
0.885928
0.885928
0.885955
0.885955
0.885962
0.885962
0.885881
0.885881
0.885914
0.885914
0.885955
0.885955
0.885939
0.885939
0.885907
0.885907
0.885925
0.885925
0.88597
0.88597
0.885943
0.885943
0.885957
0.885957
0.885933
0.885933
0.885893
0.885893
0.885895
0.885895
0.885949
0.885949
0.88595
0.88595
0.885919
0.885919
0.885936
0.885936
0.885867
0.885867
0.885963
0.885963
0.885922
0.885922
0.885914
0.885914
0.885909
0.885909
0.885893
0.885893
0.885945
0.885945
0.88591
0.88591
0.885882
0.885882
0.885915
0.885915
0.885869
0.885869
0.885912
0.885912
0.885851
0.885851
0.885932
0.885932
0.885892
0.885892
0.885849
0.885849
0.88584
0.88584
0.885867
0.885867
0.885913
0.885913
0.88591
0.88591
0.885935
0.885935
0.885892
0.885892
0.885866
0.885866
0.885941
0.885941
0.885901
0.885901
0.885917
0.885917
0.885947
0.885947
0.885931
0.885931
0.886174
0.886174
0.886183
0.886183
0.886208
0.886208
0.886343
0.886343
0.886331
0.886331
0.88598
0.88598
0.886312
0.886312
0.885872
0.885872
0.885912
0.885912
0.885888
0.885888
0.885952
0.885952
0.885919
0.885919
0.885956
0.885956
0.885938
0.885938
0.885934
0.885934
0.885993
0.885993
0.885999
0.885999
0.885958
0.885958
0.886013
0.886013
0.885991
0.885991
0.886024
0.886024
0.885995
0.885995
0.886012
0.886012
0.886036
0.886036
0.886081
0.886081
0.885959
0.885959
0.886011
0.886011
0.886083
0.886083
0.886034
0.886034
0.885991
0.885991
0.885984
0.885984
0.886081
0.886081
0.886046
0.886046
0.886003
0.886003
0.885951
0.885951
0.885958
0.885958
0.886008
0.886008
0.886012
0.886012
0.885998
0.885998
0.885999
0.885999
0.886019
0.886019
0.885987
0.885987
0.885987
0.885987
0.886052
0.886052
0.886022
0.886022
0.886004
0.886004
0.885955
0.885955
0.886024
0.886024
0.886046
0.886046
0.885999
0.885999
0.885963
0.885963
0.886023
0.886023
0.885948
0.885948
0.885954
0.885954
0.885912
0.885912
0.885906
0.885906
0.885993
0.885993
0.885898
0.885898
0.8859
0.8859
0.885981
0.885981
0.886
0.886
0.885951
0.885951
0.885996
0.885996
0.886065
0.886065
0.886004
0.886004
0.885983
0.885983
0.886114
0.886114
0.886153
0.886153
0.886422
0.886422
0.886264
0.886264
0.88616
0.88616
0.885924
0.885924
0.886144
0.886144
0.886033
0.886033
0.886001
0.886001
0.885949
0.885949
0.88603
0.88603
0.886048
0.886048
0.885999
0.885999
0.885951
0.885951
0.885983
0.885983
0.88601
0.88601
0.88606
0.88606
0.886006
0.886006
0.886034
0.886034
0.886079
0.886079
0.886119
0.886119
0.886081
0.886081
0.8861
0.8861
0.886092
0.886092
0.886108
0.886108
0.886089
0.886089
0.886143
0.886143
0.8861
0.8861
0.886136
0.886136
0.886043
0.886043
0.886069
0.886069
0.886131
0.886131
0.886066
0.886066
0.886044
0.886044
0.885967
0.885967
0.886094
0.886094
0.886034
0.886034
0.885925
0.885925
0.886
0.886
0.886
0.886
0.885974
0.885974
0.886001
0.886001
0.885961
0.885961
0.885983
0.885983
0.886022
0.886022
0.885967
0.885967
0.886015
0.886015
0.886016
0.886016
0.886023
0.886023
0.886086
0.886086
0.886043
0.886043
0.886075
0.886075
0.886025
0.886025
0.886033
0.886033
0.885943
0.885943
0.885993
0.885993
0.88596
0.88596
0.885965
0.885965
0.885963
0.885963
0.885988
0.885988
0.886021
0.886021
0.88609
0.88609
0.886107
0.886107
0.88614
0.88614
0.886113
0.886113
0.886133
0.886133
0.886117
0.886117
0.886124
0.886124
0.886357
0.886357
0.88644
0.88644
0.886111
0.886111
0.886037
0.886037
0.886068
0.886068
0.886115
0.886115
0.886189
0.886189
0.886019
0.886019
0.886037
0.886037
0.886164
0.886164
0.886165
0.886165
0.886026
0.886026
0.886107
0.886107
0.886139
0.886139
0.886207
0.886207
0.886104
0.886104
0.886133
0.886133
0.886194
0.886194
0.886142
0.886142
0.886252
0.886252
0.886187
0.886187
0.886097
0.886097
0.886099
0.886099
0.88612
0.88612
0.886112
0.886112
0.886052
0.886052
0.886061
0.886061
0.8861
0.8861
0.886096
0.886096
0.886028
0.886028
0.886049
0.886049
0.886088
0.886088
0.886086
0.886086
0.886084
0.886084
0.886121
0.886121
0.886096
0.886096
0.886083
0.886083
0.886042
0.886042
0.886105
0.886105
0.886118
0.886118
0.886032
0.886032
0.886097
0.886097
0.886001
0.886001
0.886044
0.886044
0.886035
0.886035
0.886066
0.886066
0.886049
0.886049
0.886042
0.886042
0.886133
0.886133
0.886098
0.886098
0.886153
0.886153
0.88606
0.88606
0.885988
0.885988
0.886069
0.886069
0.88605
0.88605
0.885986
0.885986
0.885976
0.885976
0.886006
0.886006
0.886007
0.886007
0.885989
0.885989
0.88607
0.88607
0.886033
0.886033
0.886195
0.886195
0.886149
0.886149
0.886125
0.886125
0.886106
0.886106
0.88607
0.88607
0.886296
0.886296
0.886084
0.886084
0.886107
0.886107
0.88601
0.88601
0.886148
0.886148
0.886117
0.886117
0.886106
0.886106
0.886184
0.886184
0.886161
0.886161
0.886243
0.886243
0.886235
0.886235
0.886296
0.886296
0.886214
0.886214
0.886106
0.886106
0.886266
0.886266
0.886125
0.886125
0.886139
0.886139
0.886185
0.886185
0.886081
0.886081
0.886099
0.886099
0.886272
0.886272
0.886285
0.886285
0.886152
0.886152
0.886131
0.886131
0.886396
0.886396
0.886378
0.886378
0.886214
0.886214
0.886213
0.886213
0.886368
0.886368
0.886345
0.886345
0.886209
0.886209
0.886136
0.886136
0.88638
0.88638
0.886366
0.886366
0.886145
0.886145
0.886143
0.886143
0.886474
0.886474
0.886452
0.886452
0.886222
0.886222
0.886201
0.886201
0.886388
0.886388
0.886355
0.886355
0.886205
0.886205
0.88617
0.88617
0.886246
0.886246
0.886214
0.886214
0.886194
0.886194
0.886136
0.886136
0.886368
0.886368
0.886312
0.886312
0.886195
0.886195
0.886194
0.886194
0.886245
0.886245
0.886251
0.886251
0.886044
0.886044
0.886092
0.886092
0.886221
0.886221
0.886286
0.886286
0.886139
0.886139
0.886109
0.886109
0.886222
0.886222
0.886261
0.886261
0.886179
0.886179
0.886225
0.886225
0.886365
0.886365
0.886269
0.886269
0.886176
0.886176
0.886107
0.886107
0.886222
0.886222
0.886006
0.886006
0.886192
0.886192
0.886794
0.886794
0.886095
0.886095
0.88599
0.88599
0.886497
0.886497
0.886411
0.886411
0.885932
0.885932
0.885992
0.885992
0.886546
0.886546
0.886871
0.886871
0.886125
0.886125
0.886212
0.886212
0.886902
0.886902
0.886662
0.886662
0.886411
0.886411
0.886547
0.886547
0.886529
0.886529
0.88678
0.88678
0.886565
0.886565
0.886707
0.886707
0.886637
0.886637
0.886636
0.886636
0.886767
0.886767
0.886785
0.886785
0.886634
0.886634
0.886721
0.886721
0.886877
0.886877
0.886864
0.886864
0.886608
0.886608
0.886752
0.886752
0.886912
0.886912
0.886871
0.886871
0.886877
0.886877
0.886565
0.886565
0.886855
0.886855
0.886872
0.886872
0.886499
0.886499
0.886875
0.886875
0.886859
0.886859
0.886814
0.886814
0.887053
0.887053
0.88703
0.88703
0.886899
0.886899
0.886774
0.886774
0.886719
0.886719
0.886642
0.886642
0.886726
0.886726
0.886621
0.886621
0.886907
0.886907
0.886825
0.886825
0.886498
0.886498
0.886503
0.886503
0.886558
0.886558
0.886367
0.886367
0.886279
0.886279
0.886406
0.886406
0.886301
0.886301
0.88654
0.88654
0.886282
0.886282
0.886291
0.886291
0.886408
0.886408
0.886466
0.886466
0.886251
0.886251
0.885604
0.885604
0.885604
0.885604
0.886548
0.886548
0.886687
0.886687
0.88713
0.88713
0.886504
0.886504
0.886938
0.886938
0.887185
0.887185
0.887376
0.887376
0.886933
0.886933
0.887285
0.887285
0.88787
0.88787
0.888157
0.888157
0.887651
0.887651
0.887237
0.887237
0.888166
0.888166
0.888555
0.888555
0.886794
0.886794
0.8866
0.8866
0.888593
0.888593
0.888415
0.888415
0.88636
0.88636
0.886203
0.886203
0.888516
0.888516
0.888397
0.888397
0.886073
0.886073
0.886192
0.886192
0.888145
0.888145
0.887942
0.887942
0.886455
0.886455
0.886502
0.886502
0.887677
0.887677
0.887674
0.887674
0.886674
0.886674
0.886597
0.886597
0.887554
0.887554
0.887537
0.887537
0.886425
0.886425
0.886354
0.886354
0.887378
0.887378
0.887241
0.887241
0.886382
0.886382
0.886453
0.886453
0.887385
0.887385
0.887772
0.887772
0.886187
0.886187
0.886143
0.886143
0.888033
0.888033
0.887988
0.887988
0.886423
0.886423
0.886206
0.886206
0.888189
0.888189
0.888349
0.888349
0.886286
0.886286
0.886201
0.886201
0.887953
0.887953
0.888201
0.888201
0.886196
0.886196
0.886325
0.886325
0.887747
0.887747
0.887575
0.887575
0.887364
0.887364
0.887126
0.887126
0.887777
0.887777
0.888105
0.888105
0.887223
0.887223
0.886181
0.886181
0.886469
0.886469
0.886559
0.886559
0.886644
0.886644
0.886707
0.886707
0.886612
0.886612
0.886929
0.886929
0.886847
0.886847
0.887258
0.887258
0.88721
0.88721
0.887523
0.887523
0.887344
0.887344
0.887609
0.887609
0.887747
0.887747
0.887908
0.887908
0.887739
0.887739
0.887828
0.887828
0.88811
0.88811
0.888095
0.888095
0.887846
0.887846
0.887848
0.887848
0.88809
0.88809
0.888192
0.888192
0.887764
0.887764
0.887794
0.887794
0.88827
0.88827
0.888342
0.888342
0.887818
0.887818
0.887871
0.887871
0.888492
0.888492
0.888578
0.888578
0.887859
0.887859
0.887789
0.887789
0.888615
0.888615
0.888662
0.888662
0.887875
0.887875
0.887908
0.887908
0.888619
0.888619
0.888606
0.888606
0.888032
0.888032
0.888165
0.888165
0.888542
0.888542
0.888434
0.888434
0.888234
0.888234
0.888177
0.888177
0.88845
0.88845
0.888392
0.888392
0.887961
0.887961
0.887777
0.887777
0.888184
0.888184
0.887888
0.887888
0.88767
0.88767
0.887556
0.887556
0.887936
0.887936
0.88796
0.88796
0.887503
0.887503
0.887388
0.887388
0.887882
0.887882
0.887696
0.887696
0.887356
0.887356
0.887313
0.887313
0.887506
0.887506
0.887644
0.887644
0.887233
0.887233
0.887034
0.887034
0.887372
0.887372
0.886334
0.886334
0.88656
0.88656
0.886128
0.886128
0.886559
0.886559
0.886723
0.886723
0.886656
0.886656
0.886668
0.886668
0.886728
0.886728
0.886781
0.886781
0.88694
0.88694
0.887175
0.887175
0.886951
0.886951
0.887249
0.887249
0.887432
0.887432
0.88749
0.88749
0.887253
0.887253
0.887425
0.887425
0.88755
0.88755
0.887636
0.887636
0.887483
0.887483
0.887517
0.887517
0.887646
0.887646
0.887694
0.887694
0.887579
0.887579
0.887601
0.887601
0.887701
0.887701
0.887726
0.887726
0.887622
0.887622
0.887678
0.887678
0.887701
0.887701
0.887741
0.887741
0.887658
0.887658
0.887716
0.887716
0.887738
0.887738
0.887775
0.887775
0.887709
0.887709
0.88777
0.88777
0.887833
0.887833
0.887873
0.887873
0.88773
0.88773
0.887709
0.887709
0.887786
0.887786
0.88779
0.88779
0.887601
0.887601
0.887546
0.887546
0.887699
0.887699
0.887673
0.887673
0.887506
0.887506
0.887436
0.887436
0.887691
0.887691
0.887569
0.887569
0.887413
0.887413
0.88735
0.88735
0.887468
0.887468
0.887374
0.887374
0.887264
0.887264
0.887251
0.887251
0.887293
0.887293
0.887177
0.887177
0.887213
0.887213
0.887138
0.887138
0.887173
0.887173
0.887099
0.887099
0.887003
0.887003
0.886747
0.886747
0.886873
0.886873
0.886081
0.886081
0.886608
0.886608
0.886125
0.886125
0.886612
0.886612
0.886822
0.886822
0.886719
0.886719
0.886757
0.886757
0.88674
0.88674
0.886774
0.886774
0.886808
0.886808
0.886877
0.886877
0.886835
0.886835
0.886969
0.886969
0.887061
0.887061
0.88714
0.88714
0.886983
0.886983
0.887092
0.887092
0.887252
0.887252
0.887367
0.887367
0.887211
0.887211
0.887287
0.887287
0.887416
0.887416
0.887535
0.887535
0.887402
0.887402
0.887518
0.887518
0.887566
0.887566
0.887643
0.887643
0.887549
0.887549
0.887596
0.887596
0.887664
0.887664
0.887692
0.887692
0.8876
0.8876
0.887573
0.887573
0.887646
0.887646
0.887673
0.887673
0.887552
0.887552
0.887572
0.887572
0.887695
0.887695
0.887706
0.887706
0.887498
0.887498
0.887523
0.887523
0.88762
0.88762
0.887513
0.887513
0.887466
0.887466
0.887411
0.887411
0.887481
0.887481
0.887388
0.887388
0.887391
0.887391
0.887323
0.887323
0.887427
0.887427
0.887342
0.887342
0.887331
0.887331
0.88732
0.88732
0.887306
0.887306
0.887294
0.887294
0.887249
0.887249
0.887093
0.887093
0.887223
0.887223
0.887172
0.887172
0.887004
0.887004
0.88696
0.88696
0.887002
0.887002
0.886863
0.886863
0.886847
0.886847
0.886558
0.886558
0.886595
0.886595
0.885957
0.885957
0.886662
0.886662
0.885881
0.885881
0.886535
0.886535
0.886807
0.886807
0.886809
0.886809
0.886776
0.886776
0.886834
0.886834
0.886863
0.886863
0.886883
0.886883
0.886904
0.886904
0.886911
0.886911
0.886935
0.886935
0.886964
0.886964
0.887023
0.887023
0.887017
0.887017
0.887076
0.887076
0.887115
0.887115
0.887115
0.887115
0.887152
0.887152
0.887117
0.887117
0.887173
0.887173
0.887292
0.887292
0.887167
0.887167
0.887237
0.887237
0.887347
0.887347
0.887411
0.887411
0.88725
0.88725
0.887273
0.887273
0.887442
0.887442
0.887468
0.887468
0.887365
0.887365
0.88733
0.88733
0.88749
0.88749
0.88752
0.88752
0.887361
0.887361
0.887353
0.887353
0.887458
0.887458
0.887466
0.887466
0.887327
0.887327
0.887301
0.887301
0.887383
0.887383
0.887355
0.887355
0.887287
0.887287
0.887219
0.887219
0.887336
0.887336
0.887291
0.887291
0.887231
0.887231
0.887218
0.887218
0.887281
0.887281
0.887275
0.887275
0.88715
0.88715
0.887136
0.887136
0.887196
0.887196
0.887081
0.887081
0.887008
0.887008
0.886918
0.886918
0.886992
0.886992
0.886915
0.886915
0.886881
0.886881
0.886789
0.886789
0.886873
0.886873
0.886773
0.886773
0.886624
0.886624
0.886073
0.886073
0.886269
0.886269
0.885889
0.885889
0.886478
0.886478
0.885806
0.885806
0.886358
0.886358
0.886725
0.886725
0.886767
0.886767
0.886764
0.886764
0.886778
0.886778
0.886786
0.886786
0.886843
0.886843
0.886808
0.886808
0.886789
0.886789
0.886822
0.886822
0.886921
0.886921
0.88697
0.88697
0.886882
0.886882
0.886871
0.886871
0.886998
0.886998
0.886979
0.886979
0.886929
0.886929
0.886993
0.886993
0.887016
0.887016
0.887076
0.887076
0.887012
0.887012
0.887001
0.887001
0.887122
0.887122
0.887152
0.887152
0.886998
0.886998
0.887048
0.887048
0.887172
0.887172
0.887252
0.887252
0.886989
0.886989
0.887074
0.887074
0.887273
0.887273
0.887262
0.887262
0.887057
0.887057
0.887007
0.887007
0.887268
0.887268
0.887242
0.887242
0.887027
0.887027
0.887015
0.887015
0.887192
0.887192
0.887205
0.887205
0.887022
0.887022
0.886992
0.886992
0.887129
0.887129
0.887099
0.887099
0.886918
0.886918
0.886935
0.886935
0.887074
0.887074
0.887017
0.887017
0.886912
0.886912
0.88682
0.88682
0.886936
0.886936
0.886874
0.886874
0.886759
0.886759
0.886739
0.886739
0.886861
0.886861
0.886743
0.886743
0.886732
0.886732
0.886683
0.886683
0.886734
0.886734
0.88658
0.88658
0.886544
0.886544
0.885972
0.885972
0.886099
0.886099
0.885938
0.885938
0.886343
0.886343
0.885722
0.885722
0.886362
0.886362
0.886645
0.886645
0.886669
0.886669
0.8867
0.8867
0.886715
0.886715
0.886721
0.886721
0.886723
0.886723
0.886771
0.886771
0.886769
0.886769
0.886752
0.886752
0.886792
0.886792
0.886775
0.886775
0.886748
0.886748
0.886747
0.886747
0.886761
0.886761
0.886812
0.886812
0.886788
0.886788
0.886817
0.886817
0.88683
0.88683
0.886895
0.886895
0.886767
0.886767
0.88682
0.88682
0.886925
0.886925
0.886896
0.886896
0.88682
0.88682
0.886809
0.886809
0.886878
0.886878
0.886899
0.886899
0.886802
0.886802
0.886834
0.886834
0.886882
0.886882
0.886876
0.886876
0.886789
0.886789
0.886778
0.886778
0.88692
0.88692
0.886925
0.886925
0.886778
0.886778
0.886756
0.886756
0.886859
0.886859
0.886904
0.886904
0.886778
0.886778
0.88673
0.88673
0.886826
0.886826
0.886795
0.886795
0.886778
0.886778
0.88672
0.88672
0.886813
0.886813
0.886805
0.886805
0.886709
0.886709
0.88669
0.88669
0.886718
0.886718
0.886765
0.886765
0.886692
0.886692
0.886635
0.886635
0.886695
0.886695
0.886676
0.886676
0.886622
0.886622
0.886558
0.886558
0.886644
0.886644
0.886496
0.886496
0.886423
0.886423
0.885839
0.885839
0.88604
0.88604
0.885858
0.885858
0.886595
0.886595
0.88616
0.88616
0.885772
0.885772
0.885858
0.885858
0.886586
0.886586
0.886664
0.886664
0.886595
0.886595
0.885858
0.885858
0.886598
0.886598
0.886673
0.886673
0.886586
0.886586
0.885858
0.885858
0.886625
0.886625
0.886747
0.886747
0.886598
0.886598
0.885858
0.885858
0.88666
0.88666
0.886748
0.886748
0.886625
0.886625
0.885858
0.885858
0.886719
0.886719
0.886726
0.886726
0.88666
0.88666
0.885858
0.885858
0.886679
0.886679
0.886765
0.886765
0.886719
0.886719
0.885858
0.885858
0.886724
0.886724
0.886749
0.886749
0.886679
0.886679
0.885858
0.885858
0.886742
0.886742
0.886742
0.886742
0.886724
0.886724
0.885858
0.885858
0.886671
0.886671
0.886739
0.886739
0.886742
0.886742
0.885858
0.885858
0.886682
0.886682
0.886765
0.886765
0.886671
0.886671
0.885858
0.885858
0.886648
0.886648
0.886674
0.886674
0.886682
0.886682
0.885858
0.885858
0.886617
0.886617
0.886645
0.886645
0.886648
0.886648
0.885858
0.885858
0.886599
0.886599
0.886644
0.886644
0.886617
0.886617
0.885858
0.885858
0.886613
0.886613
0.886631
0.886631
0.886599
0.886599
0.885858
0.885858
0.885765
0.885765
0.886278
0.886278
0.886613
0.886613
0.883848
0.883848
0.883848
0.883848
0.883848
0.883848
0.883848
0.883848
0.883848
0.883848
0.883848
0.883848
0.883848
0.883848
0.883848
0.883848
0.883848
0.883848
0.883848
0.883848
0.883848
0.883848
0.883848
0.883848
0.883848
0.883848
0.883848
0.883848
0.883848
0.883848
0.883848
0.883848
0.883848
0.883848
0.883848
0.883848
0.883848
0.883848
0.883848
0.883848
0.883848
0.883848
0.883848
0.883848
0.883848
0.883848
0.883848
0.883848
0.883848
0.883848
0.883848
0.883848
0.883848
0.883848
0.883848
0.883848
0.883848
0.883848
0.883848
0.883848
0.883848
0.883848
0.883848
0.883848
0.883848
0.883848
0.883848
0.883848
0.883848
0.883848
0.883848
0.883848
0.883848
0.883848
0.883848
0.883848
0.883848
0.883848
0.883848
0.883848
0.883848
0.883848
0.883848
0.883848
0.883848
0.883848
0.883848
0.883848
0.883848
0.883848
0.883848
0.883848
0.883848
0.883848
0.883848
0.883848
0.883848
0.883848
0.883848
0.883848
0.883848
0.883848
0.883848
0.883848
0.883848
0.883848
0.883848
0.883848
0.883848
0.883848
0.883848
0.883848
0.883848
0.883848
0.883848
0.883848
0.883848
0.883848
0.883848
0.883848
0.883848
0.883848
0.883848
0.883848
0.883848
0.883848
0.883848
0.883848
0.883848
0.883848
0.883848
0.883848
0.883848
0.883848
0.883848
0.883848
0.883848
0.883848
0.883848
0.883848
0.883848
0.883848
0.883848
0.883848
0.883848
0.883848
0.883848
0.883848
0.883848
0.883848
0.883848
0.883848
0.883848
0.883848
0.883848
0.883848
0.883848
0.883848
0.883848
0.883848
0.883848
0.883848
0.883848
0.883848
0.883848
0.883848
0.883848
0.883848
0.883848
0.883848
0.883848
0.883848
0.883848
0.883848
0.885334
0.885334
0.884885
0.884885
0.884251
0.884251
0.885216
0.885216
0.885363
0.885363
0.884944
0.884944
0.884993
0.884993
0.884643
0.884643
0.884749
0.884749
0.884334
0.884334
0.884638
0.884638
0.883927
0.883927
0.883968
0.883968
0.883978
0.883978
0.88385
0.88385
0.883929
0.883929
0.883773
0.883773
0.885765
0.885765
0.884362
0.884362
0.884054
0.884054
0.884619
0.884619
0.884567
0.884567
0.885063
0.885063
0.884952
0.884952
0.885293
0.885293
0.88511
0.88511
0.885477
0.885477
0.885411
0.885411
0.8865
0.8865
0.885706
0.885706
0.886693
0.886693
0.887143
0.887143
0.883131
0.883131
0.88491
0.88491
0.885175
0.885175
0.884965
0.884965
0.884992
0.884992
0.884888
0.884888
0.884741
0.884741
0.884812
0.884812
0.884763
0.884763
0.884781
0.884781
0.884704
0.884704
0.884754
0.884754
0.884352
0.884352
0.884005
0.884005
0.884058
0.884058
0.884381
0.884381
0.884011
0.884011
0.886013
0.886013
0.884008
0.884008
0.884424
0.884424
0.884917
0.884917
0.884835
0.884835
0.88515
0.88515
0.885539
0.885539
0.885708
0.885708
0.885784
0.885784
0.886056
0.886056
0.886116
0.886116
0.886217
0.886217
0.886668
0.886668
