4
2500
0.886143
0.886143
0.886143
0.886143
0.886143
0.886143
0.886143
0.886143
0.886143
0.886143
0.886143
0.886143
0.886143
0.886143
0.886143
0.886143
0.886143
0.886143
0.886143
0.886143
0.886143
0.886143
0.886143
0.886143
0.886143
0.886143
0.886143
0.886143
0.886143
0.886143
0.886143
0.886143
0.886081
0.886081
0.886081
0.886081
0.886081
0.886081
0.886081
0.886081
0.886081
0.886081
0.886081
0.886081
0.886081
0.886081
0.886081
0.886081
0.886081
0.886081
0.886081
0.886081
0.886081
0.886081
0.886081
0.886081
0.886081
0.886081
0.886081
0.886081
0.886081
0.886081
0.886081
0.886081
