4
2500
0.88769
0.88769
0.88769
0.88769
0.88769
0.88769
0.88769
0.88769
0.88769
0.88769
0.88769
0.88769
0.88769
0.88769
0.88769
0.88769
0.88769
0.88769
0.88769
0.88769
0.88769
0.88769
0.88769
0.88769
0.88769
0.88769
0.88769
0.88769
0.88769
0.88769
0.88769
0.88769
0.88769
0.88769
0.88769
0.88769
0.88769
0.88769
0.88769
0.88769
0.88769
0.88769
0.88769
0.88769
0.88769
0.88769
0.88769
0.88769
0.88769
0.88769
0.88769
0.88769
0.88769
0.88769
0.88769
0.88769
0.885957
0.885957
0.883834
0.883834
0.885415
0.885415
0.88594
0.88594
0.885957
0.885957
0.883834
0.883834
0.883834
0.883834
0.885957
0.885957
0.885957
0.885957
0.883834
0.883834
0.886561
0.886561
0.885156
0.885156
0.883799
0.883799
0.885064
0.885064
0.886561
0.886561
0.885156
0.885156
0.885156
0.885156
0.886561
0.886561
0.886561
0.886561
0.885156
0.885156
0.887576
0.887576
0.886355
0.886355
0.886938
0.886938
0.888301
0.888301
0.887576
0.887576
0.886355
0.886355
0.886355
0.886355
0.887576
0.887576
0.887576
0.887576
0.886355
0.886355
0.887886
0.887886
0.887261
0.887261
0.886708
0.886708
0.886758
0.886758
0.887886
0.887886
0.887261
0.887261
0.887261
0.887261
0.887886
0.887886
0.887886
0.887886
0.887261
0.887261
0.886234
0.886234
0.886234
0.886234
0.886234
0.886234
0.886234
0.886234
0.886234
0.886234
0.886234
0.886234
0.886234
0.886234
0.886234
0.886234
0.886234
0.886234
0.886234
0.886234
0.886234
0.886234
0.886234
0.886234
0.886234
0.886234
0.886234
0.886234
0.886234
0.886234
0.886234
0.886234
0.886234
0.886234
0.886234
0.886234
0.886234
0.886234
0.886234
0.886234
0.886234
0.886234
0.886234
0.886234
0.886234
0.886234
0.886234
0.886234
0.886234
0.886234
0.886234
0.886234
0.886234
0.886234
0.886234
0.886234
0.886234
0.886234
0.886234
0.886234
0.886234
0.886234
0.886234
0.886234
0.886234
0.886234
0.886234
0.886234
0.886234
0.886234
0.886234
0.886234
0.886234
0.886234
0.886234
0.886234
0.886234
0.886234
0.886234
0.886234
0.886734
0.886734
0.886355
0.886355
0.886938
0.886938
0.886734
0.886734
0.886928
0.886928
0.886355
0.886355
0.886355
0.886355
0.886928
0.886928
0.886751
0.886751
0.886355
0.886355
0.8872
0.8872
0.887261
0.887261
0.886708
0.886708
0.887005
0.887005
0.887226
0.887226
0.887261
0.887261
0.887261
0.887261
0.887226
0.887226
0.887277
0.887277
0.887261
0.887261
0.883635
0.883635
0.883834
0.883834
0.885415
0.885415
0.885546
0.885546
0.883909
0.883909
0.883834
0.883834
0.883834
0.883834
0.883909
0.883909
0.883623
0.883623
0.883834
0.883834
0.884893
0.884893
0.885156
0.885156
0.883799
0.883799
0.883936
0.883936
0.885303
0.885303
0.885156
0.885156
0.885156
0.885156
0.885303
0.885303
0.885004
0.885004
0.885156
0.885156
0.886173
0.886173
0.886122
0.886122
0.886112
0.886112
0.885615
0.885615
0.886173
0.886173
0.886118
0.886118
0.886105
0.886105
0.886015
0.886015
0.88613
0.88613
0.886234
0.886234
0.885652
0.885652
0.88633
0.88633
0.886573
0.886573
0.885313
0.885313
0.885392
0.885392
0.886386
0.886386
0.88568
0.88568
0.885662
0.885662
0.886644
0.886644
0.886613
0.886613
0.886234
0.886234
0.88541
0.88541
0.88609
0.88609
0.885622
0.885622
0.886056
0.886056
0.886132
0.886132
0.88609
0.88609
0.886221
0.886221
0.886246
0.886246
0.885916
0.885916
0.885622
0.885622
0.886234
0.886234
0.886103
0.886103
0.885725
0.885725
0.885397
0.885397
0.88623
0.88623
0.886583
0.886583
0.885662
0.885662
0.88637
0.88637
0.886378
0.886378
0.885919
0.885919
0.885402
0.885402
0.886234
0.886234
0.886596
0.886596
0.886234
0.886234
0.886234
0.886234
0.886234
0.886234
0.886234
0.886234
0.887567
0.887567
0.887464
0.887464
0.885415
0.885415
0.885819
0.885819
0.883408
0.883408
0.885177
0.885177
0.888301
0.888301
0.886938
0.886938
0.886483
0.886483
0.886998
0.886998
0.886542
0.886542
0.887324
0.887324
0.886246
0.886246
0.885184
0.885184
0.886029
0.886029
0.886107
0.886107
0.886734
0.886734
0.886938
0.886938
0.886483
0.886483
0.886213
0.886213
0.887005
0.887005
0.886708
0.886708
0.886542
0.886542
0.886977
0.886977
0.885546
0.885546
0.885415
0.885415
0.887464
0.887464
0.887238
0.887238
0.883408
0.883408
0.883217
0.883217
0.886226
0.886226
0.886304
0.886304
0.886531
0.886531
0.885761
0.885761
0.886112
0.886112
0.885819
0.885819
0.883593
0.883593
0.885615
0.885615
0.887281
0.887281
0.887263
0.887263
0.886596
0.886596
0.886378
0.886378
0.883921
0.883921
0.883926
0.883926
0.883926
0.883926
0.883601
0.883601
0.885652
0.885652
0.886105
0.886105
0.885313
0.885313
0.883466
0.883466
0.884931
0.884931
0.885392
0.885392
0.887291
0.887291
0.887281
0.887281
0.88568
0.88568
0.885301
0.885301
0.885288
0.885288
0.885662
0.885662
0.88689
0.88689
0.886718
0.886718
0.886103
0.886103
0.886246
0.886246
0.88623
0.88623
0.886897
0.886897
0.887299
0.887299
0.886583
0.886583
0.886867
0.886867
0.88689
0.88689
0.884959
0.884959
0.88541
0.88541
0.886056
0.886056
0.886979
0.886979
0.886738
0.886738
0.886132
0.886132
0.886226
0.886226
0.886122
0.886122
0.886928
0.886928
0.886928
0.886928
0.886173
0.886173
0.88613
0.88613
0.886304
0.886304
0.886573
0.886573
0.887226
0.887226
0.887226
0.887226
0.886386
0.886386
0.886613
0.886613
0.886531
0.886531
0.885622
0.885622
0.883909
0.883909
0.883909
0.883909
0.88609
0.88609
0.885622
0.885622
0.885761
0.885761
0.885397
0.885397
0.885725
0.885725
0.885662
0.885662
0.885402
0.885402
0.887567
0.887567
0.885819
0.885819
0.88322
0.88322
0.883466
0.883466
0.886753
0.886753
0.886897
0.886897
0.886242
0.886242
0.886979
0.886979
0.886213
0.886213
0.886734
0.886734
0.887005
0.887005
0.886977
0.886977
0.885546
0.885546
0.887238
0.887238
0.883936
0.883936
0.883217
0.883217
0.883921
0.883921
0.883834
0.883834
0.883834
0.883834
0.883834
0.883834
0.88322
0.88322
0.883834
0.883834
0.883408
0.883408
0.885156
0.885156
0.885156
0.885156
0.885156
0.885156
0.886242
0.886242
0.885156
0.885156
0.886483
0.886483
0.886867
0.886867
0.886355
0.886355
0.886355
0.886355
0.886355
0.886355
0.886753
0.886753
0.886355
0.886355
0.886542
0.886542
0.887291
0.887291
0.887261
0.887261
0.887261
0.887261
0.887261
0.887261
0.887261
0.887261
0.887464
0.887464
0.885415
0.885415
0.88322
0.88322
0.883408
0.883408
0.883799
0.883799
0.886979
0.886979
0.886938
0.886938
0.886753
0.886753
0.886542
0.886542
0.886708
0.886708
0.886355
0.886355
0.886355
0.886355
0.886355
0.886355
0.886542
0.886542
0.886355
0.886355
0.887261
0.887261
0.887261
0.887261
0.887261
0.887261
0.887464
0.887464
0.887261
0.887261
0.883834
0.883834
0.883834
0.883834
0.883834
0.883834
0.883408
0.883408
0.883834
0.883834
0.883408
0.883408
0.885156
0.885156
0.885156
0.885156
0.885156
0.885156
0.886483
0.886483
0.885156
0.885156
0.886938
0.886938
0.886708
0.886708
0.885415
0.885415
0.883799
0.883799
0.883408
0.883408
0.888117
0.888117
0.886246
0.886246
0.885919
0.885919
0.88633
0.88633
0.886708
0.886708
0.886029
0.886029
0.886644
0.886644
0.88637
0.88637
0.887324
0.887324
0.886542
0.886542
0.883217
0.883217
0.886107
0.886107
0.885916
0.885916
0.886221
0.886221
0.88609
0.88609
0.886938
0.886938
0.885415
0.885415
0.886118
0.886118
0.886173
0.886173
0.885415
0.885415
0.886938
0.886938
0.885177
0.885177
0.883408
0.883408
0.885184
0.885184
0.886015
0.886015
0.88594
0.88594
0.888117
0.888117
0.887886
0.887886
0.887886
0.887886
0.887886
0.887886
0.887886
0.887886
0.886758
0.886758
0.887324
0.887324
0.887576
0.887576
0.887576
0.887576
0.887576
0.887576
0.887576
0.887576
0.888301
0.888301
0.886998
0.886998
0.886561
0.886561
0.886561
0.886561
0.886561
0.886561
0.886561
0.886561
0.885064
0.885064
0.885177
0.885177
0.885957
0.885957
0.885957
0.885957
0.885957
0.885957
0.885957
0.885957
0.88594
0.88594
0.886112
0.886112
0.886112
0.886112
0.886112
0.886112
0.886112
0.886112
0.886112
0.886112
0.886112
0.886112
0.887438
0.887438
0.887438
0.887438
0.887438
0.887438
0.887438
0.887438
0.885156
0.885156
0.885156
0.885156
0.885156
0.885156
0.885156
0.885156
0.884672
0.884672
0.884672
0.884672
0.884672
0.884672
0.884672
0.884672
0.886719
0.886719
0.886719
0.886719
0.886719
0.886719
0.886719
0.886719
0.887261
0.887261
0.887261
0.887261
0.887261
0.887261
0.887261
0.887261
0.887538
0.887538
0.887538
0.887538
0.887538
0.887538
0.887538
0.887538
0.886616
0.886616
0.886616
0.886616
0.886616
0.886616
0.886616
0.886616
0.886616
0.886616
0.886616
0.886616
0.886531
0.886531
0.886531
0.886531
0.886531
0.886531
0.886234
0.886234
0.886234
0.886234
0.886234
0.886234
0.886234
0.886234
0.885303
0.885303
0.885156
0.885156
0.885156
0.885156
0.885303
0.885303
0.88569
0.88569
0.88569
0.88569
0.886351
0.886351
0.886351
0.886351
0.887226
0.887226
0.887226
0.887226
0.88569
0.88569
0.88569
0.88569
0.887226
0.887226
0.887226
0.887226
0.887261
0.887261
0.887261
0.887261
0.885156
0.885156
0.885156
0.885156
0.887261
0.887261
0.887261
0.887261
