4
2500
0.887556
0.887556
0.887556
0.887556
0.887556
0.887556
0.887556
0.887556
0.887556
0.887556
0.887556
0.887556
0.887556
0.887556
0.887556
0.887556
0.887556
0.887556
0.887556
0.887556
0.887556
0.887556
0.887556
0.887556
0.887556
0.887556
0.887556
0.887556
0.887556
0.887556
0.887556
0.887556
0.887556
0.887556
0.887556
0.887556
0.887556
0.887556
0.887556
0.887556
0.887556
0.887556
0.887556
0.887556
0.887556
0.887556
0.887556
0.887556
0.887556
0.887556
0.887556
0.887556
0.887556
0.887556
0.887556
0.887556
0.885786
0.885786
0.883711
0.883711
0.885243
0.885243
0.886032
0.886032
0.885786
0.885786
0.883711
0.883711
0.883711
0.883711
0.885786
0.885786
0.885786
0.885786
0.883711
0.883711
0.886495
0.886495
0.885302
0.885302
0.884553
0.884553
0.885005
0.885005
0.886495
0.886495
0.885302
0.885302
0.885302
0.885302
0.886495
0.886495
0.886495
0.886495
0.885302
0.885302
0.887859
0.887859
0.886387
0.886387
0.886905
0.886905
0.888286
0.888286
0.887859
0.887859
0.886387
0.886387
0.886387
0.886387
0.887859
0.887859
0.887859
0.887859
0.886387
0.886387
0.887994
0.887994
0.887419
0.887419
0.887533
0.887533
0.887315
0.887315
0.887994
0.887994
0.887419
0.887419
0.887419
0.887419
0.887994
0.887994
0.887994
0.887994
0.887419
0.887419
0.886152
0.886152
0.886152
0.886152
0.886179
0.886179
0.886179
0.886179
0.886179
0.886179
0.886179
0.886179
0.886179
0.886179
0.886179
0.886179
0.886179
0.886179
0.886179
0.886179
0.886556
0.886556
0.886556
0.886556
0.886436
0.886436
0.886436
0.886436
0.886436
0.886436
0.886436
0.886436
0.886436
0.886436
0.886436
0.886436
0.886436
0.886436
0.886436
0.886436
0.886531
0.886531
0.886531
0.886531
0.886574
0.886574
0.886574
0.886574
0.886574
0.886574
0.886574
0.886574
0.886574
0.886574
0.886574
0.886574
0.886574
0.886574
0.886574
0.886574
0.886095
0.886095
0.886095
0.886095
0.88593
0.88593
0.88593
0.88593
0.88593
0.88593
0.88593
0.88593
0.88593
0.88593
0.88593
0.88593
0.88593
0.88593
0.88593
0.88593
0.88672
0.88672
0.886387
0.886387
0.886905
0.886905
0.886654
0.886654
0.886877
0.886877
0.886387
0.886387
0.886387
0.886387
0.886877
0.886877
0.886683
0.886683
0.886387
0.886387
0.887521
0.887521
0.887419
0.887419
0.887533
0.887533
0.886781
0.886781
0.887722
0.887722
0.887419
0.887419
0.887419
0.887419
0.887722
0.887722
0.887542
0.887542
0.887419
0.887419
0.883574
0.883574
0.883711
0.883711
0.885243
0.885243
0.88517
0.88517
0.88385
0.88385
0.883711
0.883711
0.883711
0.883711
0.88385
0.88385
0.883583
0.883583
0.883711
0.883711
0.885609
0.885609
0.885302
0.885302
0.884553
0.884553
0.883841
0.883841
0.885716
0.885716
0.885302
0.885302
0.885302
0.885302
0.885716
0.885716
0.885614
0.885614
0.885302
0.885302
0.886543
0.886543
0.886054
0.886054
0.886167
0.886167
0.886543
0.886543
0.886424
0.886424
0.886273
0.886273
0.886133
0.886133
0.886185
0.886185
0.886054
0.886054
0.886543
0.886543
0.886333
0.886333
0.886308
0.886308
0.886185
0.886185
0.886185
0.886185
0.886387
0.886387
0.886147
0.886147
0.886543
0.886543
0.886294
0.886294
0.886102
0.886102
0.886185
0.886185
0.885865
0.885865
0.886886
0.886886
0.886965
0.886965
0.885865
0.885865
0.886626
0.886626
0.885642
0.885642
0.885824
0.885824
0.886524
0.886524
0.886884
0.886884
0.885865
0.885865
0.885896
0.885896
0.885882
0.885882
0.886524
0.886524
0.886524
0.886524
0.886417
0.886417
0.886965
0.886965
0.885865
0.885865
0.885971
0.885971
0.885814
0.885814
0.886524
0.886524
0.886159
0.886159
0.886338
0.886338
0.886116
0.886116
0.886159
0.886159
0.886597
0.886597
0.886077
0.886077
0.886134
0.886134
0.886295
0.886295
0.886338
0.886338
0.886159
0.886159
0.886054
0.886054
0.886093
0.886093
0.886295
0.886295
0.886295
0.886295
0.886264
0.886264
0.886094
0.886094
0.886159
0.886159
0.886166
0.886166
0.886171
0.886171
0.886295
0.886295
0.886438
0.886438
0.885932
0.885932
0.88578
0.88578
0.886438
0.886438
0.88633
0.88633
0.886528
0.886528
0.886941
0.886941
0.886307
0.886307
0.885912
0.885912
0.886438
0.886438
0.88682
0.88682
0.886824
0.886824
0.886307
0.886307
0.886307
0.886307
0.886079
0.886079
0.885835
0.885835
0.886438
0.886438
0.886228
0.886228
0.886926
0.886926
0.886307
0.886307
0.886042
0.886042
0.886042
0.886042
0.886042
0.886042
0.886042
0.886042
0.886185
0.886185
0.886543
0.886543
0.886543
0.886543
0.886185
0.886185
0.886042
0.886042
0.886042
0.886042
0.886543
0.886543
0.886185
0.886185
0.886223
0.886223
0.886042
0.886042
0.886042
0.886042
0.886223
0.886223
0.886101
0.886101
0.886543
0.886543
0.886185
0.886185
0.8861
0.8861
0.885804
0.885804
0.885837
0.885837
0.885837
0.885837
0.885804
0.885804
0.886524
0.886524
0.885865
0.885865
0.885865
0.885865
0.886524
0.886524
0.885804
0.885804
0.885804
0.885804
0.885865
0.885865
0.886524
0.886524
0.88617
0.88617
0.885804
0.885804
0.885804
0.885804
0.88617
0.88617
0.886198
0.886198
0.885865
0.885865
0.886524
0.886524
0.886544
0.886544
0.886169
0.886169
0.886169
0.886169
0.886169
0.886169
0.886169
0.886169
0.886295
0.886295
0.886159
0.886159
0.886159
0.886159
0.886295
0.886295
0.886169
0.886169
0.886169
0.886169
0.886159
0.886159
0.886295
0.886295
0.886303
0.886303
0.886169
0.886169
0.886169
0.886169
0.886303
0.886303
0.886138
0.886138
0.886159
0.886159
0.886295
0.886295
0.886151
0.886151
0.887029
0.887029
0.887029
0.887029
0.887029
0.887029
0.887029
0.887029
0.886307
0.886307
0.886438
0.886438
0.886438
0.886438
0.886307
0.886307
0.887061
0.887061
0.887029
0.887029
0.886438
0.886438
0.886307
0.886307
0.886495
0.886495
0.887029
0.887029
0.887029
0.887029
0.886495
0.886495
0.886708
0.886708
0.886438
0.886438
0.886307
0.886307
0.886316
0.886316
0.887926
0.887926
0.887424
0.887424
0.885243
0.885243
0.885663
0.885663
0.883058
0.883058
0.884598
0.884598
0.888286
0.888286
0.886905
0.886905
0.886492
0.886492
0.88668
0.88668
0.886341
0.886341
0.887532
0.887532
0.886636
0.886636
0.88652
0.88652
0.885425
0.885425
0.886415
0.886415
0.885763
0.885763
0.886712
0.886712
0.886308
0.886308
0.886376
0.886376
0.886654
0.886654
0.886905
0.886905
0.886492
0.886492
0.88667
0.88667
0.886341
0.886341
0.886753
0.886753
0.88517
0.88517
0.885243
0.885243
0.887424
0.887424
0.887617
0.887617
0.883058
0.883058
0.883064
0.883064
0.88611
0.88611
0.88611
0.88611
0.886678
0.886678
0.885987
0.885987
0.886114
0.886114
0.886114
0.886114
0.886054
0.886054
0.886177
0.886177
0.886628
0.886628
0.886628
0.886628
0.88594
0.88594
0.886574
0.886574
0.886133
0.886133
0.886133
0.886133
0.886357
0.886357
0.885866
0.885866
0.88639
0.88639
0.88639
0.88639
0.885901
0.885901
0.885901
0.885901
0.886181
0.886181
0.886181
0.886181
0.886457
0.886457
0.886457
0.886457
0.886228
0.886228
0.886686
0.886686
0.886588
0.886588
0.886241
0.886241
0.886392
0.886392
0.88624
0.88624
0.886353
0.886353
0.886573
0.886573
0.886273
0.886273
0.885663
0.885663
0.883558
0.883558
0.886133
0.886133
0.887693
0.887693
0.887525
0.887525
0.886926
0.886926
0.886824
0.886824
0.883861
0.883861
0.883877
0.883877
0.883877
0.883877
0.883556
0.883556
0.886102
0.886102
0.886308
0.886308
0.885642
0.885642
0.883637
0.883637
0.885567
0.885567
0.885824
0.885824
0.887736
0.887736
0.887693
0.887693
0.885896
0.885896
0.885783
0.885783
0.88576
0.88576
0.885882
0.885882
0.886867
0.886867
0.886732
0.886732
0.886171
0.886171
0.886093
0.886093
0.886528
0.886528
0.886473
0.886473
0.887567
0.887567
0.886941
0.886941
0.88683
0.88683
0.886867
0.886867
0.885585
0.885585
0.885814
0.885814
0.886077
0.886077
0.886622
0.886622
0.886693
0.886693
0.886134
0.886134
0.885987
0.885987
0.886167
0.886167
0.886877
0.886877
0.886877
0.886877
0.886054
0.886054
0.886147
0.886147
0.886177
0.886177
0.886965
0.886965
0.886886
0.886886
0.886884
0.886884
0.886965
0.886965
0.886574
0.886574
0.886116
0.886116
0.88385
0.88385
0.88385
0.88385
0.886338
0.886338
0.886094
0.886094
0.885866
0.885866
0.88578
0.88578
0.885932
0.885932
0.885912
0.885912
0.885835
0.885835
0.887926
0.887926
0.885663
0.885663
0.88279
0.88279
0.883637
0.883637
0.886498
0.886498
0.886473
0.886473
0.88662
0.88662
0.886622
0.886622
0.88667
0.88667
0.886654
0.886654
0.886781
0.886781
0.886753
0.886753
0.88517
0.88517
0.887617
0.887617
0.883841
0.883841
0.883064
0.883064
0.883861
0.883861
0.883711
0.883711
0.883711
0.883711
0.883711
0.883711
0.88279
0.88279
0.883711
0.883711
0.883058
0.883058
0.885302
0.885302
0.885302
0.885302
0.885302
0.885302
0.88662
0.88662
0.885302
0.885302
0.886492
0.886492
0.88683
0.88683
0.886387
0.886387
0.886387
0.886387
0.886387
0.886387
0.886498
0.886498
0.886387
0.886387
0.886341
0.886341
0.887736
0.887736
0.887419
0.887419
0.887419
0.887419
0.887419
0.887419
0.887419
0.887419
0.887424
0.887424
0.885243
0.885243
0.88279
0.88279
0.883058
0.883058
0.884553
0.884553
0.886622
0.886622
0.886905
0.886905
0.886498
0.886498
0.886341
0.886341
0.887533
0.887533
0.886387
0.886387
0.886387
0.886387
0.886387
0.886387
0.886341
0.886341
0.886387
0.886387
0.886341
0.886341
0.887419
0.887419
0.887419
0.887419
0.887419
0.887419
0.887424
0.887424
0.887419
0.887419
0.883711
0.883711
0.883711
0.883711
0.883711
0.883711
0.883058
0.883058
0.883711
0.883711
0.883058
0.883058
0.885302
0.885302
0.885302
0.885302
0.885302
0.885302
0.886492
0.886492
0.885302
0.885302
0.886905
0.886905
0.887533
0.887533
0.886341
0.886341
0.885243
0.885243
0.884553
0.884553
0.883058
0.883058
0.887573
0.887573
0.886636
0.886636
0.886079
0.886079
0.885763
0.885763
0.886417
0.886417
0.88682
0.88682
0.887532
0.887532
0.886341
0.886341
0.883064
0.883064
0.886308
0.886308
0.886264
0.886264
0.886054
0.886054
0.886338
0.886338
0.886905
0.886905
0.885243
0.885243
0.886333
0.886333
0.886054
0.886054
0.885243
0.885243
0.886905
0.886905
0.884598
0.884598
0.883058
0.883058
0.886753
0.886753
0.885425
0.885425
0.886387
0.886387
0.886032
0.886032
0.887573
0.887573
0.887994
0.887994
0.887994
0.887994
0.887994
0.887994
0.887994
0.887994
0.887315
0.887315
0.887532
0.887532
0.887859
0.887859
0.887859
0.887859
0.887859
0.887859
0.887859
0.887859
0.888286
0.888286
0.88668
0.88668
0.886495
0.886495
0.886495
0.886495
0.886495
0.886495
0.886495
0.886495
0.885005
0.885005
0.884598
0.884598
0.885786
0.885786
0.885786
0.885786
0.885786
0.885786
0.885786
0.885786
0.886032
0.886032
0.885849
0.885849
0.885849
0.885849
0.885849
0.885849
0.885849
0.885849
0.885849
0.885849
0.885849
0.885849
0.887803
0.887803
0.887803
0.887803
0.887803
0.887803
0.887803
0.887803
0.885302
0.885302
0.885302
0.885302
0.885302
0.885302
0.885302
0.885302
0.884909
0.884909
0.884909
0.884909
0.884909
0.884909
0.884909
0.884909
0.88664
0.88664
0.88664
0.88664
0.88664
0.88664
0.88664
0.88664
0.887419
0.887419
0.887419
0.887419
0.887419
0.887419
0.887419
0.887419
0.88768
0.88768
0.88768
0.88768
0.88768
0.88768
0.88768
0.88768
0.88671
0.88671
0.88671
0.88671
0.88671
0.88671
0.88671
0.88671
0.88671
0.88671
0.88671
0.88671
