4
2500
0.884001
0.884001
0.884001
0.884001
0.884001
0.884001
0.884001
0.884001
0.886036
0.886036
0.886273
0.886273
0.886273
0.886273
0.886036
0.886036
0.885089
0.885089
0.88459
0.88459
0.88459
0.88459
0.885089
0.885089
0.885994
0.885994
0.886148
0.886148
0.886148
0.886148
0.885994
0.885994
0.887206
0.887206
0.887261
0.887261
0.887261
0.887261
0.887206
0.887206
0.884001
0.884001
0.884001
0.884001
0.884001
0.884001
0.884001
0.884001
0.884001
0.884001
0.884001
0.884001
0.884001
0.884001
0.884001
0.884001
0.885089
0.885089
0.88459
0.88459
0.88459
0.88459
0.885089
0.885089
0.884502
0.884502
0.885088
0.885088
0.885089
0.885089
0.88459
0.88459
0.887206
0.887206
0.887261
0.887261
0.887261
0.887261
0.887206
0.887206
0.887173
0.887173
0.887206
0.887206
0.887206
0.887206
0.887261
0.887261
0.883756
0.883756
0.884001
0.884001
0.884001
0.884001
0.883756
0.883756
0.884593
0.884593
0.884001
0.884001
0.884001
0.884001
0.884593
0.884593
0.886036
0.886036
0.886273
0.886273
0.886273
0.886273
0.886036
0.886036
0.886273
0.886273
0.886036
0.886036
0.886036
0.886036
0.886273
0.886273
0.885994
0.885994
0.886148
0.886148
0.886148
0.886148
0.885994
0.885994
0.886148
0.886148
0.885994
0.885994
0.885994
0.885994
0.886148
0.886148
0.884001
0.884001
0.884001
0.884001
0.884001
0.884001
0.884001
0.884001
0.884391
0.884391
0.884001
0.884001
0.884001
0.884001
0.884391
0.884391
0.884001
0.884001
0.884001
0.884001
0.884001
0.884001
0.884001
0.884001
0.883594
0.883594
0.884001
0.884001
0.884001
0.884001
0.883594
0.883594
0.884001
0.884001
0.884001
0.884001
0.884001
0.884001
0.884001
0.884001
0.884001
0.884001
0.884001
0.884001
0.884001
0.884001
0.884001
0.884001
0.884001
0.884001
0.886273
0.886273
0.885948
0.885948
0.885948
0.885948
0.886273
0.886273
0.886148
0.886148
0.88598
0.88598
0.885994
0.885994
0.886148
0.886148
0.884001
0.884001
0.884001
0.884001
0.884001
0.884001
0.884391
0.884391
0.884391
0.884391
0.884001
0.884001
0.884001
0.884001
0.884001
0.884001
0.883594
0.883594
0.883594
0.883594
0.884001
0.884001
0.884001
0.884001
0.884001
0.884001
0.884001
0.884001
0.884001
0.884001
0.88459
0.88459
0.885089
0.885089
0.88459
0.88459
0.885089
0.885089
0.885089
0.885089
0.88459
0.88459
0.887261
0.887261
0.887206
0.887206
0.887261
0.887261
0.887206
0.887206
0.887206
0.887206
0.887261
0.887261
0.883756
0.883756
0.884001
0.884001
0.883756
0.883756
0.884001
0.884001
0.883756
0.883756
0.884001
0.884001
0.884001
0.884001
0.884001
0.884001
0.884001
0.884001
0.884593
0.884593
0.884001
0.884001
0.884593
0.884593
0.884001
0.884001
0.884593
0.884593
0.884001
0.884001
0.884001
0.884001
0.884001
0.884001
0.884001
0.884001
0.884001
0.884001
0.884001
0.884001
0.884001
0.884001
0.884001
0.884001
0.884001
0.884001
0.884001
0.884001
0.884001
0.884001
0.884001
0.884001
0.884001
0.884001
0.884001
0.884001
0.884001
0.884001
0.884001
0.884001
0.886224
0.886224
0.88663
0.88663
0.888331
0.888331
0.88483
0.88483
0.883394
0.883394
0.885021
0.885021
0.8876
0.8876
0.886856
0.886856
0.886832
0.886832
0.886044
0.886044
0.884956
0.884956
0.885857
0.885857
0.884904
0.884904
0.884791
0.884791
0.883594
0.883594
0.884086
0.884086
0.882804
0.882804
0.882986
0.882986
0.883756
0.883756
0.88346
0.88346
0.885895
0.885895
0.88649
0.88649
0.884391
0.884391
0.883562
0.883562
0.886731
0.886731
0.886737
0.886737
0.884593
0.884593
0.884935
0.884935
0.88565
0.88565
0.885995
0.885995
0.885176
0.885176
0.887936
0.887936
0.886665
0.886665
0.884614
0.884614
0.885288
0.885288
0.886351
0.886351
0.886176
0.886176
0.88621
0.88621
0.886584
0.886584
0.882986
0.882986
0.883756
0.883756
0.883756
0.883756
0.882986
0.882986
0.882986
0.882986
0.882924
0.882924
0.883756
0.883756
0.886737
0.886737
0.884593
0.884593
0.884593
0.884593
0.886737
0.886737
0.886737
0.886737
0.886737
0.886737
0.884593
0.884593
0.884791
0.884791
0.883594
0.883594
0.883594
0.883594
0.884791
0.884791
0.884791
0.884791
0.884791
0.884791
0.88649
0.88649
0.884391
0.884391
0.884391
0.884391
0.88649
0.88649
0.88649
0.88649
0.88649
0.88649
0.884791
0.884791
0.883594
0.883594
0.884791
0.884791
0.884791
0.884791
0.88649
0.88649
0.884391
0.884391
0.88649
0.88649
0.88649
0.88649
0.882986
0.882986
0.882986
0.882986
0.882986
0.882986
0.882986
0.882986
0.886737
0.886737
0.886737
0.886737
0.886737
0.886737
0.886737
0.886737
0.886543
0.886543
0.887351
0.887351
0.884557
0.884557
0.886368
0.886368
0.883004
0.883004
0.885421
0.885421
0.887397
0.887397
0.886203
0.886203
0.887492
0.887492
