4
2500
0.886345
0.886345
0.885824
0.885824
0.885183
0.885183
0.885542
0.885542
0.886951
0.886951
0.886249
0.886249
0.886531
0.886531
0.886263
0.886263
0.886073
0.886073
0.88598
0.88598
0.886382
0.886382
0.886072
0.886072
0.886491
0.886491
0.886342
0.886342
0.886072
0.886072
0.886382
0.886382
0.886251
0.886251
0.886505
0.886505
0.886928
0.886928
0.886947
0.886947
0.886932
0.886932
0.887219
0.887219
0.88713
0.88713
0.887302
0.887302
0.887883
0.887883
0.887861
0.887861
0.888131
0.888131
0.888004
0.888004
0.887855
0.887855
0.887565
0.887565
0.887268
0.887268
0.886702
0.886702
0.886443
0.886443
0.886143
0.886143
0.886153
0.886153
0.885754
0.885754
0.885682
0.885682
0.885316
0.885316
0.885632
0.885632
0.885274
0.885274
0.886021
0.886021
0.885226
0.885226
0.885183
0.885183
0.885824
0.885824
0.885824
0.885824
0.885183
0.885183
0.886249
0.886249
0.886249
0.886249
0.886263
0.886263
0.886263
0.886263
0.88598
0.88598
0.88598
0.88598
0.886072
0.886072
0.886072
0.886072
0.886072
0.886072
0.886342
0.886342
0.886342
0.886342
0.886072
0.886072
0.886505
0.886505
0.886505
0.886505
0.886947
0.886947
0.886947
0.886947
0.887219
0.887219
0.887219
0.887219
0.887302
0.887302
0.887302
0.887302
0.887861
0.887861
0.887861
0.887861
0.888004
0.888004
0.888004
0.888004
0.887565
0.887565
0.887565
0.887565
0.886702
0.886702
0.886702
0.886702
0.886143
0.886143
0.886143
0.886143
0.885754
0.885754
0.885754
0.885754
0.885316
0.885316
0.885316
0.885316
0.885274
0.885274
0.885274
0.885274
0.885226
0.885226
0.885226
0.885226
0.885824
0.885824
0.885183
0.885183
0.886249
0.886249
0.886263
0.886263
0.88598
0.88598
0.886072
0.886072
0.886342
0.886342
0.886072
0.886072
0.886505
0.886505
0.886947
0.886947
0.887219
0.887219
0.887302
0.887302
0.887861
0.887861
0.888004
0.888004
0.887565
0.887565
0.886702
0.886702
0.886143
0.886143
0.885754
0.885754
0.885316
0.885316
0.885274
0.885274
0.885226
0.885226
0.882666
0.882666
0.883519
0.883519
0.885121
0.885121
0.885669
0.885669
0.884055
0.884055
0.884204
0.884204
0.884519
0.884519
0.884057
0.884057
0.88446
0.88446
0.884218
0.884218
0.885218
0.885218
0.883942
0.883942
0.885218
0.885218
0.886166
0.886166
0.883462
0.883462
0.886153
0.886153
0.883073
0.883073
0.886358
0.886358
0.882904
0.882904
0.886657
0.886657
0.883258
0.883258
0.885979
0.885979
0.882981
0.882981
0.885663
0.885663
0.883225
0.883225
0.884318
0.884318
0.883748
0.883748
0.884389
0.884389
0.884077
0.884077
0.884032
0.884032
0.884468
0.884468
0.883836
0.883836
0.884944
0.884944
0.883318
0.883318
0.885684
0.885684
0.883152
0.883152
0.886044
0.886044
0.882758
0.882758
0.886022
0.886022
0.883012
0.883012
0.885968
0.885968
0.886911
0.886911
0.887861
0.887861
0.887302
0.887302
0.887587
0.887587
0.887039
0.887039
0.888004
0.888004
0.886541
0.886541
0.887565
0.887565
0.886045
0.886045
0.886702
0.886702
0.885835
0.885835
0.886143
0.886143
0.884946
0.884946
0.885754
0.885754
0.884155
0.884155
0.885316
0.885316
0.883689
0.883689
0.885274
0.885274
0.883559
0.883559
0.885226
0.885226
0.884251
0.884251
0.885183
0.885183
0.884201
0.884201
0.885824
0.885824
0.884705
0.884705
0.886249
0.886249
0.885407
0.885407
0.886263
0.886263
0.885941
0.885941
0.88598
0.88598
0.88651
0.88651
0.886072
0.886072
0.886553
0.886553
0.886342
0.886342
0.886929
0.886929
0.886505
0.886505
0.887158
0.887158
0.886947
0.886947
0.887036
0.887036
0.887219
0.887219
0.887861
0.887861
0.887861
0.887861
0.887302
0.887302
0.887302
0.887302
0.888004
0.888004
0.888004
0.888004
0.887565
0.887565
0.887565
0.887565
0.886702
0.886702
0.886702
0.886702
0.886143
0.886143
0.886143
0.886143
0.885754
0.885754
0.885754
0.885754
0.885316
0.885316
0.885316
0.885316
0.885274
0.885274
0.885274
0.885274
0.885226
0.885226
0.885226
0.885226
0.885183
0.885183
0.885183
0.885183
0.885824
0.885824
0.885824
0.885824
0.886249
0.886249
0.886249
0.886249
0.886263
0.886263
0.886263
0.886263
0.88598
0.88598
0.88598
0.88598
0.886072
0.886072
0.886072
0.886072
0.886342
0.886342
0.886342
0.886342
0.886505
0.886505
0.886505
0.886505
0.886947
0.886947
0.886947
0.886947
0.887219
0.887219
0.887219
0.887219
0.885663
0.885663
0.884001
0.884001
0.884001
0.884001
0.885979
0.885979
0.884318
0.884318
0.884001
0.884001
0.884389
0.884389
0.884001
0.884001
0.884032
0.884032
0.884001
0.884001
0.883836
0.883836
0.884001
0.884001
0.883318
0.883318
0.884001
0.884001
0.883152
0.883152
0.884001
0.884001
0.882758
0.882758
0.884001
0.884001
0.883012
0.883012
0.884001
0.884001
0.882666
0.882666
0.884001
0.884001
0.883519
0.883519
0.884001
0.884001
0.884055
0.884055
0.884001
0.884001
0.884519
0.884519
0.884001
0.884001
0.88446
0.88446
0.884001
0.884001
0.885218
0.885218
0.884001
0.884001
0.886166
0.886166
0.884001
0.884001
0.886153
0.886153
0.884001
0.884001
0.886358
0.886358
0.884001
0.884001
0.886657
0.886657
0.884001
0.884001
0.887108
0.887108
0.887106
0.887106
0.886901
0.886901
0.887081
0.887081
0.887117
0.887117
0.887154
0.887154
0.887225
0.887225
0.887354
0.887354
0.88718
0.88718
0.886814
0.886814
0.886414
0.886414
0.886553
0.886553
0.88689
0.88689
0.886902
0.886902
0.886808
0.886808
0.886568
0.886568
0.886554
0.886554
0.886475
0.886475
0.886475
0.886475
0.886456
0.886456
0.886637
0.886637
0.886818
0.886818
0.884292
0.884292
0.884324
0.884324
0.88481
0.88481
0.885315
0.885315
0.885919
0.885919
0.886446
0.886446
0.886446
0.886446
0.886373
0.886373
0.887056
0.887056
0.887083
0.887083
0.887045
0.887045
0.88728
0.88728
0.886954
0.886954
0.887031
0.887031
0.886559
0.886559
0.88605
0.88605
0.885781
0.885781
0.884883
0.884883
0.884165
0.884165
0.883853
0.883853
0.883673
0.883673
0.88728
0.88728
0.886954
0.886954
0.887031
0.887031
0.886559
0.886559
0.88605
0.88605
0.885781
0.885781
0.884883
0.884883
0.884165
0.884165
0.883853
0.883853
0.883673
0.883673
0.884292
0.884292
0.884324
0.884324
0.88481
0.88481
0.885315
0.885315
0.885919
0.885919
0.886446
0.886446
0.886373
0.886373
0.887056
0.887056
0.887083
0.887083
0.887045
0.887045
0.887172
0.887172
0.887067
0.887067
0.887281
0.887281
0.887117
0.887117
0.886775
0.886775
0.886861
0.886861
0.886861
0.886861
0.887118
0.887118
0.886831
0.886831
0.886508
0.886508
0.885904
0.885904
0.886501
0.886501
0.887056
0.887056
0.887918
0.887918
0.888167
0.888167
0.888209
0.888209
0.888542
0.888542
0.888308
0.888308
0.887852
0.887852
0.887506
0.887506
0.887384
0.887384
0.884001
0.884001
