4
2500
0.884001
0.884001
0.884396
0.884396
0.884419
0.884419
0.884001
0.884001
0.884427
0.884427
0.884001
0.884001
0.884427
0.884427
0.884464
0.884464
0.884001
0.884001
0.884464
0.884464
0.884485
0.884485
0.884001
0.884001
0.884485
0.884485
0.884562
0.884562
0.884001
0.884001
0.884562
0.884562
0.884486
0.884486
0.884001
0.884001
0.884486
0.884486
0.884264
0.884264
0.884001
0.884001
0.884264
0.884264
0.883957
0.883957
0.884001
0.884001
0.883957
0.883957
0.883746
0.883746
0.884001
0.884001
0.883746
0.883746
0.883556
0.883556
0.884001
0.884001
0.883556
0.883556
0.883591
0.883591
0.884001
0.884001
0.883582
0.883582
0.884001
0.884001
0.883582
0.883582
0.883676
0.883676
0.884001
0.884001
0.883722
0.883722
0.884001
0.884001
0.883722
0.883722
0.883687
0.883687
0.884001
0.884001
0.883687
0.883687
0.883406
0.883406
0.884001
0.884001
0.883406
0.883406
0.883308
0.883308
0.884001
0.884001
0.883308
0.883308
0.883723
0.883723
0.884001
0.884001
0.883723
0.883723
0.8841
0.8841
0.884001
0.884001
0.8841
0.8841
0.884396
0.884396
0.885509
0.885509
0.884396
0.884396
0.884888
0.884888
0.88556
0.88556
0.885789
0.885789
0.885729
0.885729
0.885416
0.885416
0.8848
0.8848
0.884115
0.884115
0.883815
0.883815
0.883928
0.883928
0.883898
0.883898
0.883556
0.883556
0.883474
0.883474
0.882934
0.882934
0.883582
0.883582
0.883127
0.883127
0.883312
0.883312
0.883093
0.883093
0.883152
0.883152
0.883531
0.883531
0.88402
0.88402
0.88441
0.88441
0.884888
0.884888
0.884396
0.884396
0.885956
0.885956
0.885123
0.885123
0.886206
0.886206
0.886239
0.886239
0.886349
0.886349
0.885832
0.885832
0.885495
0.885495
0.884242
0.884242
0.884271
0.884271
0.884165
0.884165
0.883835
0.883835
0.883405
0.883405
0.883161
0.883161
0.882855
0.882855
0.883225
0.883225
0.882778
0.882778
0.883434
0.883434
0.883965
0.883965
0.884217
0.884217
0.884448
0.884448
0.885123
0.885123
0.88734
0.88734
0.886901
0.886901
0.88727
0.88727
0.88727
0.88727
0.886901
0.886901
0.88718
0.88718
0.886901
0.886901
0.887137
0.887137
0.887137
0.887137
0.886901
0.886901
0.887106
0.887106
0.887106
0.887106
0.886901
0.886901
0.887146
0.887146
0.887146
0.887146
0.886901
0.886901
0.887099
0.887099
0.887099
0.887099
0.886901
0.886901
0.886924
0.886924
0.886924
0.886924
0.886901
0.886901
0.88669
0.88669
0.88669
0.88669
0.886901
0.886901
0.886575
0.886575
0.886575
0.886575
0.886901
0.886901
0.886476
0.886476
0.886476
0.886476
0.886901
0.886901
0.886635
0.886635
0.886635
0.886635
0.886901
0.886901
0.886725
0.886725
0.886725
0.886725
0.886901
0.886901
0.886898
0.886898
0.886901
0.886901
0.886996
0.886996
0.886996
0.886996
0.886901
0.886901
0.886968
0.886968
0.886901
0.886901
0.886688
0.886688
0.886688
0.886688
0.886901
0.886901
0.886544
0.886544
0.886544
0.886544
0.886901
0.886901
0.886884
0.886884
0.886884
0.886884
0.886901
0.886901
0.887166
0.887166
0.887166
0.887166
0.886901
0.886901
0.88734
0.88734
0.88734
0.88734
0.888158
0.888158
0.887717
0.887717
0.888019
0.888019
0.888095
0.888095
0.887933
0.887933
0.887552
0.887552
0.886991
0.886991
0.886395
0.886395
0.886238
0.886238
0.886535
0.886535
0.886476
0.886476
0.886683
0.886683
0.886494
0.886494
0.886144
0.886144
0.886491
0.886491
0.886996
0.886996
0.886778
0.886778
0.88657
0.88657
0.886631
0.886631
0.886921
0.886921
0.887267
0.887267
0.887473
0.887473
0.88734
0.88734
0.887717
0.887717
0.888366
0.888366
0.887794
0.887794
0.88843
0.88843
0.888277
0.888277
0.88822
0.88822
0.887666
0.887666
0.887351
0.887351
0.886249
0.886249
0.886452
0.886452
0.886525
0.886525
0.886453
0.886453
0.886266
0.886266
0.886294
0.886294
0.886174
0.886174
0.886625
0.886625
0.886235
0.886235
0.886849
0.886849
0.887316
0.887316
0.887394
0.887394
0.887361
0.887361
0.887794
0.887794
0.88641
0.88641
0.88661
0.88661
0.885956
0.885956
0.88661
0.88661
0.886789
0.886789
0.886741
0.886741
0.886856
0.886856
0.886682
0.886682
0.886523
0.886523
0.886611
0.886611
0.886083
0.886083
0.885346
0.885346
0.884907
0.884907
0.884672
0.884672
0.883906
0.883906
0.88327
0.88327
0.882407
0.882407
0.882933
0.882933
0.883473
0.883473
0.884711
0.884711
0.885209
0.885209
0.885688
0.885688
0.88641
0.88641
0.886877
0.886877
0.886906
0.886906
0.886862
0.886862
0.88687
0.88687
0.886885
0.886885
0.886903
0.886903
0.886921
0.886921
0.88693
0.88693
0.886927
0.886927
0.886917
0.886917
0.886919
0.886919
0.886927
0.886927
0.886925
0.886925
0.886926
0.886926
0.886939
0.886939
0.886961
0.886961
0.886978
0.886978
0.886975
0.886975
0.886962
0.886962
0.88693
0.88693
0.887794
0.887794
0.886906
0.886906
0.885591
0.885591
0.885588
0.885588
0.887592
0.887592
0.887601
0.887601
0.885836
0.885836
0.888159
0.888159
0.886173
0.886173
0.888685
0.888685
0.886957
0.886957
0.887811
0.887811
0.887613
0.887613
0.888046
0.888046
0.888008
0.888008
0.887789
0.887789
0.88796
0.88796
0.887175
0.887175
0.8872
0.8872
0.886704
0.886704
0.887019
0.887019
0.886033
0.886033
0.886959
0.886959
0.886669
0.886669
0.886499
0.886499
0.887054
0.887054
0.886291
0.886291
0.886906
0.886906
0.886086
0.886086
0.886704
0.886704
0.886086
0.886086
0.885877
0.885877
0.886747
0.886747
0.886704
0.886704
0.886469
0.886469
0.8872
0.8872
0.886753
0.886753
0.887119
0.887119
0.886044
0.886044
0.887206
0.887206
0.885554
0.885554
0.887504
0.887504
0.885417
0.885417
0.887604
0.887604
0.88641
0.88641
0.886086
0.886086
0.886086
0.886086
0.886704
0.886704
0.886906
0.886906
0.886704
0.886704
