4
2500
0.887478
0.887478
0.887478
0.887478
0.887478
0.887478
0.887478
0.887478
0.887478
0.887478
0.887478
0.887478
0.887478
0.887478
0.887478
0.887478
0.887478
0.887478
0.887478
0.887478
0.887478
0.887478
0.887478
0.887478
0.887478
0.887478
0.887478
0.887478
0.887478
0.887478
0.887478
0.887478
0.887478
0.887478
0.887478
0.887478
0.887478
0.887478
0.887478
0.887478
0.887478
0.887478
0.887478
0.887478
0.887478
0.887478
0.887478
0.887478
0.887478
0.887478
0.887478
0.887478
0.887478
0.887478
0.887478
0.887478
0.885978
0.885978
0.883951
0.883951
0.885513
0.885513
0.88616
0.88616
0.885978
0.885978
0.883951
0.883951
0.883951
0.883951
0.885978
0.885978
0.885978
0.885978
0.883951
0.883951
0.886529
0.886529
0.885394
0.885394
0.883658
0.883658
0.885288
0.885288
0.886529
0.886529
0.885394
0.885394
0.885394
0.885394
0.886529
0.886529
0.886529
0.886529
0.885394
0.885394
0.887583
0.887583
0.886394
0.886394
0.886976
0.886976
0.888263
0.888263
0.887583
0.887583
0.886394
0.886394
0.886394
0.886394
0.887583
0.887583
0.887583
0.887583
0.886394
0.886394
0.887953
0.887953
0.887469
0.887469
0.88651
0.88651
0.886713
0.886713
0.887953
0.887953
0.887469
0.887469
0.887469
0.887469
0.887953
0.887953
0.887953
0.887953
0.887469
0.887469
0.886135
0.886135
0.886135
0.886135
0.886079
0.886079
0.886079
0.886079
0.886079
0.886079
0.886079
0.886079
0.886079
0.886079
0.886079
0.886079
0.886079
0.886079
0.886079
0.886079
0.88651
0.88651
0.88651
0.88651
0.886378
0.886378
0.886378
0.886378
0.886378
0.886378
0.886378
0.886378
0.886378
0.886378
0.886378
0.886378
0.886378
0.886378
0.886378
0.886378
0.886446
0.886446
0.886446
0.886446
0.886412
0.886412
0.886412
0.886412
0.886412
0.886412
0.886412
0.886412
0.886412
0.886412
0.886412
0.886412
0.886412
0.886412
0.886412
0.886412
0.8859
0.8859
0.8859
0.8859
0.885777
0.885777
0.885777
0.885777
0.885777
0.885777
0.885777
0.885777
0.885777
0.885777
0.885777
0.885777
0.885777
0.885777
0.885777
0.885777
0.886641
0.886641
0.886394
0.886394
0.886976
0.886976
0.887002
0.887002
0.886821
0.886821
0.886394
0.886394
0.886394
0.886394
0.886821
0.886821
0.886597
0.886597
0.886394
0.886394
0.88726
0.88726
0.887469
0.887469
0.88651
0.88651
0.886938
0.886938
0.887068
0.887068
0.887469
0.887469
0.887469
0.887469
0.887068
0.887068
0.887164
0.887164
0.887469
0.887469
0.883711
0.883711
0.883951
0.883951
0.885513
0.885513
0.885652
0.885652
0.883925
0.883925
0.883951
0.883951
0.883951
0.883951
0.883925
0.883925
0.883684
0.883684
0.883951
0.883951
0.884536
0.884536
0.885394
0.885394
0.883658
0.883658
0.884015
0.884015
0.884862
0.884862
0.885394
0.885394
0.885394
0.885394
0.884862
0.884862
0.884576
0.884576
0.885394
0.885394
0.886383
0.886383
0.886269
0.886269
0.886089
0.886089
0.886383
0.886383
0.885904
0.885904
0.88613
0.88613
0.885307
0.885307
0.885955
0.885955
0.886269
0.886269
0.886383
0.886383
0.885756
0.885756
0.885756
0.885756
0.885955
0.885955
0.885955
0.885955
0.885999
0.885999
0.88613
0.88613
0.886383
0.886383
0.886021
0.886021
0.885375
0.885375
0.885955
0.885955
0.885765
0.885765
0.886611
0.886611
0.886341
0.886341
0.885765
0.885765
0.886095
0.886095
0.884965
0.884965
0.885346
0.885346
0.886302
0.886302
0.886621
0.886621
0.885765
0.885765
0.88547
0.88547
0.885468
0.885468
0.886302
0.886302
0.886302
0.886302
0.886654
0.886654
0.886308
0.886308
0.885765
0.885765
0.885781
0.885781
0.885316
0.885316
0.886302
0.886302
0.886125
0.886125
0.885733
0.885733
0.885336
0.885336
0.886125
0.886125
0.886102
0.886102
0.885835
0.885835
0.886136
0.886136
0.886019
0.886019
0.885733
0.885733
0.886125
0.886125
0.886238
0.886238
0.886252
0.886252
0.886019
0.886019
0.886019
0.886019
0.88557
0.88557
0.885321
0.885321
0.886125
0.886125
0.886108
0.886108
0.886155
0.886155
0.886019
0.886019
0.886438
0.886438
0.885453
0.885453
0.88532
0.88532
0.886438
0.886438
0.885851
0.885851
0.886201
0.886201
0.886346
0.886346
0.885955
0.885955
0.885451
0.885451
0.886438
0.886438
0.886621
0.886621
0.88662
0.88662
0.885955
0.885955
0.885955
0.885955
0.885806
0.885806
0.885325
0.885325
0.886438
0.886438
0.886575
0.886575
0.886311
0.886311
0.885955
0.885955
0.885308
0.885308
0.885308
0.885308
0.885308
0.885308
0.885308
0.885308
0.885955
0.885955
0.886383
0.886383
0.886383
0.886383
0.885955
0.885955
0.885308
0.885308
0.885308
0.885308
0.886383
0.886383
0.885955
0.885955
0.885382
0.885382
0.885308
0.885308
0.885308
0.885308
0.885382
0.885382
0.885891
0.885891
0.886383
0.886383
0.885955
0.885955
0.886026
0.886026
0.885301
0.885301
0.885301
0.885301
0.885301
0.885301
0.885301
0.885301
0.886302
0.886302
0.885765
0.885765
0.885765
0.885765
0.886302
0.886302
0.885301
0.885301
0.885301
0.885301
0.885765
0.885765
0.886302
0.886302
0.885946
0.885946
0.885301
0.885301
0.885301
0.885301
0.885946
0.885946
0.885929
0.885929
0.885765
0.885765
0.886302
0.886302
0.886332
0.886332
0.886117
0.886117
0.886117
0.886117
0.886117
0.886117
0.886117
0.886117
0.886019
0.886019
0.886125
0.886125
0.886125
0.886125
0.886019
0.886019
0.886117
0.886117
0.886117
0.886117
0.886125
0.886125
0.886019
0.886019
0.886196
0.886196
0.886117
0.886117
0.886117
0.886117
0.886196
0.886196
0.886072
0.886072
0.886125
0.886125
0.886019
0.886019
0.885882
0.885882
0.886351
0.886351
0.886351
0.886351
0.886351
0.886351
0.886351
0.886351
0.885955
0.885955
0.886438
0.886438
0.886438
0.886438
0.885955
0.885955
0.886351
0.886351
0.886351
0.886351
0.886447
0.886447
0.885955
0.885955
0.886691
0.886691
0.886351
0.886351
0.886351
0.886351
0.886691
0.886691
0.886322
0.886322
0.886447
0.886447
0.885955
0.885955
0.885953
0.885953
0.887104
0.887104
0.887178
0.887178
0.885513
0.885513
0.885817
0.885817
0.883582
0.883582
0.885577
0.885577
0.888263
0.888263
0.886976
0.886976
0.886196
0.886196
0.887119
0.887119
0.886633
0.886633
0.887247
0.887247
0.886252
0.886252
0.88585
0.88585
0.885265
0.885265
0.886073
0.886073
0.886058
0.886058
0.886102
0.886102
0.886102
0.886102
0.885998
0.885998
0.887002
0.887002
0.886976
0.886976
0.886196
0.886196
0.886087
0.886087
0.886633
0.886633
0.887117
0.887117
0.885652
0.885652
0.885513
0.885513
0.887178
0.887178
0.886714
0.886714
0.883582
0.883582
0.883286
0.883286
0.885854
0.885854
0.885854
0.885854
0.886382
0.886382
0.886141
0.886141
0.886057
0.886057
0.886057
0.886057
0.885637
0.885637
0.886101
0.886101
0.886289
0.886289
0.886289
0.886289
0.886179
0.886179
0.886363
0.886363
0.885855
0.885855
0.885855
0.885855
0.886408
0.886408
0.885652
0.885652
0.886554
0.886554
0.886554
0.886554
0.885451
0.885451
0.885451
0.885451
0.886076
0.886076
0.886076
0.886076
0.886267
0.886267
0.886267
0.886267
0.885999
0.885999
0.886525
0.886525
0.886297
0.886297
0.885878
0.885878
0.886283
0.886283
0.885989
0.885989
0.885947
0.885947
0.886351
0.886351
0.88613
0.88613
0.885817
0.885817
0.883661
0.883661
0.885307
0.885307
0.887108
0.887108
0.887248
0.887248
0.886311
0.886311
0.88662
0.88662
0.883939
0.883939
0.883946
0.883946
0.883946
0.883946
0.883675
0.883675
0.885375
0.885375
0.885756
0.885756
0.884965
0.884965
0.883554
0.883554
0.884612
0.884612
0.885346
0.885346
0.88707
0.88707
0.887108
0.887108
0.88547
0.88547
0.884878
0.884878
0.884818
0.884818
0.885468
0.885468
0.886829
0.886829
0.886625
0.886625
0.886155
0.886155
0.886252
0.886252
0.886201
0.886201
0.886725
0.886725
0.887227
0.887227
0.886346
0.886346
0.886833
0.886833
0.886829
0.886829
0.88461
0.88461
0.885316
0.885316
0.885835
0.885835
0.88709
0.88709
0.886608
0.886608
0.886136
0.886136
0.886141
0.886141
0.886089
0.886089
0.886821
0.886821
0.886821
0.886821
0.886269
0.886269
0.88613
0.88613
0.886101
0.886101
0.886341
0.886341
0.886611
0.886611
0.886621
0.886621
0.886308
0.886308
0.886363
0.886363
0.885336
0.885336
0.883925
0.883925
0.883925
0.883925
0.885733
0.885733
0.885321
0.885321
0.885652
0.885652
0.88532
0.88532
0.885453
0.885453
0.885451
0.885451
0.885325
0.885325
0.887104
0.887104
0.885817
0.885817
0.883218
0.883218
0.883554
0.883554
0.887114
0.887114
0.886725
0.886725
0.886467
0.886467
0.88709
0.88709
0.886087
0.886087
0.887002
0.887002
0.886938
0.886938
0.887117
0.887117
0.885652
0.885652
0.886714
0.886714
0.884015
0.884015
0.883286
0.883286
0.883939
0.883939
0.883951
0.883951
0.883951
0.883951
0.883951
0.883951
0.883218
0.883218
0.883951
0.883951
0.883582
0.883582
0.885394
0.885394
0.885394
0.885394
0.885394
0.885394
0.886467
0.886467
0.885394
0.885394
0.886196
0.886196
0.886833
0.886833
0.886394
0.886394
0.886394
0.886394
0.886394
0.886394
0.887114
0.887114
0.886394
0.886394
0.886633
0.886633
0.88707
0.88707
0.887469
0.887469
0.887469
0.887469
0.887469
0.887469
0.887469
0.887469
0.887178
0.887178
0.885513
0.885513
0.883218
0.883218
0.883582
0.883582
0.883658
0.883658
0.88709
0.88709
0.886976
0.886976
0.887114
0.887114
0.886633
0.886633
0.88651
0.88651
0.886394
0.886394
0.886394
0.886394
0.886394
0.886394
0.886633
0.886633
0.886394
0.886394
0.886633
0.886633
0.887469
0.887469
0.887469
0.887469
0.887469
0.887469
0.887178
0.887178
0.887469
0.887469
0.883951
0.883951
0.883951
0.883951
0.883951
0.883951
0.883582
0.883582
0.883951
0.883951
0.883582
0.883582
0.885394
0.885394
0.885394
0.885394
0.885394
0.885394
0.886196
0.886196
0.885394
0.885394
0.886976
0.886976
0.88651
0.88651
0.886633
0.886633
0.885513
0.885513
0.883658
0.883658
0.883582
0.883582
0.888096
0.888096
0.886252
0.886252
0.885806
0.885806
0.886058
0.886058
0.886654
0.886654
0.886621
0.886621
0.887247
0.887247
0.886633
0.886633
0.883286
0.883286
0.886102
0.886102
0.88557
0.88557
0.886238
0.886238
0.885733
0.885733
0.886976
0.886976
0.885513
0.885513
0.885756
0.885756
0.886269
0.886269
0.885513
0.885513
0.886976
0.886976
0.885577
0.885577
0.883582
0.883582
0.887117
0.887117
0.885265
0.885265
0.885999
0.885999
0.88616
0.88616
0.888096
0.888096
0.887953
0.887953
0.887953
0.887953
0.887953
0.887953
0.887953
0.887953
0.886713
0.886713
0.887247
0.887247
0.887583
0.887583
0.887583
0.887583
0.887583
0.887583
0.887583
0.887583
0.888263
0.888263
0.887119
0.887119
0.886529
0.886529
0.886529
0.886529
0.886529
0.886529
0.886529
0.886529
0.885288
0.885288
0.885577
0.885577
0.885978
0.885978
0.885978
0.885978
0.885978
0.885978
0.885978
0.885978
0.88616
0.88616
0.886199
0.886199
0.886199
0.886199
0.886199
0.886199
0.886199
0.886199
0.886199
0.886199
0.886199
0.886199
0.887321
0.887321
0.887321
0.887321
0.887321
0.887321
0.887321
0.887321
0.885394
0.885394
0.885394
0.885394
0.885394
0.885394
0.885394
0.885394
0.884495
0.884495
0.884495
0.884495
0.884495
0.884495
0.884495
0.884495
0.886594
0.886594
0.886594
0.886594
0.886594
0.886594
0.886568
0.886568
0.886568
0.886568
0.886568
0.886568
0.887469
0.887469
0.887469
0.887469
0.887469
0.887469
0.887469
0.887469
0.887409
0.887409
0.887409
0.887409
0.887409
0.887409
0.887409
0.887409
0.886527
0.886527
0.886527
0.886527
0.886527
0.886527
0.886527
0.886527
0.886527
0.886527
0.886527
0.886527
