4
2500
0.887668
0.887668
0.886143
0.886143
0.886589
0.886589
0.887573
0.887573
0.886143
0.886143
0.886143
0.886143
0.886589
0.886589
0.886589
0.886589
0.887668
0.887668
0.886143
0.886143
0.886143
0.886143
0.887668
0.887668
0.886143
0.886143
0.886143
0.886143
0.886143
0.886143
0.886143
0.886143
0.886522
0.886522
0.886072
0.886072
0.886848
0.886848
0.886348
0.886348
0.886522
0.886522
0.886072
0.886072
0.886072
0.886072
0.886522
0.886522
0.886072
0.886072
0.886072
0.886072
0.886848
0.886848
0.886848
0.886848
0.886072
0.886072
0.886072
0.886072
0.886072
0.886072
0.886072
0.886072
0.887302
0.887302
0.887339
0.887339
0.887339
0.887339
0.887302
0.887302
0.887302
0.887302
0.887302
0.887302
0.887302
0.887302
0.887302
0.887302
0.884001
0.884001
0.885882
0.885882
0.885882
0.885882
0.884001
0.884001
0.884001
0.884001
0.884001
0.884001
0.884001
0.884001
0.884001
0.884001
0.885183
0.885183
0.884315
0.884315
0.884315
0.884315
0.885183
0.885183
0.885183
0.885183
0.885183
0.885183
0.885183
0.885183
0.885183
0.885183
0.886901
0.886901
0.887679
0.887679
0.887679
0.887679
0.886901
0.886901
0.886901
0.886901
0.886901
0.886901
0.886901
0.886901
0.886901
0.886901
0.887618
0.887618
0.887683
0.887683
0.885839
0.885839
0.884946
0.884946
0.887326
0.887326
0.888625
0.888625
0.886422
0.886422
0.886705
0.886705
0.884663
0.884663
0.88364
0.88364
0.883008
0.883008
0.886442
0.886442
0.886267
0.886267
0.886844
0.886844
0.886423
0.886423
0.887337
0.887337
0.88668
0.88668
0.885998
0.885998
0.886366
0.886366
0.884771
0.884771
0.885766
0.885766
0.884376
0.884376
0.887828
0.887828
0.887875
0.887875
0.887875
0.887875
0.886589
0.886589
0.883835
0.883835
0.883835
0.883835
0.885803
0.885803
0.885803
0.885803
0.887875
0.887875
0.886589
0.886589
0.887828
0.887828
0.887828
0.887828
0.88513
0.88513
0.885731
0.885731
0.88513
0.88513
0.88513
0.88513
0.885731
0.885731
0.885731
0.885731
0.883835
0.883835
0.885803
0.885803
0.88708
0.88708
0.886486
0.886486
0.886486
0.886486
0.886848
0.886848
0.88708
0.88708
0.88708
0.88708
0.885123
0.885123
0.886494
0.886494
0.885874
0.885874
0.885874
0.885874
0.885669
0.885669
0.885669
0.885669
0.886486
0.886486
0.886848
0.886848
0.885123
0.885123
0.885123
0.885123
0.886494
0.886494
0.886494
0.886494
0.885874
0.885874
0.885669
0.885669
0.88614
0.88614
0.88614
0.88614
0.887268
0.887268
0.887268
0.887268
0.882632
0.882632
0.882632
0.882632
0.886341
0.886341
0.886341
0.886341
0.886143
0.886143
0.887668
0.887668
0.886143
0.886143
0.886143
0.886143
0.886072
0.886072
0.886072
0.886072
0.886072
0.886072
0.886072
0.886072
0.886072
0.886072
0.886494
0.886494
0.884001
0.884001
0.884001
0.884001
0.886901
0.886901
0.886901
0.886901
0.887828
0.887828
0.885803
0.885803
0.883835
0.883835
0.886486
0.886486
0.885123
0.885123
0.886143
0.886143
0.886143
0.886143
0.885731
0.885731
0.886072
0.886072
0.886522
0.886522
0.886072
0.886072
0.887302
0.887302
0.887302
0.887302
0.885183
0.885183
0.885183
0.885183
0.887875
0.887875
0.88513
0.88513
0.88708
0.88708
0.885669
0.885669
0.885874
0.885874
0.886143
0.886143
0.886143
0.886143
0.886072
0.886072
0.886143
0.886143
0.886143
0.886143
0.886143
0.886143
0.885731
0.885731
0.886072
0.886072
0.886522
0.886522
0.886072
0.886072
0.887302
0.887302
0.887302
0.887302
0.885183
0.885183
0.885183
0.885183
0.887875
0.887875
0.88513
0.88513
0.88708
0.88708
0.885669
0.885669
0.885874
0.885874
0.886143
0.886143
0.886143
0.886143
0.886072
0.886072
0.886143
0.886143
0.887668
0.887668
0.886143
0.886143
0.886072
0.886072
0.886072
0.886072
0.886072
0.886072
0.884001
0.884001
0.884001
0.884001
0.886901
0.886901
0.886901
0.886901
0.887828
0.887828
0.885803
0.885803
0.883835
0.883835
0.886486
0.886486
0.886494
0.886494
0.885123
0.885123
0.886143
0.886143
0.886072
0.886072
0.886143
0.886143
0.886072
0.886072
