4
2500
0.886583
0.886583
0.885091
0.885091
0.885704
0.885704
0.886583
0.886583
0.886489
0.886489
0.886941
0.886941
0.886721
0.886721
0.886516
0.886516
0.887137
0.887137
0.886725
0.886725
0.885088
0.885088
0.883375
0.883375
0.884164
0.884164
0.883759
0.883759
0.883011
0.883011
0.886874
0.886874
0.886721
0.886721
0.886941
0.886941
0.887193
0.887193
0.886721
0.886721
0.886721
0.886721
0.886874
0.886874
0.887137
0.887137
0.886516
0.886516
0.886721
0.886721
0.887193
0.887193
0.886084
0.886084
0.885088
0.885088
0.886725
0.886725
0.884969
0.884969
0.884677
0.884677
0.885088
0.885088
0.886084
0.886084
0.884164
0.884164
0.883375
0.883375
0.884677
0.884677
0.884969
0.884969
0.884441
0.884441
0.883011
0.883011
0.883759
0.883759
0.884994
0.884994
0.884585
0.884585
0.883011
0.883011
0.884441
0.884441
0.885824
0.885824
0.885704
0.885704
0.884585
0.884585
0.884994
0.884994
0.885704
0.885704
0.885824
0.885824
0.886094
0.886094
0.886489
0.886489
0.886583
0.886583
0.885704
0.885704
0.886499
0.886499
0.886941
0.886941
0.886489
0.886489
0.886259
0.886259
0.886984
0.886984
0.886874
0.886874
0.886941
0.886941
0.886499
0.886499
0.88737
0.88737
0.887193
0.887193
0.886874
0.886874
0.886984
0.886984
0.888091
0.888091
0.887137
0.887137
0.887193
0.887193
0.88737
0.88737
0.887552
0.887552
0.886725
0.886725
0.887137
0.887137
0.888091
0.888091
0.886616
0.886616
0.886084
0.886084
0.886725
0.886725
0.887552
0.887552
0.885727
0.885727
0.884969
0.884969
0.886084
0.886084
0.886616
0.886616
0.885031
0.885031
0.884164
0.884164
0.884969
0.884969
0.885727
0.885727
0.88521
0.88521
0.883759
0.883759
0.884164
0.884164
0.885031
0.885031
0.885297
0.885297
0.884441
0.884441
0.883759
0.883759
0.88521
0.88521
0.886195
0.886195
0.884994
0.884994
0.884441
0.884441
0.885297
0.885297
0.885745
0.885745
0.885824
0.885824
0.884994
0.884994
0.886195
0.886195
0.885824
0.885824
0.885745
0.885745
0.886094
0.886094
0.886259
0.886259
0.886489
0.886489
0.886094
0.886094
0.88652
0.88652
0.886499
0.886499
0.886259
0.886259
0.886672
0.886672
0.886509
0.886509
0.886984
0.886984
0.886499
0.886499
0.88652
0.88652
0.886642
0.886642
0.88737
0.88737
0.886984
0.886984
0.886509
0.886509
0.887367
0.887367
0.888091
0.888091
0.88737
0.88737
0.886642
0.886642
0.887748
0.887748
0.887552
0.887552
0.888091
0.888091
0.887367
0.887367
0.887762
0.887762
0.886616
0.886616
0.887552
0.887552
0.887748
0.887748
0.887503
0.887503
0.885727
0.885727
0.886616
0.886616
0.887762
0.887762
0.886739
0.886739
0.885031
0.885031
0.885727
0.885727
0.887503
0.887503
0.886363
0.886363
0.88521
0.88521
0.885031
0.885031
0.886739
0.886739
0.886193
0.886193
0.885297
0.885297
0.88521
0.88521
0.886363
0.886363
0.886358
0.886358
0.886195
0.886195
0.885297
0.885297
0.886193
0.886193
0.886459
0.886459
0.885745
0.885745
0.886195
0.886195
0.886358
0.886358
0.885953
0.885953
0.886672
0.886672
0.886094
0.886094
0.885745
0.885745
0.885953
0.885953
0.886672
0.886672
0.886259
0.886259
0.886779
0.886779
0.88652
0.88652
0.886672
0.886672
0.887029
0.887029
0.88652
0.88652
0.886779
0.886779
0.887029
0.887029
0.886509
0.886509
0.886196
0.886196
0.886642
0.886642
0.886509
0.886509
0.887029
0.887029
0.886449
0.886449
0.887367
0.887367
0.886642
0.886642
0.886196
0.886196
0.887806
0.887806
0.887748
0.887748
0.887367
0.887367
0.886449
0.886449
0.888114
0.888114
0.887762
0.887762
0.887748
0.887748
0.887806
0.887806
0.888512
0.888512
0.887503
0.887503
0.887762
0.887762
0.888114
0.888114
0.888129
0.888129
0.886739
0.886739
0.887503
0.887503
0.888512
0.888512
0.887607
0.887607
0.886363
0.886363
0.886739
0.886739
0.888129
0.888129
0.887319
0.887319
0.886193
0.886193
0.886363
0.886363
0.887607
0.887607
0.886892
0.886892
0.886358
0.886358
0.886193
0.886193
0.887319
0.887319
0.887303
0.887303
0.886459
0.886459
0.886358
0.886358
0.886892
0.886892
0.887002
0.887002
0.885953
0.885953
0.886459
0.886459
0.887303
0.887303
0.885953
0.885953
0.887002
0.887002
0.886672
0.886672
0.886916
0.886916
0.886779
0.886779
0.886916
0.886916
0.886561
0.886561
0.887029
0.887029
0.886779
0.886779
0.886165
0.886165
0.886196
0.886196
0.887029
0.887029
0.886561
0.886561
0.886165
0.886165
0.886449
0.886449
0.886196
0.886196
0.88692
0.88692
0.887806
0.887806
0.887249
0.887249
0.888114
0.888114
0.887806
0.887806
0.88692
0.88692
0.887249
0.887249
0.888512
0.888512
0.888114
0.888114
0.888359
0.888359
0.888129
0.888129
0.888512
0.888512
0.887249
0.887249
0.888359
0.888359
0.887607
0.887607
0.888129
0.888129
0.88812
0.88812
0.887319
0.887319
0.887255
0.887255
0.886892
0.886892
0.887319
0.887319
0.88812
0.88812
0.887255
0.887255
0.887303
0.887303
0.886892
0.886892
0.886561
0.886561
0.886916
0.886916
0.887303
0.887303
0.887255
0.887255
0.886561
0.886561
0.886779
0.886779
0.886916
0.886916
0.886561
0.886561
0.88692
0.88692
0.886165
0.886165
0.886561
0.886561
0.887249
0.887249
0.88692
0.88692
0.886561
0.886561
0.888359
0.888359
0.887249
0.887249
0.886561
0.886561
0.88812
0.88812
0.888359
0.888359
0.886561
0.886561
0.887255
0.887255
0.88812
0.88812
0.888247
0.888247
0.888184
0.888184
0.885091
0.885091
0.882806
0.882806
0.887673
0.887673
0.888247
0.888247
0.882806
0.882806
0.882806
0.882806
0.883861
0.883861
0.887166
0.887166
0.887673
0.887673
0.887062
0.887062
0.887166
0.887166
0.883861
0.883861
0.883861
0.883861
0.886422
0.886422
0.886731
0.886731
0.887062
0.887062
0.886658
0.886658
0.88658
0.88658
0.886422
0.886422
0.885734
0.885734
0.886736
0.886736
0.886658
0.886658
0.885734
0.885734
0.885734
0.885734
0.885091
0.885091
0.887875
0.887875
0.886736
0.886736
0.887875
0.887875
0.885091
0.885091
0.888184
0.888184
0.887016
0.887016
0.887268
0.887268
0.888247
0.888247
0.887673
0.887673
0.887673
0.887673
0.887166
0.887166
0.886205
0.886205
0.887016
0.887016
0.886379
0.886379
0.886214
0.886214
0.887166
0.887166
0.887062
0.887062
0.887062
0.887062
0.886731
0.886731
0.886524
0.886524
0.886379
0.886379
0.88658
0.88658
0.886731
0.886731
0.886422
0.886422
0.886696
0.886696
0.886423
0.886423
0.886658
0.886658
0.886736
0.886736
0.886736
0.886736
0.887875
0.887875
0.88719
0.88719
0.886696
0.886696
0.886205
0.886205
0.887166
0.887166
0.886214
0.886214
0.886524
0.886524
0.886731
0.886731
0.886739
0.886739
0.88658
0.88658
0.886739
0.886739
0.886423
0.886423
0.88719
0.88719
0.887875
0.887875
0.887786
0.887786
0.887875
0.887875
0.888184
0.888184
0.887874
0.887874
0.887786
0.887786
0.887017
0.887017
0.887874
0.887874
0.888184
0.888184
0.888184
0.888184
0.888247
0.888247
0.887268
0.887268
0.887268
0.887268
0.887016
0.887016
0.88534
0.88534
0.885936
0.885936
0.887016
0.887016
0.886205
0.886205
0.885155
0.885155
0.88534
0.88534
0.886205
0.886205
0.886214
0.886214
0.885276
0.885276
0.885155
0.885155
0.886214
0.886214
0.886379
0.886379
0.886192
0.886192
0.885276
0.885276
0.886379
0.886379
0.886524
0.886524
0.886269
0.886269
0.886192
0.886192
0.886524
0.886524
0.886739
0.886739
0.886233
0.886233
0.886269
0.886269
0.886739
0.886739
0.88658
0.88658
0.886333
0.886333
0.886233
0.886233
0.88658
0.88658
0.886423
0.886423
0.886499
0.886499
0.886333
0.886333
0.886423
0.886423
0.886696
0.886696
0.887226
0.887226
0.886499
0.886499
0.886696
0.886696
0.88719
0.88719
0.887426
0.887426
0.887226
0.887226
0.88719
0.88719
0.887786
0.887786
0.887979
0.887979
0.887426
0.887426
0.887786
0.887786
0.887874
0.887874
0.886788
0.886788
0.887979
0.887979
0.887017
0.887017
0.886788
0.886788
0.887874
0.887874
0.887017
0.887017
0.887268
0.887268
0.885936
0.885936
0.885936
0.885936
0.88534
0.88534
0.88498
0.88498
0.886016
0.886016
0.88534
0.88534
0.885155
0.885155
0.884163
0.884163
0.88498
0.88498
0.885155
0.885155
0.885276
0.885276
0.883785
0.883785
0.884163
0.884163
0.885276
0.885276
0.886192
0.886192
0.884411
0.884411
0.883785
0.883785
0.886192
0.886192
0.886269
0.886269
0.885075
0.885075
0.884411
0.884411
0.886269
0.886269
0.886233
0.886233
0.88583
0.88583
0.885075
0.885075
0.886233
0.886233
0.886333
0.886333
0.88647
0.88647
0.88583
0.88583
0.886333
0.886333
0.886499
0.886499
0.886619
0.886619
0.88647
0.88647
0.886499
0.886499
0.887226
0.887226
0.886969
0.886969
0.886619
0.886619
0.887226
0.887226
0.887426
0.887426
0.887179
0.887179
0.886969
0.886969
0.887426
0.887426
0.887979
0.887979
0.887298
0.887298
0.887179
0.887179
0.887979
0.887979
0.886788
0.886788
0.886994
0.886994
0.887298
0.887298
0.88584
0.88584
0.886788
0.886788
0.887017
0.887017
0.886016
0.886016
0.88584
0.88584
0.885936
0.885936
0.886016
0.886016
0.886016
0.886016
0.88498
0.88498
0.88483
0.88483
0.88483
0.88483
0.88498
0.88498
0.884242
0.884242
0.884163
0.884163
0.884242
0.884242
0.884163
0.884163
0.883785
0.883785
0.882874
0.882874
0.884242
0.884242
0.883785
0.883785
0.884411
0.884411
0.882927
0.882927
0.882874
0.882874
0.884411
0.884411
0.885075
0.885075
0.884439
0.884439
0.882927
0.882927
0.885075
0.885075
0.88583
0.88583
0.8852
0.8852
0.884439
0.884439
0.88583
0.88583
0.88647
0.88647
0.88626
0.88626
0.8852
0.8852
0.88647
0.88647
0.886619
0.886619
0.886612
0.886612
0.88626
0.88626
0.886619
0.886619
0.886969
0.886969
0.886708
0.886708
0.886612
0.886612
0.886969
0.886969
0.887179
0.887179
0.886826
0.886826
0.886708
0.886708
0.887179
0.887179
0.887298
0.887298
0.886477
0.886477
0.886826
0.886826
0.887298
0.887298
0.886994
0.886994
0.8865
0.8865
0.886477
0.886477
0.886994
0.886994
0.88584
0.88584
0.886301
0.886301
0.8865
0.8865
0.886016
0.886016
0.886301
0.886301
0.88584
0.88584
0.885514
0.885514
0.88483
0.88483
0.885514
0.885514
0.88483
0.88483
0.884242
0.884242
0.883853
0.883853
0.884242
0.884242
0.882874
0.882874
0.882759
0.882759
0.883853
0.883853
0.882874
0.882874
0.882927
0.882927
0.882759
0.882759
0.884439
0.884439
0.883465
0.883465
0.884439
0.884439
0.8852
0.8852
0.884154
0.884154
0.883465
0.883465
0.8852
0.8852
0.88626
0.88626
0.884154
0.884154
0.88626
0.88626
0.886612
0.886612
0.885864
0.885864
0.884154
0.884154
0.886612
0.886612
0.886708
0.886708
0.885864
0.885864
0.886826
0.886826
0.886166
0.886166
0.886826
0.886826
0.886477
0.886477
0.885393
0.885393
0.886166
0.886166
0.886477
0.886477
0.8865
0.8865
0.885393
0.885393
0.8865
0.8865
0.885514
0.885514
0.883853
0.883853
0.885393
0.885393
0.885514
0.885514
0.88483
0.88483
0.883853
0.883853
0.882759
0.882759
0.883465
0.883465
0.883853
0.883853
0.883465
0.883465
0.884154
0.884154
0.883853
0.883853
0.884154
0.884154
0.885864
0.885864
0.883853
0.883853
0.885864
0.885864
0.886166
0.886166
0.883853
0.883853
0.886166
0.886166
0.885393
0.885393
0.883853
0.883853
0.886583
0.886583
0.882806
0.882806
0.885091
0.885091
0.882806
0.882806
0.886583
0.886583
0.886721
0.886721
0.882806
0.882806
0.886721
0.886721
0.886721
0.886721
0.883861
0.883861
0.883861
0.883861
0.886721
0.886721
0.886516
0.886516
0.883861
0.883861
0.886516
0.886516
0.885088
0.885088
0.886422
0.886422
0.886422
0.886422
0.885088
0.885088
0.884677
0.884677
0.886422
0.886422
0.884677
0.884677
0.883375
0.883375
0.885734
0.885734
0.885734
0.885734
0.883375
0.883375
0.883011
0.883011
0.885734
0.885734
0.883011
0.883011
0.884585
0.884585
0.885091
0.885091
0.885091
0.885091
0.884585
0.884585
0.885704
0.885704
