4
2500
0.885395
0.885395
0.885441
0.885441
0.885441
0.885441
0.885395
0.885395
0.886169
0.886169
0.886169
0.886169
0.886237
0.886237
0.886237
0.886237
0.885732
0.885732
0.885732
0.885732
0.886233
0.886233
0.886233
0.886233
0.886256
0.886256
0.886256
0.886256
0.886466
0.886466
0.886256
0.886256
0.886256
0.886256
0.886466
0.886466
0.886439
0.886439
0.886439
0.886439
0.886876
0.886876
0.886876
0.886876
0.887523
0.887523
0.887523
0.887523
0.887499
0.887499
0.887499
0.887499
0.888089
0.888089
0.888089
0.888089
0.887785
0.887785
0.887785
0.887785
0.886757
0.886757
0.886757
0.886757
0.886634
0.886634
0.886634
0.886634
0.885994
0.885994
0.885994
0.885994
0.885567
0.885567
0.885567
0.885567
0.88499
0.88499
0.88499
0.88499
0.88502
0.88502
0.88502
0.88502
0.887707
0.887707
0.887156
0.887156
0.887156
0.887156
0.887707
0.887707
0.886756
0.886756
0.886756
0.886756
0.886118
0.886118
0.886118
0.886118
0.88626
0.88626
0.88626
0.88626
0.886682
0.886682
0.886682
0.886682
0.886514
0.886514
0.886514
0.886514
0.886306
0.886306
0.886306
0.886306
0.886435
0.886435
0.886435
0.886435
0.88668
0.88668
0.88668
0.88668
0.886759
0.886759
0.886759
0.886759
0.886621
0.886621
0.886621
0.886621
0.88654
0.88654
0.88654
0.88654
0.887077
0.887077
0.887077
0.887077
0.887226
0.887226
0.887226
0.887226
0.887526
0.887526
0.887526
0.887526
0.887714
0.887714
0.887714
0.887714
0.888127
0.888127
0.888127
0.888127
0.88796
0.88796
0.88796
0.88796
0.888025
0.888025
0.888025
0.888025
0.887039
0.887039
0.887024
0.887024
0.886901
0.886901
0.88691
0.88691
0.886889
0.886889
0.886846
0.886846
0.886736
0.886736
0.886741
0.886741
0.88679
0.88679
0.886836
0.886836
0.886854
0.886854
0.886883
0.886883
0.886901
0.886901
0.886839
0.886839
0.886838
0.886838
0.886875
0.886875
0.886896
0.886896
0.886835
0.886835
0.886862
0.886862
0.88687
0.88687
0.886933
0.886933
0.884109
0.884109
0.884155
0.884155
0.8841
0.8841
0.884135
0.884135
0.884137
0.884137
0.884085
0.884085
0.884142
0.884142
0.884082
0.884082
0.883972
0.883972
0.883996
0.883996
0.883863
0.883863
0.883877
0.883877
0.883829
0.883829
0.88382
0.88382
0.883765
0.883765
0.883741
0.883741
0.88371
0.88371
0.883759
0.883759
0.883692
0.883692
0.883728
0.883728
0.88371
0.88371
0.883665
0.883665
0.883878
0.883878
0.883919
0.883919
0.883952
0.883952
0.883926
0.883926
0.884
0.884
0.883989
0.883989
0.884029
0.884029
0.884024
0.884024
0.884017
0.884017
0.884015
0.884015
0.884018
0.884018
0.88402
0.88402
0.884039
0.884039
0.884046
0.884046
0.884026
0.884026
0.884034
0.884034
0.884018
0.884018
0.884041
0.884041
0.88492
0.88492
0.885085
0.885085
0.885085
0.885085
0.88492
0.88492
0.884529
0.884529
0.884529
0.884529
0.883752
0.883752
0.883752
0.883752
0.883693
0.883693
0.883693
0.883693
0.883753
0.883753
0.883753
0.883753
0.883798
0.883798
0.883798
0.883798
0.883323
0.883323
0.883323
0.883323
0.883309
0.883309
0.883309
0.883309
0.88354
0.88354
0.88354
0.88354
0.883585
0.883585
0.883585
0.883585
0.883303
0.883303
0.883303
0.883303
0.883239
0.883239
0.883239
0.883239
0.883699
0.883699
0.883699
0.883699
0.884219
0.884219
0.884219
0.884219
0.884525
0.884525
0.884525
0.884525
0.884899
0.884899
0.884899
0.884899
0.885169
0.885169
0.885169
0.885169
0.885193
0.885193
0.885193
0.885193
0.885327
0.885327
0.885327
0.885327
0.887455
0.887455
0.88774
0.88774
0.887773
0.887773
0.887426
0.887426
0.887793
0.887793
0.887838
0.887838
0.8879
0.8879
0.8879
0.8879
0.886894
0.886894
0.886857
0.886857
0.886268
0.886268
0.886268
0.886268
0.8858
0.8858
0.885813
0.885813
0.885366
0.885366
0.885328
0.885328
0.884995
0.884995
0.884994
0.884994
0.884688
0.884688
0.88472
0.88472
0.885049
0.885049
0.885021
0.885021
0.885034
0.885034
0.885056
0.885056
0.885937
0.885937
0.885898
0.885898
0.885903
0.885903
0.885898
0.885898
0.885751
0.885751
0.88579
0.88579
0.886234
0.886234
0.886234
0.886234
0.886193
0.886193
0.886193
0.886193
0.886513
0.886513
0.886552
0.886552
0.88661
0.88661
0.886616
0.886616
0.887311
0.887311
0.887314
0.887314
0.88425
0.88425
0.882934
0.882934
0.88292
0.88292
0.884232
0.884232
0.886142
0.886142
0.888042
0.888042
0.887078
0.887078
0.886341
0.886341
0.884453
0.884453
0.883727
0.883727
0.88425
0.88425
0.886341
0.886341
0.886924
0.886924
0.886509
0.886509
0.885144
0.885144
0.884139
0.884139
0.884453
0.884453
0.886509
0.886509
0.886924
0.886924
0.886763
0.886763
0.886365
0.886365
0.88583
0.88583
0.884182
0.884182
0.885144
0.885144
0.886365
0.886365
0.886763
0.886763
0.886361
0.886361
0.886539
0.886539
0.885994
0.885994
0.884802
0.884802
0.88583
0.88583
0.886539
0.886539
0.886649
0.886649
0.886787
0.886787
0.886601
0.886601
0.885494
0.885494
0.885994
0.885994
0.886787
0.886787
0.886649
0.886649
0.886757
0.886757
0.886155
0.886155
0.886567
0.886567
0.886049
0.886049
0.886601
0.886601
0.886155
0.886155
0.886757
0.886757
0.886579
0.886579
0.886572
0.886572
0.887348
0.887348
0.886233
0.886233
0.886567
0.886567
0.886572
0.886572
0.886579
0.886579
0.885811
0.885811
0.88629
0.88629
0.886893
0.886893
0.886139
0.886139
0.887348
0.887348
0.88629
0.88629
0.885811
0.885811
0.886407
0.886407
0.887266
0.887266
0.886974
0.886974
0.885965
0.885965
0.886893
0.886893
0.887266
0.887266
0.886407
0.886407
0.886741
0.886741
0.887439
0.887439
0.887422
0.887422
0.885895
0.885895
0.886974
0.886974
0.887439
0.887439
0.886741
0.886741
0.887848
0.887848
0.887627
0.887627
0.887073
0.887073
0.884854
0.884854
0.887422
0.887422
0.887627
0.887627
0.888021
0.888021
0.888066
0.888066
0.887047
0.887047
0.884314
0.884314
0.887073
0.887073
0.888066
0.888066
0.888021
0.888021
0.888252
0.888252
0.887721
0.887721
0.886105
0.886105
0.884168
0.884168
0.887047
0.887047
0.887721
0.887721
0.888252
0.888252
0.887894
0.887894
0.887209
0.887209
0.886126
0.886126
0.883941
0.883941
0.886105
0.886105
0.887209
0.887209
0.887894
0.887894
0.88821
0.88821
0.886774
0.886774
0.885619
0.885619
0.883625
0.883625
0.886126
0.886126
0.886774
0.886774
0.888325
0.888325
0.886599
0.886599
0.88453
0.88453
0.883429
0.883429
0.885619
0.885619
0.886599
0.886599
0.888325
0.888325
0.888142
0.888142
0.886616
0.886616
0.883965
0.883965
0.882943
0.882943
0.88453
0.88453
0.886616
0.886616
0.888142
0.888142
0.887716
0.887716
0.885953
0.885953
0.883359
0.883359
0.882798
0.882798
0.883965
0.883965
0.885953
0.885953
0.887851
0.887851
0.886492
0.886492
0.884232
0.884232
0.883359
0.883359
0.886492
0.886492
0.887851
0.887851
0.888042
0.888042
0.886142
0.886142
0.887222
0.887222
0.886848
0.886848
0.886392
0.886392
0.886339
0.886339
0.886562
0.886562
0.886666
0.886666
0.886309
0.886309
0.886598
0.886598
0.8868
0.8868
0.886986
0.886986
0.886739
0.886739
0.886459
0.886459
0.886869
0.886869
0.887206
0.887206
0.887462
0.887462
0.887611
0.887611
0.887484
0.887484
0.887494
0.887494
0.887496
0.887496
0.88731
0.88731
0.884696
0.884696
0.886747
0.886747
0.887243
0.887243
0.885589
0.885589
0.88426
0.88426
0.886965
0.886965
0.884151
0.884151
0.885959
0.885959
0.884083
0.884083
0.886046
0.886046
0.88363
0.88363
0.885217
0.885217
0.883305
0.883305
0.884586
0.884586
0.88299
0.88299
0.883798
0.883798
0.882991
0.882991
0.882891
0.882891
0.883052
0.883052
0.883799
0.883799
0.883097
0.883097
0.884016
0.884016
0.883576
0.883576
0.883904
0.883904
0.883979
0.883979
0.885056
0.885056
0.884207
0.884207
0.885622
0.885622
0.884748
0.884748
0.886039
0.886039
0.885308
0.885308
0.886707
0.886707
0.885788
0.885788
0.886412
0.886412
0.886043
0.886043
0.887118
0.887118
0.885992
0.885992
0.886683
0.886683
0.885879
0.885879
0.887515
0.887515
0.887392
0.887392
0.886937
0.886937
0.886779
0.886779
0.887006
0.887006
0.887078
0.887078
0.885574
0.885574
0.887097
0.887097
0.885389
0.885389
0.88609
0.88609
0.884967
0.884967
0.886149
0.886149
0.884111
0.884111
0.885685
0.885685
0.884135
0.884135
0.884543
0.884543
0.883819
0.883819
0.883983
0.883983
0.883357
0.883357
0.883361
0.883361
0.882484
0.882484
0.884306
0.884306
0.883128
0.883128
0.884287
0.884287
0.883275
0.883275
0.884704
0.884704
0.884383
0.884383
0.885156
0.885156
0.884475
0.884475
0.885847
0.885847
0.885171
0.885171
0.885989
0.885989
0.885131
0.885131
0.886502
0.886502
0.885911
0.885911
0.886589
0.886589
0.886611
0.886611
0.88728
0.88728
0.886704
0.886704
0.886854
0.886854
0.886549
0.886549
0.883998
0.883998
0.883999
0.883999
0.88418
0.88418
0.884202
0.884202
0.884114
0.884114
0.883999
0.883999
0.884072
0.884072
0.884
0.884
0.883983
0.883983
0.884001
0.884001
0.883845
0.883845
0.884002
0.884002
0.8838
0.8838
0.884003
0.884003
0.883755
0.883755
0.884004
0.884004
0.883722
0.883722
0.884005
0.884005
0.883749
0.883749
0.884005
0.884005
0.883712
0.883712
0.884005
0.884005
0.883703
0.883703
0.884005
0.884005
0.883758
0.883758
0.884005
0.884005
0.88383
0.88383
0.884004
0.884004
0.88394
0.88394
0.884003
0.884003
0.883955
0.883955
0.884002
0.884002
0.883947
0.883947
0.884001
0.884001
0.883974
0.883974
0.884
0.884
0.884036
0.884036
0.883999
0.883999
0.884111
0.884111
0.883999
0.883999
0.884507
0.884507
0.88477
0.88477
0.884097
0.884097
0.88392
0.88392
0.883826
0.883826
0.883794
0.883794
0.883444
0.883444
0.883562
0.883562
0.88361
0.88361
0.883656
0.883656
0.883513
0.883513
0.883248
0.883248
0.883562
0.883562
0.884066
0.884066
0.884574
0.884574
0.88473
0.88473
0.884574
0.884574
0.884796
0.884796
0.884857
0.884857
0.884845
0.884845
0.884001
0.884001
0.88425
0.88425
0.884232
0.884232
0.886492
0.886492
0.886142
0.886142
0.884453
0.884453
0.886341
0.886341
0.885144
0.885144
0.886509
0.886509
0.88583
0.88583
0.886365
0.886365
0.885994
0.885994
0.886539
0.886539
0.886601
0.886601
0.886787
0.886787
0.886567
0.886567
0.886601
0.886601
0.886787
0.886787
0.886155
0.886155
0.887348
0.887348
0.886572
0.886572
0.886893
0.886893
0.88629
0.88629
0.886974
0.886974
0.887266
0.887266
0.887422
0.887422
0.887439
0.887439
0.887073
0.887073
0.887627
0.887627
0.887047
0.887047
0.888066
0.888066
0.886105
0.886105
0.887721
0.887721
0.886126
0.886126
0.887209
0.887209
0.885619
0.885619
0.886774
0.886774
0.88453
0.88453
0.886599
0.886599
0.883965
0.883965
0.886616
0.886616
0.883359
0.883359
0.885953
0.885953
0.887851
0.887851
0.886924
0.886924
0.886579
0.886579
0.888252
0.888252
0.888142
0.888142
