4
2500
0.886641
0.886641
0.886503
0.886503
0.886391
0.886391
0.886641
0.886641
0.886391
0.886391
0.886368
0.886368
0.886641
0.886641
0.886368
0.886368
0.886333
0.886333
0.886641
0.886641
0.886333
0.886333
0.886391
0.886391
0.886641
0.886641
0.886391
0.886391
0.886462
0.886462
0.886641
0.886641
0.886462
0.886462
0.886477
0.886477
0.886641
0.886641
0.886477
0.886477
0.886543
0.886543
0.886641
0.886641
0.886543
0.886543
0.886689
0.886689
0.886641
0.886641
0.886689
0.886689
0.886758
0.886758
0.886641
0.886641
0.886758
0.886758
0.886841
0.886841
0.886641
0.886641
0.886841
0.886841
0.886887
0.886887
0.886641
0.886641
0.886887
0.886887
0.886889
0.886889
0.886641
0.886641
0.886889
0.886889
0.886834
0.886834
0.886641
0.886641
0.886834
0.886834
0.886729
0.886729
0.886641
0.886641
0.886729
0.886729
0.886612
0.886612
0.886641
0.886641
0.886612
0.886612
0.886503
0.886503
0.88626
0.88626
0.886122
0.886122
0.886122
0.886122
0.88626
0.88626
0.886164
0.886164
0.886164
0.886164
0.88621
0.88621
0.88621
0.88621
0.886317
0.886317
0.886317
0.886317
0.886206
0.886206
0.886206
0.886206
0.886298
0.886298
0.886298
0.886298
0.886391
0.886391
0.886391
0.886391
0.886648
0.886648
0.886648
0.886648
0.886914
0.886914
0.886914
0.886914
0.887258
0.887258
0.887258
0.887258
0.88721
0.88721
0.88721
0.88721
0.886939
0.886939
0.886939
0.886939
0.886821
0.886821
0.886821
0.886821
0.88658
0.88658
0.88658
0.88658
0.886501
0.886501
0.886501
0.886501
0.88626
0.88626
0.88626
0.88626
0.887841
0.887841
0.8875
0.8875
0.888048
0.888048
0.888151
0.888151
0.887491
0.887491
0.887751
0.887751
0.88828
0.88828
0.888189
0.888189
0.887751
0.887751
0.888487
0.888487
0.888156
0.888156
0.888315
0.888315
0.887329
0.887329
0.886961
0.886961
0.886655
0.886655
0.886191
0.886191
0.884919
0.884919
0.885371
0.885371
0.884207
0.884207
0.884552
0.884552
0.884178
0.884178
0.884823
0.884823
0.884318
0.884318
0.88525
0.88525
0.884226
0.884226
0.885209
0.885209
0.885957
0.885957
0.885818
0.885818
0.886911
0.886911
0.886849
0.886849
0.887193
0.887193
0.887828
0.887828
0.887841
0.887841
0.888151
0.888151
0.887095
0.887095
0.887651
0.887651
0.887606
0.887606
0.887469
0.887469
0.886536
0.886536
0.887027
0.887027
0.886555
0.886555
0.887713
0.887713
0.886901
0.886901
0.887652
0.887652
0.887925
0.887925
0.888478
0.888478
0.88741
0.88741
0.887637
0.887637
0.886135
0.886135
0.886483
0.886483
0.885394
0.885394
0.88518
0.88518
0.884068
0.884068
0.883677
0.883677
0.883019
0.883019
0.883449
0.883449
0.883082
0.883082
0.883412
0.883412
0.884001
0.884001
0.884088
0.884088
0.886041
0.886041
0.885225
0.885225
0.886827
0.886827
0.886484
0.886484
0.886942
0.886942
0.88746
0.88746
0.887469
0.887469
0.887606
0.887606
0.88632
0.88632
0.886941
0.886941
0.886547
0.886547
0.886469
0.886469
0.886613
0.886613
0.886809
0.886809
0.886862
0.886862
0.886548
0.886548
0.885519
0.885519
0.884681
0.884681
0.883602
0.883602
0.884329
0.884329
0.8848
0.8848
0.886567
0.886567
0.886932
0.886932
0.887068
0.887068
0.886941
0.886941
0.886263
0.886263
0.886481
0.886481
0.886912
0.886912
0.887036
0.887036
0.88669
0.88669
0.887102
0.887102
0.886838
0.886838
0.88656
0.88656
0.886274
0.886274
0.885588
0.885588
0.88499
0.88499
0.885372
0.885372
0.885979
0.885979
0.886454
0.886454
0.88631
0.88631
0.886643
0.886643
0.886481
0.886481
0.886366
0.886366
0.886542
0.886542
0.88685
0.88685
0.886894
0.886894
0.886377
0.886377
0.88721
0.88721
0.887267
0.887267
0.886298
0.886298
0.886181
0.886181
0.885173
0.885173
0.884406
0.884406
0.885082
0.885082
0.885304
0.885304
0.886406
0.886406
0.886661
0.886661
0.887003
0.887003
0.886542
0.886542
0.887546
0.887546
0.887359
0.887359
0.886564
0.886564
0.886198
0.886198
0.886948
0.886948
0.888116
0.888116
0.88731
0.88731
0.88622
0.88622
0.885373
0.885373
0.883911
0.883911
0.882704
0.882704
0.883173
0.883173
0.883949
0.883949
0.885781
0.885781
0.886881
0.886881
0.88706
0.88706
0.887546
0.887546
0.888106
0.888106
0.888168
0.888168
0.887712
0.887712
0.88823
0.88823
0.888513
0.888513
0.888357
0.888357
0.886892
0.886892
0.886233
0.886233
0.885382
0.885382
0.884578
0.884578
0.884776
0.884776
0.885263
0.885263
0.885201
0.885201
0.885837
0.885837
0.886839
0.886839
0.887894
0.887894
0.888106
0.888106
0.886638
0.886638
0.88695
0.88695
0.887187
0.887187
0.887169
0.887169
0.886922
0.886922
0.886846
0.886846
0.886653
0.886653
0.886534
0.886534
0.886297
0.886297
0.886129
0.886129
0.886208
0.886208
0.886245
0.886245
0.886304
0.886304
0.886226
0.886226
0.886261
0.886261
0.88643
0.88643
0.886638
0.886638
0.886641
0.886641
0.886641
0.886641
0.886641
0.886641
0.886641
0.886641
0.886641
0.886641
0.886656
0.886656
0.886656
0.886656
0.886656
0.886656
0.886656
0.886656
0.886656
0.886656
0.886656
0.886656
0.886656
0.886656
0.886641
0.886641
0.886641
0.886641
0.886641
0.886641
0.886641
0.886641
0.886641
0.886641
0.88763
0.88763
0.887469
0.887469
0.887095
0.887095
0.887605
0.887605
0.886536
0.886536
0.886952
0.886952
0.886555
0.886555
0.887688
0.887688
0.886901
0.886901
0.887642
0.887642
0.887925
0.887925
0.888543
0.888543
0.88741
0.88741
0.88764
0.88764
0.886135
0.886135
0.886463
0.886463
0.885394
0.885394
0.885217
0.885217
0.884068
0.884068
0.883583
0.883583
0.883019
0.883019
0.88344
0.88344
0.883082
0.883082
0.883358
0.883358
0.884001
0.884001
0.884093
0.884093
0.886041
0.886041
0.885154
0.885154
0.886827
0.886827
0.886506
0.886506
0.886942
0.886942
0.887405
0.887405
0.887469
0.887469
0.88763
0.88763
0.887618
0.887618
0.887492
0.887492
0.887685
0.887685
0.887795
0.887795
0.887487
0.887487
0.887717
0.887717
0.886699
0.886699
0.886356
0.886356
0.885903
0.885903
0.885632
0.885632
0.885657
0.885657
0.885805
0.885805
0.885997
0.885997
0.886036
0.886036
0.88656
0.88656
0.887171
0.887171
0.887618
0.887618
0.887469
0.887469
0.887095
0.887095
0.886536
0.886536
0.886555
0.886555
0.886901
0.886901
0.887925
0.887925
0.88741
0.88741
0.886135
0.886135
0.885394
0.885394
0.884068
0.884068
0.883019
0.883019
0.883082
0.883082
0.884001
0.884001
0.886041
0.886041
0.886827
0.886827
0.886942
0.886942
0.887469
0.887469
0.886663
0.886663
0.886893
0.886893
0.887343
0.887343
0.887244
0.887244
0.887041
0.887041
0.886872
0.886872
0.886587
0.886587
0.886399
0.886399
0.886159
0.886159
0.886087
0.886087
0.886197
0.886197
0.886194
0.886194
0.886342
0.886342
0.886184
0.886184
0.886414
0.886414
0.886447
0.886447
0.886663
0.886663
0.887469
0.887469
0.887095
0.887095
0.887634
0.887634
0.887595
0.887595
0.886536
0.886536
0.88708
0.88708
0.886555
0.886555
0.887743
0.887743
0.886901
0.886901
0.887627
0.887627
0.887925
0.887925
0.888467
0.888467
0.88741
0.88741
0.887602
0.887602
0.886135
0.886135
0.886489
0.886489
0.885394
0.885394
0.885179
0.885179
0.884068
0.884068
0.883726
0.883726
0.883019
0.883019
0.883438
0.883438
0.883082
0.883082
0.883467
0.883467
0.884001
0.884001
0.884065
0.884065
0.886041
0.886041
0.885281
0.885281
0.886827
0.886827
0.886498
0.886498
0.886942
0.886942
0.887425
0.887425
0.887469
0.887469
0.887595
0.887595
0.887403
0.887403
0.88721
0.88721
0.887534
0.887534
0.887686
0.887686
0.88746
0.88746
0.887485
0.887485
0.886776
0.886776
0.886469
0.886469
0.885875
0.885875
0.88577
0.88577
0.885745
0.885745
0.885791
0.885791
0.886116
0.886116
0.885999
0.885999
0.886405
0.886405
0.887147
0.887147
0.887403
0.887403
0.887218
0.887218
0.88628
0.88628
0.88628
0.88628
0.887218
0.887218
0.886278
0.886278
0.884573
0.884573
0.884573
0.884573
0.886278
0.886278
0.886937
0.886937
0.886937
0.886937
0.886132
0.886132
0.886862
0.886862
0.886758
0.886758
0.886203
0.886203
0.886866
0.886866
0.88516
0.88516
0.886641
0.886641
0.888372
0.888372
0.885541
0.885541
0.886132
0.886132
0.886203
0.886203
0.886048
0.886048
0.883965
0.883965
0.883965
0.883965
0.885156
0.885156
0.883162
0.883162
0.884944
0.884944
0.886641
0.886641
0.886937
0.886937
0.886937
0.886937
0.886904
0.886904
0.886203
0.886203
0.886641
0.886641
0.887739
0.887739
0.886203
0.886203
0.885943
0.885943
0.883965
0.883965
0.883965
0.883965
0.884231
0.884231
0.886641
0.886641
0.886203
0.886203
0.886137
0.886137
0.886062
0.886062
0.886203
0.886203
0.886062
0.886062
0.886073
0.886073
0.886203
0.886203
0.886073
0.886073
0.886131
0.886131
0.886203
0.886203
0.886131
0.886131
0.886117
0.886117
0.886203
0.886203
0.886117
0.886117
0.886091
0.886091
0.886203
0.886203
0.886091
0.886091
0.886127
0.886127
0.886203
0.886203
0.886127
0.886127
0.886123
0.886123
0.886203
0.886203
0.886123
0.886123
0.886172
0.886172
0.886203
0.886203
0.886172
0.886172
0.88622
0.88622
0.886203
0.886203
0.88622
0.88622
0.88626
0.88626
0.886203
0.886203
0.88626
0.88626
0.886292
0.886292
0.886203
0.886203
0.886292
0.886292
0.88629
0.88629
0.886203
0.886203
0.88629
0.88629
0.886257
0.886257
0.886203
0.886203
0.886257
0.886257
0.886208
0.886208
0.886203
0.886203
0.886208
0.886208
0.886152
0.886152
0.886203
0.886203
0.886152
0.886152
0.886137
0.886137
0.885914
0.885914
0.885841
0.885841
0.885841
0.885841
0.885914
0.885914
0.88595
0.88595
0.88595
0.88595
0.886048
0.886048
0.886048
0.886048
0.886306
0.886306
0.886306
0.886306
0.886282
0.886282
0.886282
0.886282
0.886242
0.886242
0.886242
0.886242
0.886129
0.886129
0.886129
0.886129
0.886129
0.886129
0.886129
0.886129
0.886185
0.886185
0.886185
0.886185
0.886063
0.886063
0.886063
0.886063
0.886114
0.886114
0.886114
0.886114
0.886085
0.886085
0.886085
0.886085
0.886273
0.886273
0.886273
0.886273
0.886314
0.886314
0.886314
0.886314
0.886042
0.886042
0.886042
0.886042
0.885914
0.885914
0.885914
0.885914
0.886401
0.886401
0.887083
0.887083
0.886399
0.886399
0.886421
0.886421
0.886601
0.886601
0.886246
0.886246
0.886345
0.886345
0.886738
0.886738
0.885097
0.885097
0.886236
0.886236
0.88515
0.88515
0.885557
0.885557
0.884324
0.884324
0.88509
0.88509
0.884741
0.884741
0.885713
0.885713
0.885873
0.885873
0.886447
0.886447
0.886279
0.886279
0.886965
0.886965
0.887152
0.887152
0.886909
0.886909
0.887282
0.887282
0.886741
0.886741
0.886394
0.886394
0.886805
0.886805
0.886962
0.886962
0.887238
0.887238
0.886859
0.886859
0.886829
0.886829
0.886481
0.886481
0.886233
0.886233
0.886401
0.886401
0.886421
0.886421
0.886942
0.886942
0.887068
0.887068
0.886941
0.886941
0.887469
0.887469
0.886827
0.886827
0.886932
0.886932
0.886041
0.886041
0.886567
0.886567
0.884001
0.884001
0.8848
0.8848
0.883082
0.883082
0.884329
0.884329
0.883019
0.883019
0.883602
0.883602
0.884068
0.884068
0.884681
0.884681
0.885394
0.885394
0.885519
0.885519
0.886135
0.886135
0.886548
0.886548
0.88741
0.88741
0.886862
0.886862
0.887925
0.887925
0.886809
0.886809
0.886901
0.886901
0.886613
0.886613
0.886555
0.886555
0.886469
0.886469
0.886536
0.886536
0.886547
0.886547
0.887095
0.887095
0.88632
0.88632
0.887469
0.887469
0.886941
0.886941
0.88746
0.88746
0.887606
0.887606
0.886484
0.886484
0.885225
0.885225
0.884088
0.884088
0.883412
0.883412
0.883449
0.883449
0.883677
0.883677
0.88518
0.88518
0.886483
0.886483
0.887637
0.887637
0.888478
0.888478
0.887652
0.887652
0.887713
0.887713
0.887027
0.887027
0.887651
0.887651
0.887606
0.887606
0.887444
0.887444
0.888069
0.888069
0.886723
0.886723
0.886051
0.886051
0.88491
0.88491
0.884844
0.884844
0.884688
0.884688
0.884391
0.884391
0.885294
0.885294
0.886367
0.886367
0.887033
0.887033
0.888113
0.888113
0.888367
0.888367
0.888172
0.888172
0.887823
0.887823
0.888067
0.888067
0.888069
0.888069
0.887205
0.887205
0.888098
0.888098
0.887067
0.887067
0.885973
0.885973
0.884332
0.884332
0.884392
0.884392
0.884313
0.884313
0.88422
0.88422
0.885154
0.885154
0.886624
0.886624
0.88739
0.88739
0.888171
0.888171
0.887877
0.887877
0.888112
0.888112
0.887472
0.887472
0.887848
0.887848
0.888098
0.888098
0.887431
0.887431
0.887011
0.887011
0.886711
0.886711
0.886217
0.886217
0.884035
0.884035
0.882712
0.882712
0.883033
0.883033
0.884318
0.884318
0.885456
0.885456
0.886238
0.886238
0.887448
0.887448
0.887648
0.887648
0.88683
0.88683
0.886627
0.886627
0.886203
0.886203
0.886919
0.886919
0.887431
0.887431
0.886443
0.886443
0.886447
0.886447
0.886177
0.886177
0.886772
0.886772
0.88625
0.88625
0.885585
0.885585
0.885037
0.885037
0.88582
0.88582
0.886394
0.886394
0.887029
0.887029
0.886903
0.886903
0.886771
0.886771
0.886813
0.886813
0.887258
0.887258
0.886801
0.886801
0.886275
0.886275
0.886443
0.886443
0.886146
0.886146
0.88621
0.88621
0.886141
0.886141
0.886156
0.886156
0.886095
0.886095
0.886263
0.886263
0.886275
0.886275
0.886105
0.886105
0.885922
0.885922
0.885887
0.885887
0.885907
0.885907
0.88605
0.88605
0.886266
0.886266
0.886285
0.886285
0.886253
0.886253
0.886108
0.886108
0.886146
0.886146
0.886219
0.886219
0.886219
0.886219
0.886203
0.886203
0.886203
0.886203
0.886203
0.886203
0.886203
0.886203
0.886203
0.886203
0.886203
0.886203
0.886203
0.886203
0.886203
0.886203
0.886203
0.886203
0.886203
0.886203
0.886203
0.886203
0.886219
0.886219
0.886203
0.886203
0.886219
0.886219
0.886219
0.886219
0.886987
0.886987
0.887469
0.887469
0.886942
0.886942
0.887054
0.887054
0.886827
0.886827
0.886937
0.886937
0.886041
0.886041
0.886629
0.886629
0.884001
0.884001
0.884784
0.884784
0.883082
0.883082
0.884297
0.884297
0.883019
0.883019
0.88352
0.88352
0.884068
0.884068
0.884629
0.884629
0.885394
0.885394
0.885539
0.885539
0.886135
0.886135
0.886493
0.886493
0.88741
0.88741
0.886888
0.886888
0.887925
0.887925
0.886747
0.886747
0.886901
0.886901
0.88663
0.88663
0.886555
0.886555
0.886428
0.886428
0.886536
0.886536
0.886551
0.886551
0.887095
0.887095
0.886238
0.886238
0.887469
0.887469
0.886987
0.886987
0.886382
0.886382
0.886301
0.886301
0.886056
0.886056
0.886525
0.886525
0.885867
0.885867
0.885933
0.885933
0.885804
0.885804
0.885818
0.885818
0.886346
0.886346
0.886434
0.886434
0.886409
0.886409
0.886435
0.886435
0.886824
0.886824
0.886874
0.886874
0.886745
0.886745
0.886512
0.886512
0.886382
0.886382
0.887469
0.887469
0.886942
0.886942
0.886827
0.886827
0.886041
0.886041
0.884001
0.884001
0.883082
0.883082
0.883019
0.883019
0.884068
0.884068
0.885394
0.885394
0.886135
0.886135
0.88741
0.88741
0.887925
0.887925
0.886901
0.886901
0.886555
0.886555
0.886536
0.886536
0.887095
0.887095
0.887469
0.887469
0.88608
0.88608
0.886105
0.886105
0.886062
0.886062
0.886122
0.886122
0.886119
0.886119
0.886225
0.886225
0.886316
0.886316
0.88595
0.88595
0.88588
0.88588
0.88588
0.88588
0.886082
0.886082
0.886072
0.886072
0.886403
0.886403
0.886352
0.886352
0.886362
0.886362
0.886169
0.886169
0.88608
0.88608
0.887469
0.887469
0.886942
0.886942
0.887071
0.887071
0.886933
0.886933
0.886827
0.886827
0.886896
0.886896
0.886041
0.886041
0.886557
0.886557
0.884001
0.884001
0.884778
0.884778
0.883082
0.883082
0.884363
0.884363
0.883019
0.883019
0.883659
0.883659
0.884068
0.884068
0.884668
0.884668
0.885394
0.885394
0.88551
0.88551
0.886135
0.886135
0.886513
0.886513
0.88741
0.88741
0.886872
0.886872
0.887925
0.887925
0.88686
0.88686
0.886901
0.886901
0.886583
0.886583
0.886555
0.886555
0.886516
0.886516
0.886536
0.886536
0.886527
0.886527
0.887095
0.887095
0.886362
0.886362
0.887469
0.887469
0.886933
0.886933
0.886272
0.886272
0.886377
0.886377
0.886148
0.886148
0.886354
0.886354
0.885938
0.885938
0.885944
0.885944
0.88585
0.88585
0.885639
0.885639
0.886151
0.886151
0.886432
0.886432
0.886227
0.886227
0.886323
0.886323
0.886831
0.886831
0.886727
0.886727
0.886698
0.886698
0.886534
0.886534
0.886272
0.886272
