4
2500
0.886388
0.886388
0.886363
0.886363
0.885688
0.885688
0.8857
0.8857
0.884993
0.884993
0.885048
0.885048
0.886013
0.886013
0.886031
0.886031
0.887088
0.887088
0.887071
0.887071
0.887023
0.887023
0.887057
0.887057
0.886745
0.886745
0.886743
0.886743
0.886661
0.886661
0.886683
0.886683
0.88617
0.88617
0.886219
0.886219
0.886308
0.886308
0.886185
0.886185
0.885869
0.885869
0.885762
0.885762
0.884802
0.884802
0.884992
0.884992
0.885895
0.885895
0.88597
0.88597
0.886992
0.886992
0.887271
0.887271
0.887349
0.887349
0.88719
0.88719
0.886827
0.886827
0.886725
0.886725
0.886465
0.886465
0.886546
0.886546
0.886445
0.886445
0.886238
0.886238
0.885962
0.885962
0.886131
0.886131
0.884599
0.884599
0.885704
0.885704
0.886954
0.886954
0.887301
0.887301
0.8868
0.8868
0.886572
0.886572
0.886792
0.886792
0.886567
0.886567
0.886159
0.886159
0.884455
0.884455
0.885719
0.885719
0.886626
0.886626
0.887529
0.887529
0.886759
0.886759
0.886648
0.886648
0.886555
0.886555
0.886744
0.886744
0.885942
0.885942
0.884258
0.884258
0.88507
0.88507
0.886335
0.886335
0.887796
0.887796
0.886776
0.886776
0.886815
0.886815
0.886837
0.886837
0.887022
0.887022
0.885817
0.885817
0.884252
0.884252
0.884667
0.884667
0.885784
0.885784
0.887527
0.887527
0.886777
0.886777
0.88686
0.88686
0.886568
0.886568
0.887579
0.887579
0.885847
0.885847
0.884231
0.884231
0.884105
0.884105
0.885462
0.885462
0.887486
0.887486
0.886711
0.886711
0.88693
0.88693
0.886755
0.886755
0.88768
0.88768
0.885823
0.885823
0.884162
0.884162
0.884046
0.884046
0.884769
0.884769
0.887382
0.887382
0.886755
0.886755
0.88675
0.88675
0.886409
0.886409
0.88788
0.88788
0.886029
0.886029
0.884112
0.884112
0.883881
0.883881
0.884922
0.884922
0.886981
0.886981
0.886733
0.886733
0.886817
0.886817
0.886594
0.886594
0.887992
0.887992
0.886252
0.886252
0.884136
0.884136
0.883491
0.883491
0.884914
0.884914
0.88676
0.88676
0.886645
0.886645
0.886635
0.886635
0.886616
0.886616
0.888107
0.888107
0.886423
0.886423
0.883852
0.883852
0.883083
0.883083
0.884809
0.884809
0.886861
0.886861
0.886615
0.886615
0.886616
0.886616
0.886562
0.886562
0.888215
0.888215
0.886651
0.886651
0.883872
0.883872
0.882835
0.882835
0.884661
0.884661
0.886978
0.886978
0.886628
0.886628
0.886585
0.886585
0.88669
0.88669
0.888301
0.888301
0.886734
0.886734
0.883861
0.883861
0.882705
0.882705
0.884585
0.884585
0.886984
0.886984
0.886654
0.886654
0.886472
0.886472
0.886881
0.886881
0.886414
0.886414
0.886492
0.886492
0.886262
0.886262
0.886222
0.886222
0.885695
0.885695
0.885707
0.885707
0.885296
0.885296
0.885256
0.885256
0.884123
0.884123
0.884003
0.884003
0.886117
0.886117
0.885988
0.885988
0.887276
0.887276
0.887254
0.887254
0.888239
0.888239
0.888165
0.888165
0.887127
0.887127
0.886869
0.886869
0.886817
0.886817
0.886408
0.886408
0.885761
0.885761
0.884907
0.884907
0.884573
0.884573
0.886238
0.886238
0.887211
0.887211
0.887963
0.887963
0.887618
0.887618
0.886924
0.886924
0.886455
0.886455
0.885769
0.885769
0.88516
0.88516
0.885152
0.885152
0.886588
0.886588
0.887262
0.887262
0.887897
0.887897
0.888064
0.888064
0.887121
0.887121
0.8865
0.8865
0.88579
0.88579
0.886012
0.886012
0.885869
0.885869
0.886797
0.886797
0.887221
0.887221
0.888052
0.888052
0.888393
0.888393
0.887247
0.887247
0.886667
0.886667
0.88579
0.88579
0.886058
0.886058
0.88668
0.88668
0.887002
0.887002
0.887255
0.887255
0.888083
0.888083
0.888704
0.888704
0.887141
0.887141
0.886716
0.886716
0.886008
0.886008
0.886375
0.886375
0.886694
0.886694
0.886828
0.886828
0.887243
0.887243
0.888245
0.888245
0.888188
0.888188
0.88686
0.88686
0.88689
0.88689
0.886153
0.886153
0.886638
0.886638
0.886734
0.886734
0.886674
0.886674
0.887231
0.887231
0.88778
0.88778
0.887977
0.887977
0.886829
0.886829
0.887094
0.887094
0.886207
0.886207
0.886658
0.886658
0.887094
0.887094
0.88676
0.88676
0.887294
0.887294
0.88765
0.88765
0.887422
0.887422
0.887067
0.887067
0.887257
0.887257
0.886238
0.886238
0.886343
0.886343
0.887302
0.887302
0.88704
0.88704
0.887283
0.887283
0.887411
0.887411
0.887213
0.887213
0.886731
0.886731
0.887295
0.887295
0.886262
0.886262
0.886526
0.886526
0.887104
0.887104
0.887499
0.887499
0.887347
0.887347
0.886921
0.886921
0.887183
0.887183
0.886065
0.886065
0.887054
0.887054
0.886212
0.886212
0.886613
0.886613
0.887208
0.887208
0.887693
0.887693
0.887315
0.887315
0.886616
0.886616
0.886854
0.886854
0.885672
0.885672
0.886918
0.886918
0.886198
0.886198
0.886316
0.886316
0.887441
0.887441
0.887786
0.887786
0.887253
0.887253
0.886451
0.886451
0.886445
0.886445
0.88564
0.88564
0.885641
0.885641
0.886941
0.886941
0.886956
0.886956
0.886258
0.886258
0.886283
0.886283
0.886379
0.886379
0.886378
0.886378
0.887521
0.887521
0.887543
0.887543
0.887801
0.887801
0.887856
0.887856
0.887202
0.887202
0.887229
0.887229
0.886413
0.886413
0.886445
0.886445
0.886068
0.886068
0.886069
0.886069
0.88719
0.88719
0.888113
0.888113
0.888138
0.888138
0.88717
0.88717
0.886062
0.886062
0.886015
0.886015
0.884533
0.884533
0.884532
0.884532
0.883718
0.883718
0.883656
0.883656
0.885577
0.885577
0.885598
0.885598
0.8865
0.8865
0.886551
0.886551
0.886808
0.886808
0.886758
0.886758
0.886342
0.886342
0.886389
0.886389
0.88719
0.88719
0.88817
0.88817
0.88817
0.88817
0.887135
0.887135
0.885977
0.885977
0.885978
0.885978
0.884556
0.884556
0.88461
0.88461
0.883667
0.883667
0.883399
0.883399
0.885513
0.885513
0.885403
0.885403
0.886585
0.886585
0.886499
0.886499
0.886862
0.886862
0.886981
0.886981
0.886352
0.886352
0.886114
0.886114
0.888166
0.888166
0.887283
0.887283
0.886022
0.886022
0.88455
0.88455
0.882944
0.882944
0.885498
0.885498
0.886533
0.886533
0.887106
0.887106
0.886245
0.886245
0.888145
0.888145
0.887218
0.887218
0.885899
0.885899
0.884254
0.884254
0.882774
0.882774
0.885333
0.885333
0.886645
0.886645
0.887297
0.887297
0.886606
0.886606
0.888139
0.888139
0.887107
0.887107
0.885801
0.885801
0.884318
0.884318
0.882697
0.882697
0.885278
0.885278
0.886614
0.886614
0.886831
0.886831
0.886667
0.886667
0.888186
0.888186
0.886831
0.886831
0.885874
0.885874
0.884176
0.884176
0.882785
0.882785
0.885115
0.885115
0.886699
0.886699
0.886876
0.886876
0.886248
0.886248
0.888178
0.888178
0.886674
0.886674
0.886232
0.886232
0.883773
0.883773
0.883096
0.883096
0.885019
0.885019
0.886668
0.886668
0.886499
0.886499
0.886073
0.886073
0.88817
0.88817
0.886834
0.886834
0.886095
0.886095
0.883552
0.883552
0.88314
0.88314
0.88507
0.88507
0.886532
0.886532
0.886576
0.886576
0.886259
0.886259
0.888163
0.888163
0.887217
0.887217
0.886251
0.886251
0.88353
0.88353
0.883221
0.883221
0.885108
0.885108
0.886434
0.886434
0.886926
0.886926
0.886576
0.886576
0.888155
0.888155
0.887377
0.887377
0.8865
0.8865
0.883832
0.883832
0.883807
0.883807
0.885025
0.885025
0.886409
0.886409
0.886477
0.886477
0.886835
0.886835
0.888159
0.888159
0.887742
0.887742
0.886528
0.886528
0.883753
0.883753
0.884366
0.884366
0.885058
0.885058
0.886514
0.886514
0.886812
0.886812
0.886743
0.886743
0.888195
0.888195
0.888157
0.888157
0.886793
0.886793
0.884164
0.884164
0.884292
0.884292
0.885168
0.885168
0.886524
0.886524
0.886702
0.886702
0.886441
0.886441
0.888064
0.888064
0.888045
0.888045
0.886654
0.886654
0.884324
0.884324
0.884232
0.884232
0.885219
0.885219
0.886572
0.886572
0.886703
0.886703
0.886504
0.886504
0.88666
0.88666
0.886464
0.886464
0.886487
0.886487
0.886578
0.886578
0.886862
0.886862
0.886689
0.886689
0.884437
0.884437
0.884538
0.884538
0.883404
0.883404
0.883252
0.883252
0.88421
0.88421
0.88422
0.88422
0.886861
0.886861
0.886898
0.886898
0.888492
0.888492
0.888567
0.888567
0.88651
0.88651
0.886655
0.886655
0.88656
0.88656
0.886727
0.886727
0.886717
0.886717
0.884603
0.884603
0.883225
0.883225
0.884148
0.884148
0.886755
0.886755
0.888661
0.888661
0.88688
0.88688
0.886494
0.886494
0.886624
0.886624
0.886726
0.886726
0.884188
0.884188
0.882755
0.882755
0.884182
0.884182
0.886665
0.886665
0.888212
0.888212
0.886728
0.886728
0.886531
0.886531
0.886582
0.886582
0.88674
0.88674
0.884229
0.884229
0.882342
0.882342
0.884224
0.884224
0.886554
0.886554
0.888355
0.888355
0.8863
0.8863
0.886538
0.886538
0.886238
0.886238
0.886609
0.886609
0.884785
0.884785
0.882378
0.882378
0.884199
0.884199
0.88639
0.88639
0.887983
0.887983
0.886979
0.886979
0.886545
0.886545
0.88611
0.88611
0.88628
0.88628
0.884919
0.884919
0.882591
0.882591
0.88434
0.88434
0.886375
0.886375
0.888203
0.888203
0.887106
0.887106
0.88657
0.88657
0.886075
0.886075
0.886303
0.886303
0.885087
0.885087
0.882835
0.882835
0.884249
0.884249
0.886432
0.886432
0.888225
0.888225
0.887144
0.887144
0.886567
0.886567
0.885924
0.885924
0.886357
0.886357
0.885133
0.885133
0.883122
0.883122
0.884281
0.884281
0.886344
0.886344
0.887981
0.887981
0.886804
0.886804
0.88649
0.88649
0.886151
0.886151
0.886205
0.886205
0.884777
0.884777
0.883535
0.883535
0.884542
0.884542
0.886348
0.886348
0.887938
0.887938
0.886805
0.886805
0.886549
0.886549
0.886506
0.886506
0.88614
0.88614
0.885097
0.885097
0.884185
0.884185
0.88484
0.88484
0.886301
0.886301
0.887841
0.887841
0.886887
0.886887
0.886531
0.886531
0.886495
0.886495
0.886048
0.886048
0.885195
0.885195
0.884184
0.884184
0.885008
0.885008
0.886265
0.886265
0.887599
0.887599
0.887499
0.887499
0.886479
0.886479
0.886818
0.886818
0.886083
0.886083
0.885617
0.885617
0.884465
0.884465
0.884998
0.884998
0.88624
0.88624
0.88739
0.88739
0.887752
0.887752
0.88688
0.88688
0.886429
0.886429
0.886437
0.886437
0.886873
0.886873
0.886083
0.886083
0.886119
0.886119
0.885837
0.885837
0.885783
0.885783
0.884443
0.884443
0.884502
0.884502
0.885018
0.885018
0.885026
0.885026
0.88624
0.88624
0.886197
0.886197
0.887392
0.887392
0.887392
0.887392
0.887925
0.887925
0.887869
0.887869
0.888401
0.888401
0.887313
0.887313
0.887313
0.887313
0.888607
0.888607
0.888124
0.888124
0.887313
0.887313
0.888126
0.888126
0.887339
0.887339
0.887463
0.887463
0.887313
0.887313
0.886841
0.886841
0.887319
0.887319
0.886459
0.886459
0.887313
0.887313
0.886537
0.886537
0.887313
0.887313
0.887537
0.887537
0.887313
0.887313
0.886952
0.886952
0.886813
0.886813
0.886813
0.886813
0.886345
0.886345
0.887522
0.887522
0.886813
0.886813
0.887342
0.887342
0.886813
0.886813
0.887738
0.887738
0.886795
0.886795
0.886758
0.886758
0.886795
0.886795
0.885922
0.885922
0.886813
0.886813
0.886879
0.886879
0.886813
0.886813
0.886702
0.886702
0.886802
0.886802
0.887308
0.887308
0.886863
0.886863
0.888407
0.888407
0.888407
0.888407
0.88657
0.88657
0.888407
0.888407
0.887594
0.887594
0.888407
0.888407
0.887757
0.887757
0.888407
0.888407
0.88742
0.88742
0.888407
0.888407
0.887925
0.887925
0.888407
0.888407
0.88825
0.88825
0.888407
0.888407
0.887882
0.887882
0.888414
0.888414
0.886563
0.886563
0.886709
0.886709
0.886709
0.886709
0.886343
0.886343
0.886778
0.886778
0.886727
0.886727
0.887013
0.887013
0.886727
0.886727
0.88786
0.88786
0.886727
0.886727
0.887917
0.887917
0.886727
0.886727
0.888324
0.888324
0.886727
0.886727
0.887517
0.887517
0.886727
0.886727
0.886661
0.886661
0.886727
0.886727
0.8863
0.8863
0.886771
0.886771
0.886549
0.886549
0.886731
0.886731
0.886206
0.886206
0.887032
0.887032
0.887947
0.887947
0.88672
0.88672
0.886052
0.886052
0.886849
0.886849
0.88662
0.88662
0.886443
0.886443
0.886724
0.886724
0.887729
0.887729
0.887574
0.887574
0.887718
0.887718
0.887218
0.887218
0.887134
0.887134
0.886365
0.886365
0.887812
0.887812
0.886817
0.886817
0.885464
0.885464
0.8853
0.8853
0.885781
0.885781
0.886853
0.886853
0.886891
0.886891
0.886662
0.886662
0.886173
0.886173
0.886788
0.886788
0.88812
0.88812
0.887294
0.887294
0.886138
0.886138
0.885558
0.885558
0.887199
0.887199
0.886378
0.886378
0.886331
0.886331
