4
2500
0.885698
0.885698
0.88597
0.88597
0.886154
0.886154
0.885779
0.885779
0.885698
0.885698
0.88597
0.88597
0.88597
0.88597
0.885718
0.885718
0.883253
0.883253
0.884578
0.884578
0.884578
0.884578
0.88329
0.88329
0.886082
0.886082
0.886029
0.886029
0.886031
0.886031
0.886312
0.886312
0.886034
0.886034
0.886029
0.886029
0.886029
0.886029
0.886095
0.886095
0.8875
0.8875
0.887044
0.887044
0.887044
0.887044
0.887529
0.887529
0.886262
0.886262
0.886002
0.886002
0.883311
0.883311
0.884604
0.884604
0.883973
0.883973
0.882726
0.882726
0.886106
0.886106
0.885737
0.885737
0.887796
0.887796
0.88752
0.88752
0.887651
0.887651
0.887581
0.887581
0.887355
0.887355
0.886544
0.886544
0.887598
0.887598
0.887069
0.887069
0.886752
0.886752
0.88762
0.88762
0.886611
0.886611
0.888085
0.888085
0.886347
0.886347
0.887026
0.887026
0.885591
0.885591
0.884905
0.884905
0.885628
0.885628
0.885744
0.885744
0.884442
0.884442
0.884827
0.884827
0.883903
0.883903
0.88455
0.88455
0.883222
0.883222
0.884226
0.884226
0.883254
0.883254
0.883381
0.883381
0.885037
0.885037
0.884508
0.884508
0.883937
0.883937
0.885443
0.885443
0.884849
0.884849
0.885786
0.885786
0.885553
0.885553
0.885869
0.885869
0.88629
0.88629
0.886673
0.886673
0.886277
0.886277
0.886141
0.886141
0.886677
0.886677
0.886688
0.886688
0.886743
0.886743
0.887179
0.887179
0.886793
0.886793
0.886694
0.886694
0.883942
0.883942
0.884001
0.884001
0.884001
0.884001
0.883932
0.883932
0.883992
0.883992
0.88404
0.88404
0.884001
0.884001
0.884001
0.884001
0.883909
0.883909
0.884001
0.884001
0.883865
0.883865
0.884001
0.884001
0.884419
0.884419
0.884001
0.884001
0.884897
0.884897
0.884001
0.884001
0.885323
0.885323
0.884001
0.884001
0.885605
0.885605
0.884001
0.884001
0.884001
0.884001
0.885607
0.885607
0.8856
0.8856
0.885616
0.885616
0.884001
0.884001
0.884001
0.884001
0.88578
0.88578
0.884001
0.884001
0.885423
0.885423
0.884001
0.884001
0.885568
0.885568
0.884001
0.884001
0.885299
0.885299
0.884001
0.884001
0.884889
0.884889
0.884001
0.884001
0.884919
0.884919
0.884001
0.884001
0.884919
0.884919
0.884001
0.884001
0.884001
0.884001
0.884885
0.884885
0.884783
0.884783
0.884452
0.884452
0.884001
0.884001
0.884001
0.884001
0.88416
0.88416
0.884001
0.884001
0.88379
0.88379
0.884001
0.884001
0.883281
0.883281
0.884001
0.884001
0.883218
0.883218
0.884001
0.884001
0.883078
0.883078
0.884001
0.884001
0.883042
0.883042
0.884001
0.884001
0.884001
0.884001
0.883037
0.883037
0.883118
0.883118
0.88332
0.88332
0.884001
0.884001
0.884001
0.884001
0.883299
0.883299
0.884001
0.884001
0.883221
0.883221
0.884001
0.884001
0.883071
0.883071
0.884001
0.884001
0.883481
0.883481
0.884001
0.884001
0.883774
0.883774
0.884001
0.884001
0.883942
0.883942
0.884001
0.884001
0.884049
0.884049
0.884085
0.884085
0.884001
0.884001
0.884001
0.884001
0.884056
0.884056
0.884001
0.884001
0.884047
0.884047
0.88401
0.88401
0.883689
0.883689
0.883692
0.883692
0.884047
0.884047
0.884252
0.884252
0.88422
0.88422
0.884001
0.884001
0.883879
0.883879
0.883906
0.883906
0.883873
0.883873
0.884001
0.884001
0.88394
0.88394
0.884001
0.884001
0.883913
0.883913
0.883708
0.883708
0.883717
0.883717
0.88419
0.88419
0.884156
0.884156
0.883759
0.883759
0.883696
0.883696
0.884462
0.884462
0.884604
0.884604
0.884578
0.884578
0.884457
0.884457
0.887619
0.887619
0.88752
0.88752
0.887044
0.887044
0.887098
0.887098
0.884149
0.884149
0.883842
0.883842
0.883959
0.883959
0.884128
0.884128
0.884051
0.884051
0.884192
0.884192
0.884195
0.884195
0.883998
0.883998
0.884031
0.884031
0.883813
0.883813
0.883928
0.883928
0.883961
0.883961
0.884051
0.884051
0.883746
0.883746
0.883666
0.883666
0.883868
0.883868
0.883778
0.883778
0.885829
0.885829
0.88599
0.88599
0.886021
0.886021
0.885828
0.885828
0.885804
0.885804
0.885959
0.885959
0.885797
0.885797
0.885707
0.885707
0.884124
0.884124
0.884447
0.884447
0.884427
0.884427
0.884206
0.884206
0.88635
0.88635
0.886315
0.886315
0.886322
0.886322
0.886303
0.886303
0.886346
0.886346
0.886309
0.886309
0.886184
0.886184
0.886406
0.886406
0.887675
0.887675
0.887168
0.887168
0.886907
0.886907
0.887414
0.887414
0.88604
0.88604
0.886195
0.886195
0.886153
0.886153
0.885905
0.885905
0.883306
0.883306
0.884123
0.884123
0.884186
0.884186
0.88587
0.88587
0.88595
0.88595
0.886216
0.886216
0.886261
0.886261
0.887568
0.887568
0.887359
0.887359
0.887672
0.887672
0.887474
0.887474
0.886771
0.886771
0.887318
0.887318
0.887088
0.887088
0.887504
0.887504
0.887004
0.887004
0.886711
0.886711
0.886174
0.886174
0.885548
0.885548
0.885125
0.885125
0.884584
0.884584
0.884376
0.884376
0.8842
0.8842
0.883815
0.883815
0.884009
0.884009
0.883114
0.883114
0.885025
0.885025
0.884013
0.884013
0.885116
0.885116
0.883784
0.883784
0.885307
0.885307
0.885138
0.885138
0.885723
0.885723
0.885589
0.885589
0.886351
0.886351
0.886638
0.886638
0.886797
0.886797
0.886381
0.886381
0.887194
0.887194
0.887004
0.887004
0.886779
0.886779
0.886739
0.886739
0.884142
0.884142
0.887678
0.887678
0.885172
0.885172
0.8852
0.8852
0.883937
0.883937
0.883987
0.883987
0.883859
0.883859
0.883822
0.883822
0.885184
0.885184
0.885291
0.885291
0.883982
0.883982
0.883955
0.883955
0.883786
0.883786
0.883812
0.883812
0.882996
0.882996
0.883013
0.883013
0.883253
0.883253
0.883232
0.883232
0.8836
0.8836
0.883582
0.883582
0.886508
0.886508
0.88647
0.88647
0.885475
0.885475
0.885538
0.885538
0.884804
0.884804
0.884795
0.884795
0.886486
0.886486
0.886468
0.886468
0.885432
0.885432
0.885587
0.885587
0.88472
0.88472
0.88478
0.88478
0.886828
0.886828
0.886756
0.886756
0.886733
0.886733
0.886806
0.886806
0.884898
0.884898
0.884892
0.884892
0.885396
0.885396
0.885287
0.885287
0.884436
0.884436
0.884054
0.884054
0.883748
0.883748
0.883844
0.883844
0.882562
0.882562
0.882856
0.882856
0.883038
0.883038
0.883207
0.883207
0.883593
0.883593
0.883504
0.883504
0.885791
0.885791
0.886388
0.886388
0.884954
0.884954
0.885425
0.885425
0.884513
0.884513
0.884881
0.884881
0.886952
0.886952
0.886936
0.886936
0.886704
0.886704
0.886779
0.886779
0.885031
0.885031
0.884911
0.884911
0.88639
0.88639
0.886631
0.886631
0.884984
0.884984
0.88678
0.88678
0.885139
0.885139
0.884498
0.884498
0.886568
0.886568
0.885088
0.885088
0.88389
0.88389
0.885801
0.885801
0.884598
0.884598
0.883724
0.883724
0.884887
0.884887
0.884032
0.884032
0.883788
0.883788
0.884173
0.884173
0.883565
0.883565
0.883347
0.883347
0.883815
0.883815
0.8832
0.8832
0.883416
0.883416
0.883099
0.883099
0.882604
0.882604
0.883572
0.883572
0.883099
0.883099
0.883417
0.883417
0.883388
0.883388
0.884554
0.884554
0.884414
0.884414
0.883164
0.883164
0.884788
0.884788
0.884436
0.884436
0.883646
0.883646
0.885511
0.885511
0.88521
0.88521
0.884112
0.884112
0.886467
0.886467
0.886117
0.886117
0.884914
0.884914
0.886465
0.886465
0.886479
0.886479
0.884917
0.884917
0.886762
0.886762
0.886871
0.886871
0.885022
0.885022
0.886649
0.886649
0.886618
0.886618
0.885139
0.885139
0.882987
0.882987
0.88327
0.88327
0.883545
0.883545
0.886751
0.886751
0.886822
0.886822
0.88492
0.88492
0.88597
0.88597
0.886154
0.886154
0.88597
0.88597
0.88597
0.88597
0.884578
0.884578
0.886029
0.886029
0.886031
0.886031
0.886029
0.886029
0.886029
0.886029
0.887044
0.887044
0.886262
0.886262
0.884057
0.884057
0.886106
0.886106
0.887651
0.887651
0.887069
0.887069
0.887598
0.887598
0.88762
0.88762
0.888085
0.888085
0.88701
0.88701
0.885744
0.885744
0.885628
0.885628
0.884827
0.884827
0.88455
0.88455
0.884243
0.884243
0.884508
0.884508
0.885037
0.885037
0.885443
0.885443
0.885786
0.885786
0.885869
0.885869
0.886141
0.886141
0.886277
0.886277
0.886688
0.886688
0.887179
0.887179
0.886694
0.886694
