4
2500
0.88656
0.88656
0.887469
0.887469
0.887469
0.887469
0.88656
0.88656
0.887809
0.887809
0.887809
0.887809
0.887598
0.887598
0.887598
0.887598
0.887598
0.887598
0.886641
0.886641
0.886641
0.886641
0.887598
0.887598
0.885693
0.885693
0.885693
0.885693
0.884982
0.884982
0.884982
0.884982
0.885394
0.885394
0.885394
0.885394
0.885794
0.885794
0.885794
0.885794
0.886182
0.886182
0.886182
0.886182
0.886203
0.886203
0.886203
0.886203
0.886351
0.886351
0.886351
0.886351
0.886901
0.886901
0.886901
0.886901
0.886901
0.886901
0.886901
0.886901
0.886901
0.886901
0.886901
0.886901
0.886901
0.886901
0.886901
0.886901
0.886901
0.886901
0.886901
0.886901
0.886901
0.886901
0.886901
0.886901
0.884001
0.884001
0.884001
0.884001
0.884001
0.884001
0.884001
0.884001
0.884001
0.884001
0.884001
0.884001
0.884001
0.884001
0.884001
0.884001
0.884001
0.884001
0.884001
0.884001
0.884001
0.884001
0.884001
0.884001
