4
2500
0.881249
0.881249
0.891801
0.891801
0.904704
0.904704
0.890074
0.890074
0.856748
0.856748
0.859465
0.859465
0.867392
0.867392
0.892703
0.892703
0.8857
0.8857
0.869592
0.869592
0.857499
0.857499
0.86465
0.86465
0.890477
0.890477
0.891194
0.891194
0.875348
0.875348
0.92003
0.92003
0.896029
0.896029
0.867138
0.867138
0.88835
0.88835
0.893157
0.893157
0.82434
0.82434
0.830564
0.830564
0.819163
0.819163
0.824348
0.824348
0.819339
0.819339
0.82444
0.82444
0.826159
0.826159
0.820053
0.820053
0.827321
0.827321
0.846006
0.846006
0.876882
0.876882
0.887382
0.887382
0.879408
0.879408
0.876783
0.876783
0.88591
0.88591
0.869024
0.869024
0.8646
0.8646
0.858297
0.858297
0.867843
0.867843
0.862899
0.862899
0.869593
0.869593
0.865572
0.865572
0.871003
0.871003
0.877263
0.877263
0.883325
0.883325
0.946388
0.946388
0.941329
0.941329
0.941361
0.941361
0.951513
0.951513
0.946171
0.946171
0.952376
0.952376
0.949186
0.949186
0.940451
0.940451
0.936659
0.936659
0.931209
0.931209
0.936237
0.936237
0.85304
0.85304
0.855317
0.855317
0.83689
0.83689
0.837519
0.837519
0.904723
0.904723
0.921842
0.921842
0.913486
0.913486
0.918705
0.918705
0.921188
0.921188
0.926834
0.926834
0.919132
0.919132
0.924174
0.924174
0.915356
0.915356
0.901834
0.901834
0.911427
0.911427
0.91262
0.91262
0.898605
0.898605
0.906245
0.906245
0.902478
0.902478
0.902598
0.902598
0.90141
0.90141
0.899446
0.899446
0.883494
0.883494
0.900194
0.900194
0.889981
0.889981
0.860976
0.860976
0.857834
0.857834
0.862709
0.862709
0.859749
0.859749
0.863556
0.863556
0.877502
0.877502
0.861152
0.861152
0.879846
0.879846
0.864246
0.864246
0.86852
0.86852
0.869773
0.869773
0.87003
0.87003
0.866542
0.866542
0.85952
0.85952
0.863179
0.863179
0.864267
0.864267
0.860198
0.860198
0.873029
0.873029
0.866142
0.866142
0.860966
0.860966
0.868679
0.868679
0.868512
0.868512
0.874084
0.874084
0.904032
0.904032
0.903147
0.903147
0.896231
0.896231
0.899142
0.899142
0.893691
0.893691
0.88465
0.88465
0.881685
0.881685
0.875537
0.875537
0.877267
0.877267
0.887166
0.887166
0.881104
0.881104
0.879846
0.879846
0.876203
0.876203
0.877978
0.877978
0.880265
0.880265
0.883576
0.883576
0.883094
0.883094
0.897406
0.897406
0.905992
0.905992
0.897268
0.897268
0.891767
0.891767
0.944236
0.944236
0.897237
0.897237
0.893253
0.893253
0.907771
0.907771
0.908426
0.908426
0.906577
0.906577
0.898059
0.898059
0.886839
0.886839
0.896848
0.896848
0.883371
0.883371
0.875708
0.875708
0.893987
0.893987
0.89972
0.89972
0.866894
0.866894
0.8701
0.8701
0.877559
0.877559
0.864702
0.864702
0.856593
0.856593
0.828101
0.828101
0.822715
0.822715
0.823477
0.823477
0.823952
0.823952
0.82013
0.82013
0.823919
0.823919
0.835011
0.835011
0.826491
0.826491
0.818995
0.818995
0.81909
0.81909
0.821761
0.821761
0.824907
0.824907
0.828531
0.828531
0.848
0.848
0.902318
0.902318
0.835995
0.835995
0.837297
0.837297
0.823686
0.823686
0.824111
0.824111
0.81952
0.81952
0.819749
0.819749
0.825664
0.825664
0.824269
0.824269
0.857733
0.857733
0.827122
0.827122
0.853362
0.853362
0.951915
0.951915
0.950661
0.950661
0.951061
0.951061
0.933185
0.933185
0.927303
0.927303
0.930602
0.930602
0.934256
0.934256
0.926693
0.926693
0.923646
0.923646
0.934256
0.934256
0.929658
0.929658
0.930416
0.930416
0.923222
0.923222
0.913759
0.913759
0.878778
0.878778
0.942896
0.942896
0.949387
0.949387
0.95173
0.95173
0.941437
0.941437
0.935207
0.935207
0.943961
0.943961
0.94634
0.94634
0.936991
0.936991
0.932094
0.932094
0.920886
0.920886
0.92764
0.92764
0.937377
0.937377
0.94277
0.94277
0.81778
0.81778
0.829412
0.829412
0.82192
0.82192
0.818908
0.818908
0.843987
0.843987
0.873041
0.873041
0.819539
0.819539
0.836491
0.836491
0.849565
0.849565
0.858014
0.858014
0.821554
0.821554
0.81909
0.81909
0.825246
0.825246
0.83033
0.83033
0.876904
0.876904
0.875872
0.875872
0.894114
0.894114
0.907654
0.907654
0.903696
0.903696
0.899013
0.899013
0.898523
0.898523
0.907348
0.907348
0.904392
0.904392
0.901062
0.901062
0.9011
0.9011
0.91789
0.91789
0.918374
0.918374
0.91895
0.91895
0.917746
0.917746
0.909991
0.909991
0.895767
0.895767
0.911174
0.911174
0.89362
0.89362
0.902953
0.902953
0.910824
0.910824
0.905679
0.905679
0.899627
0.899627
0.916054
0.916054
0.905851
0.905851
0.910774
0.910774
0.908849
0.908849
0.91308
0.91308
0.905884
0.905884
0.911197
0.911197
0.918237
0.918237
0.907151
0.907151
0.903594
0.903594
0.908488
0.908488
0.909978
0.909978
0.902816
0.902816
0.895545
0.895545
0.901775
0.901775
0.878555
0.878555
0.874471
0.874471
0.877822
0.877822
0.891009
0.891009
0.869811
0.869811
0.927754
0.927754
0.930205
0.930205
0.944065
0.944065
0.943376
0.943376
0.946434
0.946434
0.944216
0.944216
0.936064
0.936064
0.940901
0.940901
0.940196
0.940196
0.915535
0.915535
0.935511
0.935511
0.939627
0.939627
0.939355
0.939355
0.943503
0.943503
0.940018
0.940018
0.949768
0.949768
0.950628
0.950628
0.934311
0.934311
0.895722
0.895722
0.899948
0.899948
0.918939
0.918939
0.89736
0.89736
0.89152
0.89152
0.891531
0.891531
0.887018
0.887018
0.896086
0.896086
0.893208
0.893208
0.881859
0.881859
0.889059
0.889059
0.880041
0.880041
0.880096
0.880096
0.874224
0.874224
0.883539
0.883539
0.883303
0.883303
0.902051
0.902051
0.910958
0.910958
0.908763
0.908763
0.895569
0.895569
0.905237
0.905237
0.88919
0.88919
0.881445
0.881445
0.888365
0.888365
0.878115
0.878115
0.886264
0.886264
0.879718
0.879718
0.879074
0.879074
0.8929
0.8929
0.887538
0.887538
0.889223
0.889223
0.883221
0.883221
0.889859
0.889859
0.888553
0.888553
0.873184
0.873184
0.881943
0.881943
0.880439
0.880439
0.877212
0.877212
0.891518
0.891518
0.886577
0.886577
0.8931
0.8931
0.912536
0.912536
0.921341
0.921341
0.900148
0.900148
0.917261
0.917261
0.904036
0.904036
0.940196
0.940196
0.932745
0.932745
0.917204
0.917204
0.929966
0.929966
0.92693
0.92693
0.909429
0.909429
0.930929
0.930929
0.927842
0.927842
0.92803
0.92803
0.919232
0.919232
0.912078
0.912078
0.934759
0.934759
0.935423
0.935423
0.92032
0.92032
0.929819
0.929819
0.914405
0.914405
0.920437
0.920437
0.908557
0.908557
0.938107
0.938107
0.924783
0.924783
0.92207
0.92207
0.94001
0.94001
0.93431
0.93431
0.933393
0.933393
0.909978
0.909978
0.907174
0.907174
0.91491
0.91491
0.916959
0.916959
0.918901
0.918901
0.915126
0.915126
0.89915
0.89915
0.921563
0.921563
0.89066
0.89066
0.910635
0.910635
0.89866
0.89866
0.912063
0.912063
0.908596
0.908596
0.909034
0.909034
0.883254
0.883254
0.887278
0.887278
0.884041
0.884041
0.878177
0.878177
0.881598
0.881598
0.887828
0.887828
0.89125
0.89125
0.872561
0.872561
0.891903
0.891903
0.888388
0.888388
0.886398
0.886398
0.887656
0.887656
0.888653
0.888653
0.846687
0.846687
0.843121
0.843121
0.830708
0.830708
0.828275
0.828275
0.828242
0.828242
0.81884
0.81884
0.823266
0.823266
0.831572
0.831572
0.844313
0.844313
0.843922
0.843922
0.855219
0.855219
0.862503
0.862503
0.83821
0.83821
0.849634
0.849634
0.836486
0.836486
0.833052
0.833052
0.840462
0.840462
0.858281
0.858281
0.84519
0.84519
0.852661
0.852661
0.836989
0.836989
0.860187
0.860187
0.842233
0.842233
0.859189
0.859189
0.866682
0.866682
0.872754
0.872754
0.883226
0.883226
0.879424
0.879424
0.872035
0.872035
0.873936
0.873936
0.880193
0.880193
0.877969
0.877969
0.872603
0.872603
0.870446
0.870446
0.864408
0.864408
0.884947
0.884947
0.872592
0.872592
0.895112
0.895112
0.874796
0.874796
0.868212
0.868212
0.878671
0.878671
0.867624
0.867624
0.863032
0.863032
0.868997
0.868997
0.898629
0.898629
0.877938
0.877938
0.873162
0.873162
0.899702
0.899702
0.84926
0.84926
0.846808
0.846808
0.876313
0.876313
0.902784
0.902784
0.847469
0.847469
0.827638
0.827638
0.819725
0.819725
0.820858
0.820858
0.827961
0.827961
0.826848
0.826848
0.82842
0.82842
0.852098
0.852098
0.849055
0.849055
0.823963
0.823963
0.882502
0.882502
0.846192
0.846192
0.862284
0.862284
0.829704
0.829704
0.82124
0.82124
0.828578
0.828578
0.836851
0.836851
0.847163
0.847163
0.861174
0.861174
0.81989
0.81989
0.820184
0.820184
0.830104
0.830104
0.824779
0.824779
0.825804
0.825804
0.82704
0.82704
0.847216
0.847216
0.866858
0.866858
0.868522
0.868522
0.841359
0.841359
0.870455
0.870455
0.843683
0.843683
0.846982
0.846982
0.867673
0.867673
0.871119
0.871119
0.831001
0.831001
0.880232
0.880232
0.921896
0.921896
0.926007
0.926007
0.881829
0.881829
0.947311
0.947311
0.919187
0.919187
0.877091
0.877091
0.944968
0.944968
0.948051
0.948051
0.95289
0.95289
0.950537
0.950537
0.951807
0.951807
0.942127
0.942127
0.947071
0.947071
0.940585
0.940585
0.941727
0.941727
0.914096
0.914096
0.879058
0.879058
0.867857
0.867857
0.8932
0.8932
0.896404
0.896404
0.867131
0.867131
0.894665
0.894665
0.873451
0.873451
0.900006
0.900006
0.897983
0.897983
0.895226
0.895226
0.885979
0.885979
0.888928
0.888928
0.89159
0.89159
0.891807
0.891807
0.878268
0.878268
0.875042
0.875042
0.887062
0.887062
0.9254
0.9254
0.948737
0.948737
0.945894
0.945894
0.922586
0.922586
0.91226
0.91226
0.909203
0.909203
0.922033
0.922033
0.913702
0.913702
0.913548
0.913548
0.91081
0.91081
0.914818
0.914818
0.921318
0.921318
0.923647
0.923647
0.903247
0.903247
0.908113
0.908113
0.852653
0.852653
0.85311
0.85311
0.831764
0.831764
0.875914
0.875914
0.892138
0.892138
0.871137
0.871137
0.890243
0.890243
0.868301
0.868301
0.882274
0.882274
0.871601
0.871601
0.851287
0.851287
0.863696
0.863696
0.891979
0.891979
0.875234
0.875234
0.861121
0.861121
0.881497
0.881497
0.852457
0.852457
0.873244
0.873244
0.859808
0.859808
0.849841
0.849841
0.849914
0.849914
0.848755
0.848755
0.849987
0.849987
0.853758
0.853758
0.861292
0.861292
0.859621
0.859621
0.875033
0.875033
0.882712
0.882712
0.859798
0.859798
0.891293
0.891293
0.869078
0.869078
0.880504
0.880504
0.891045
0.891045
0.870052
0.870052
0.879011
0.879011
0.896093
0.896093
0.877576
0.877576
0.882521
0.882521
0.883097
0.883097
0.887353
0.887353
0.885098
0.885098
0.873998
0.873998
0.870396
0.870396
0.87956
0.87956
0.877735
0.877735
0.881977
0.881977
0.900169
0.900169
0.884857
0.884857
0.884323
0.884323
0.878985
0.878985
0.875109
0.875109
0.899809
0.899809
0.901613
0.901613
0.895909
0.895909
0.903751
0.903751
0.901514
0.901514
0.902298
0.902298
0.904864
0.904864
0.901175
0.901175
0.885373
0.885373
0.881585
0.881585
0.888175
0.888175
0.882802
0.882802
0.880865
0.880865
0.881128
0.881128
0.882438
0.882438
0.882174
0.882174
0.946254
0.946254
0.93699
0.93699
0.937164
0.937164
0.940614
0.940614
0.941556
0.941556
0.939095
0.939095
0.857395
0.857395
0.830633
0.830633
0.826306
0.826306
0.840894
0.840894
0.823344
0.823344
0.825046
0.825046
0.81885
0.81885
0.823388
0.823388
0.823029
0.823029
0.821907
0.821907
0.827857
0.827857
0.823855
0.823855
0.833509
0.833509
0.817933
0.817933
0.818448
0.818448
0.83013
0.83013
0.831602
0.831602
0.833931
0.833931
0.826479
0.826479
0.852723
0.852723
0.84246
0.84246
0.835828
0.835828
0.860537
0.860537
0.952195
0.952195
0.937159
0.937159
0.949512
0.949512
0.926811
0.926811
0.933714
0.933714
0.93719
0.93719
0.911035
0.911035
0.918062
0.918062
0.914549
0.914549
0.945911
0.945911
0.954838
0.954838
0.884984
0.884984
0.882682
0.882682
0.876327
0.876327
0.893393
0.893393
0.867812
0.867812
0.864594
0.864594
0.942964
0.942964
0.945472
0.945472
0.952483
0.952483
0.952111
0.952111
0.948249
0.948249
0.950673
0.950673
0.946041
0.946041
0.943056
0.943056
0.916099
0.916099
0.934872
0.934872
0.912662
0.912662
0.938562
0.938562
0.916897
0.916897
0.936427
0.936427
0.913444
0.913444
0.912297
0.912297
0.933691
0.933691
0.944476
0.944476
0.913087
0.913087
0.931058
0.931058
0.945161
0.945161
0.955957
0.955957
0.908985
0.908985
0.901863
0.901863
0.91597
0.91597
0.927928
0.927928
0.938147
0.938147
0.946536
0.946536
0.949769
0.949769
0.8175
0.8175
0.829446
0.829446
0.824499
0.824499
0.872052
0.872052
0.854899
0.854899
0.879629
0.879629
0.887584
0.887584
0.849466
0.849466
0.893357
0.893357
0.849791
0.849791
0.888632
0.888632
0.8933
0.8933
0.854056
0.854056
0.878268
0.878268
0.887062
0.887062
0.877373
0.877373
0.884669
0.884669
0.888928
0.888928
0.885979
0.885979
0.878881
0.878881
0.877307
0.877307
0.865321
0.865321
0.872777
0.872777
0.872777
0.872777
0.865321
0.865321
0.867852
0.867852
0.892029
0.892029
0.945419
0.945419
0.901043
0.901043
0.846006
0.846006
0.892854
0.892854
0.901043
0.901043
0.9254
0.9254
0.915954
0.915954
0.903247
0.903247
0.915954
0.915954
0.894602
0.894602
0.888696
0.888696
0.906095
0.906095
0.914818
0.914818
0.906095
0.906095
0.88976
0.88976
0.894066
0.894066
0.860276
0.860276
0.870553
0.870553
0.872531
0.872531
0.872531
0.872531
0.870553
0.870553
0.870537
0.870537
0.873382
0.873382
0.870537
0.870537
0.905234
0.905234
0.894878
0.894878
0.913031
0.913031
0.911176
0.911176
0.917917
0.917917
0.930188
0.930188
0.917917
0.917917
0.911176
0.911176
0.925027
0.925027
0.913031
0.913031
0.917213
0.917213
0.908717
0.908717
0.894878
0.894878
0.905234
0.905234
0.889098
0.889098
0.883507
0.883507
0.892965
0.892965
0.871715
0.871715
0.894801
0.894801
0.892965
0.892965
0.861292
0.861292
0.871715
0.871715
0.914774
0.914774
0.918813
0.918813
0.914644
0.914644
0.894458
0.894458
0.883507
0.883507
0.889098
0.889098
0.918813
0.918813
0.892965
0.892965
0.889634
0.889634
0.880369
0.880369
0.887236
0.887236
0.882146
0.882146
0.881821
0.881821
0.8784
0.8784
0.871207
0.871207
0.870452
0.870452
0.877958
0.877958
0.8784
0.8784
0.881821
0.881821
0.880369
0.880369
0.877958
0.877958
0.900168
0.900168
0.887236
0.887236
0.880369
0.880369
0.874003
0.874003
0.880391
0.880391
0.880391
0.880391
0.874003
0.874003
0.879453
0.879453
0.881506
0.881506
0.885534
0.885534
0.875109
0.875109
0.885534
0.885534
0.88228
0.88228
0.879346
0.879346
0.887875
0.887875
0.886137
0.886137
0.88051
0.88051
0.88051
0.88051
0.886137
0.886137
0.886977
0.886977
0.883679
0.883679
0.886977
0.886977
0.891951
0.891951
0.892287
0.892287
0.89127
0.89127
0.89127
0.89127
0.901514
0.901514
0.88791
0.88791
0.884129
0.884129
0.903751
0.903751
0.888158
0.888158
0.87411
0.87411
0.873035
0.873035
0.873035
0.873035
0.87411
0.87411
0.877329
0.877329
0.880074
0.880074
0.881692
0.881692
0.881692
0.881692
0.880074
0.880074
0.881897
0.881897
0.879881
0.879881
0.88163
0.88163
0.879912
0.879912
0.879912
0.879912
0.88163
0.88163
0.880346
0.880346
0.882009
0.882009
0.889994
0.889994
0.88567
0.88567
0.88018
0.88018
0.88018
0.88018
0.88567
0.88567
0.885756
0.885756
0.881897
0.881897
0.882009
0.882009
0.891504
0.891504
0.882249
0.882249
0.87947
0.87947
0.879881
0.879881
0.886152
0.886152
0.886152
0.886152
0.944608
0.944608
0.91912
0.91912
0.848
0.848
0.902318
0.902318
0.91912
0.91912
0.944608
0.944608
0.902318
0.902318
0.889845
0.889845
0.88931
0.88931
0.889845
0.889845
0.88931
0.88931
0.949219
0.949219
0.946237
0.946237
0.944246
0.944246
0.915811
0.915811
0.920181
0.920181
0.947472
0.947472
0.942814
0.942814
0.917365
0.917365
0.913355
0.913355
0.857803
0.857803
0.853344
0.853344
0.853344
0.853344
0.857803
0.857803
0.913355
0.913355
0.917365
0.917365
0.854661
0.854661
0.915811
0.915811
0.852776
0.852776
0.920181
0.920181
0.854661
0.854661
0.912671
0.912671
0.908045
0.908045
0.857395
0.857395
0.95418
0.95418
0.908045
0.908045
0.912671
0.912671
0.831834
0.831834
0.837269
0.837269
0.875118
0.875118
0.873762
0.873762
0.841913
0.841913
0.874433
0.874433
0.875613
0.875613
0.915244
0.915244
0.903862
0.903862
0.903862
0.903862
0.915244
0.915244
0.875613
0.875613
0.874433
0.874433
0.914744
0.914744
0.875118
0.875118
0.875613
0.875613
0.914744
0.914744
0.906614
0.906614
0.873762
0.873762
0.875118
0.875118
0.853926
0.853926
0.853926
0.853926
0.860537
0.860537
0.887668
0.887668
0.889389
0.889389
0.887778
0.887778
0.852723
0.852723
0.910338
0.910338
0.912985
0.912985
0.887668
0.887668
0.887778
0.887778
0.917962
0.917962
0.889389
0.889389
0.83102
0.83102
0.881417
0.881417
0.895342
0.895342
0.881417
0.881417
0.895342
0.895342
0.899016
0.899016
0.873041
0.873041
0.843987
0.843987
0.899016
0.899016
0.873041
0.873041
0.881417
0.881417
0.833281
0.833281
0.833446
0.833446
0.898646
0.898646
0.890386
0.890386
0.882668
0.882668
0.949479
0.949479
0.939106
0.939106
0.915367
0.915367
0.898646
0.898646
0.890386
0.890386
0.882668
0.882668
0.883946
0.883946
0.88579
0.88579
0.881559
0.881559
0.904879
0.904879
0.883661
0.883661
0.88579
0.88579
0.881559
0.881559
0.818325
0.818325
0.818667
0.818667
0.876402
0.876402
0.881864
0.881864
0.827367
0.827367
0.88697
0.88697
0.931798
0.931798
0.943698
0.943698
0.946015
0.946015
0.876402
0.876402
0.881864
0.881864
0.88697
0.88697
0.913227
0.913227
0.933054
0.933054
0.886548
0.886548
0.888398
0.888398
0.859141
0.859141
0.842743
0.842743
0.886548
0.886548
0.888398
0.888398
0.856151
0.856151
0.893082
0.893082
0.907505
0.907505
0.842927
0.842927
0.908325
0.908325
0.911868
0.911868
0.893082
0.893082
0.907505
0.907505
0.908325
0.908325
0.886152
0.886152
0.902534
0.902534
0.842374
0.842374
0.842374
0.842374
0.902534
0.902534
0.902534
0.902534
0.930522
0.930522
0.880501
0.880501
0.931548
0.931548
0.87221
0.87221
0.822658
0.822658
0.818024
0.818024
0.880501
0.880501
0.87221
0.87221
0.847616
0.847616
0.883518
0.883518
0.870543
0.870543
0.877352
0.877352
0.906136
0.906136
0.883518
0.883518
0.870543
0.870543
0.853677
0.853677
0.860415
0.860415
0.861094
0.861094
0.859815
0.859815
0.85885
0.85885
0.862712
0.862712
0.860579
0.860579
0.854631
0.854631
0.862796
0.862796
0.865904
0.865904
0.866595
0.866595
0.867557
0.867557
0.868219
0.868219
0.86419
0.86419
0.86388
0.86388
0.85915
0.85915
0.859801
0.859801
0.869698
0.869698
0.867222
0.867222
0.864379
0.864379
0.845964
0.845964
0.84957
0.84957
0.857503
0.857503
0.852277
0.852277
0.857445
0.857445
0.863468
0.863468
0.85935
0.85935
0.857224
0.857224
0.887624
0.887624
0.890278
0.890278
0.88805
0.88805
0.894085
0.894085
0.874063
0.874063
0.87799
0.87799
0.864761
0.864761
0.865165
0.865165
0.8758
0.8758
0.866201
0.866201
0.860655
0.860655
0.860686
0.860686
0.865825
0.865825
0.84349
0.84349
0.84796
0.84796
0.84924
0.84924
0.852015
0.852015
0.848806
0.848806
0.846332
0.846332
0.84391
0.84391
0.845968
0.845968
0.854897
0.854897
0.840386
0.840386
0.859581
0.859581
0.876777
0.876777
0.937089
0.937089
0.901038
0.901038
0.865699
0.865699
0.865878
0.865878
0.87866
0.87866
0.854763
0.854763
0.859572
0.859572
0.862974
0.862974
0.859169
0.859169
0.862907
0.862907
0.881026
0.881026
0.862959
0.862959
0.863332
0.863332
0.858506
0.858506
0.86209
0.86209
0.862022
0.862022
0.873375
0.873375
0.849738
0.849738
0.84251
0.84251
0.858777
0.858777
0.842824
0.842824
0.893074
0.893074
0.902846
0.902846
0.902761
0.902761
0.885106
0.885106
0.857845
0.857845
0.870435
0.870435
0.884893
0.884893
0.860747
0.860747
0.881861
0.881861
0.870189
0.870189
0.879943
0.879943
0.879815
0.879815
0.896247
0.896247
0.920546
0.920546
0.92165
0.92165
0.909591
0.909591
0.90562
0.90562
0.890718
0.890718
0.903511
0.903511
0.898568
0.898568
0.887364
0.887364
0.898275
0.898275
0.892611
0.892611
0.8918
0.8918
0.878371
0.878371
0.877276
0.877276
0.885991
0.885991
0.924967
0.924967
0.908656
0.908656
0.922237
0.922237
0.917847
0.917847
0.915658
0.915658
0.914065
0.914065
0.907181
0.907181
0.907176
0.907176
0.898749
0.898749
0.905359
0.905359
0.904445
0.904445
0.912345
0.912345
0.8928
0.8928
0.890063
0.890063
0.923125
0.923125
0.915103
0.915103
0.912345
0.912345
0.915103
0.915103
0.895806
0.895806
0.894392
0.894392
0.8928
0.8928
0.876778
0.876778
0.877506
0.877506
0.8764
0.8764
0.877506
0.877506
0.876778
0.876778
0.8764
0.8764
0.870103
0.870103
0.877275
0.877275
0.877275
0.877275
0.890063
0.890063
0.872255
0.872255
0.872153
0.872153
0.890457
0.890457
0.893508
0.893508
0.910797
0.910797
0.86642
0.86642
0.87926
0.87926
0.869186
0.869186
0.86567
0.86567
0.879527
0.879527
0.877702
0.877702
0.879706
0.879706
0.879222
0.879222
0.870045
0.870045
0.879886
0.879886
0.884268
0.884268
0.864979
0.864979
0.864822
0.864822
0.878026
0.878026
0.873382
0.873382
0.868539
0.868539
0.856976
0.856976
0.860099
0.860099
0.882594
0.882594
0.880216
0.880216
0.883678
0.883678
0.881999
0.881999
0.885999
0.885999
0.884848
0.884848
0.889779
0.889779
0.890389
0.890389
0.878454
0.878454
0.882436
0.882436
0.879861
0.879861
0.877989
0.877989
0.884427
0.884427
0.888111
0.888111
0.889507
0.889507
0.869916
0.869916
0.887185
0.887185
0.881194
0.881194
0.877776
0.877776
0.884633
0.884633
0.88074
0.88074
0.877314
0.877314
0.869196
0.869196
0.876124
0.876124
0.902295
0.902295
0.913363
0.913363
0.910531
0.910531
0.902207
0.902207
0.906209
0.906209
0.908764
0.908764
0.889281
0.889281
0.891233
0.891233
0.879325
0.879325
0.88677
0.88677
0.87756
0.87756
0.875964
0.875964
0.878596
0.878596
0.89785
0.89785
0.886853
0.886853
0.892961
0.892961
0.873724
0.873724
0.883527
0.883527
0.871934
0.871934
0.872862
0.872862
0.881533
0.881533
0.896853
0.896853
0.892558
0.892558
0.881456
0.881456
0.898246
0.898246
0.904946
0.904946
0.884871
0.884871
0.900636
0.900636
0.917178
0.917178
0.919822
0.919822
0.88452
0.88452
0.888604
0.888604
0.887034
0.887034
0.887849
0.887849
0.894362
0.894362
0.884408
0.884408
0.87756
0.87756
0.884408
0.884408
0.881661
0.881661
0.879592
0.879592
0.885605
0.885605
0.882434
0.882434
0.881009
0.881009
0.882434
0.882434
0.880898
0.880898
0.880898
0.880898
0.880216
0.880216
0.882594
0.882594
0.872986
0.872986
0.879897
0.879897
0.879897
0.879897
0.872986
0.872986
0.877677
0.877677
0.880142
0.880142
0.871934
0.871934
0.877369
0.877369
0.884342
0.884342
0.884342
0.884342
0.884427
0.884427
0.881997
0.881997
0.881997
0.881997
0.897451
0.897451
0.893285
0.893285
0.897451
0.897451
0.886728
0.886728
0.893285
0.893285
0.884487
0.884487
0.887029
0.887029
0.887029
0.887029
0.8826
0.8826
0.879322
0.879322
0.87718
0.87718
0.879322
0.879322
0.87718
0.87718
0.874719
0.874719
0.874719
0.874719
0.881883
0.881883
0.881811
0.881811
0.875591
0.875591
0.879662
0.879662
0.879662
0.879662
0.875591
0.875591
0.885914
0.885914
0.882395
0.882395
0.881883
0.881883
0.88007
0.88007
0.885292
0.885292
0.895909
0.895909
0.880301
0.880301
0.895909
0.895909
0.885292
0.885292
0.880301
0.880301
0.878595
0.878595
0.878595
0.878595
0.883077
0.883077
0.881811
0.881811
0.880314
0.880314
0.879626
0.879626
0.879626
0.879626
0.888604
0.888604
0.871392
0.871392
0.846764
0.846764
0.847064
0.847064
0.868426
0.868426
0.840955
0.840955
0.853006
0.853006
0.868214
0.868214
0.852174
0.852174
0.846069
0.846069
0.855197
0.855197
0.868982
0.868982
0.868322
0.868322
0.862154
0.862154
0.863195
0.863195
0.865673
0.865673
0.8687
0.8687
0.867074
0.867074
0.860161
0.860161
0.873095
0.873095
0.872718
0.872718
0.878307
0.878307
0.87769
0.87769
0.875536
0.875536
0.877329
0.877329
0.868159
0.868159
0.865198
0.865198
0.854208
0.854208
0.852454
0.852454
0.859627
0.859627
0.870065
0.870065
0.878597
0.878597
0.881517
0.881517
0.874331
0.874331
0.916516
0.916516
0.917529
0.917529
0.914032
0.914032
0.91594
0.91594
0.898286
0.898286
0.905208
0.905208
0.906433
0.906433
0.89939
0.89939
0.901036
0.901036
0.906674
0.906674
0.920301
0.920301
0.925419
0.925419
0.908938
0.908938
0.926935
0.926935
0.904755
0.904755
0.923637
0.923637
0.923093
0.923093
0.930601
0.930601
0.931914
0.931914
0.893638
0.893638
0.89255
0.89255
0.910632
0.910632
0.9106
0.9106
0.9106
0.9106
0.910632
0.910632
0.89328
0.89328
0.894454
0.894454
0.905477
0.905477
0.905477
0.905477
0.889978
0.889978
0.873031
0.873031
0.873471
0.873471
0.873031
0.873031
0.873471
0.873471
0.872414
0.872414
0.872414
0.872414
0.906941
0.906941
0.909515
0.909515
0.901036
0.901036
0.906941
0.906941
0.889948
0.889948
0.887657
0.887657
0.909515
0.909515
0.891971
0.891971
0.870633
0.870633
0.870633
0.870633
0.871395
0.871395
0.887657
0.887657
0.889948
0.889948
0.870065
0.870065
0.898497
0.898497
0.886023
0.886023
0.888158
0.888158
0.887657
0.887657
0.886374
0.886374
0.874082
0.874082
0.886374
0.886374
0.886023
0.886023
0.888158
0.888158
0.874932
0.874932
0.874455
0.874455
0.87859
0.87859
0.874455
0.874455
0.874932
0.874932
0.89391
0.89391
0.888217
0.888217
0.87859
0.87859
0.896933
0.896933
0.878651
0.878651
0.878651
0.878651
0.896885
0.896885
0.913594
0.913594
0.914483
0.914483
0.914483
0.914483
0.913594
0.913594
0.901467
0.901467
0.911536
0.911536
0.911536
0.911536
0.901467
0.901467
0.880316
0.880316
0.880316
0.880316
0.881767
0.881767
0.878307
0.878307
0.883161
0.883161
0.889184
0.889184
0.889184
0.889184
0.884129
0.884129
0.881767
0.881767
0.883161
0.883161
0.89448
0.89448
0.884982
0.884982
0.893402
0.893402
0.893208
0.893208
0.882108
0.882108
0.875478
0.875478
0.869706
0.869706
0.88615
0.88615
0.900919
0.900919
0.867228
0.867228
0.868437
0.868437
0.876977
0.876977
0.873037
0.873037
0.889827
0.889827
0.890073
0.890073
0.90936
0.90936
0.890075
0.890075
0.894045
0.894045
0.899674
0.899674
0.885161
0.885161
0.869942
0.869942
0.848544
0.848544
0.893301
0.893301
0.882907
0.882907
0.859921
0.859921
0.827044
0.827044
0.832856
0.832856
0.846429
0.846429
0.836978
0.836978
0.865791
0.865791
0.860173
0.860173
0.877362
0.877362
0.870824
0.870824
0.88137
0.88137
0.879905
0.879905
0.880428
0.880428
0.878682
0.878682
0.882846
0.882846
0.878857
0.878857
0.878812
0.878812
0.885736
0.885736
0.888187
0.888187
0.884201
0.884201
0.894067
0.894067
0.883457
0.883457
0.887452
0.887452
0.888956
0.888956
0.883351
0.883351
0.890286
0.890286
0.881125
0.881125
0.878857
0.878857
0.881125
0.881125
0.880913
0.880913
0.883023
0.883023
0.881933
0.881933
0.888709
0.888709
0.881933
0.881933
0.888709
0.888709
0.879402
0.879402
0.88135
0.88135
0.88135
0.88135
0.879402
0.879402
0.882743
0.882743
0.8805
0.8805
0.887704
0.887704
0.88051
0.88051
0.887704
0.887704
0.88051
0.88051
0.882445
0.882445
0.882445
0.882445
0.879036
0.879036
0.878792
0.878792
0.876019
0.876019
0.876019
0.876019
0.875837
0.875837
0.875837
0.875837
0.872409
0.872409
0.879196
0.879196
0.87789
0.87789
0.876896
0.876896
0.880285
0.880285
0.890496
0.890496
0.884192
0.884192
0.878253
0.878253
0.881396
0.881396
0.884192
0.884192
0.878253
0.878253
0.881396
0.881396
0.880285
0.880285
0.884192
0.884192
0.883351
0.883351
0.883457
0.883457
0.876896
0.876896
0.87789
0.87789
0.872729
0.872729
0.869086
0.869086
0.87947
0.87947
0.872729
0.872729
0.877568
0.877568
0.869086
0.869086
0.875373
0.875373
0.867228
0.867228
0.853845
0.853845
0.845822
0.845822
0.849335
0.849335
0.856957
0.856957
0.855461
0.855461
0.866186
0.866186
0.86466
0.86466
0.860994
0.860994
0.86697
0.86697
0.858548
0.858548
0.864196
0.864196
0.863177
0.863177
0.856126
0.856126
0.865901
0.865901
0.862425
0.862425
0.858132
0.858132
0.864455
0.864455
0.876714
0.876714
0.872581
0.872581
0.867726
0.867726
0.887803
0.887803
0.89115
0.89115
0.881097
0.881097
0.884571
0.884571
0.865737
0.865737
0.895095
0.895095
0.898461
0.898461
0.912249
0.912249
0.911534
0.911534
0.925845
0.925845
0.924607
0.924607
0.930159
0.930159
0.926971
0.926971
0.898666
0.898666
0.90594
0.90594
0.915573
0.915573
0.909366
0.909366
0.912543
0.912543
0.917973
0.917973
0.920029
0.920029
0.919644
0.919644
0.916407
0.916407
0.923774
0.923774
0.924513
0.924513
0.919638
0.919638
0.912089
0.912089
0.911966
0.911966
0.892287
0.892287
0.891951
0.891951
0.897187
0.897187
0.873626
0.873626
0.873626
0.873626
0.87003
0.87003
0.892287
0.892287
0.897187
0.897187
0.873678
0.873678
0.87308
0.87308
0.875291
0.875291
0.873678
0.873678
0.875291
0.875291
0.892005
0.892005
0.891374
0.891374
0.910024
0.910024
0.908402
0.908402
0.912686
0.912686
0.908402
0.908402
0.891374
0.891374
0.910024
0.910024
0.87308
0.87308
0.89328
0.89328
0.869773
0.869773
0.891951
0.891951
0.89328
0.89328
0.8622
0.8622
0.858503
0.858503
0.863395
0.863395
0.864457
0.864457
0.867491
0.867491
0.859201
0.859201
0.860472
0.860472
0.867801
0.867801
0.850884
0.850884
0.854933
0.854933
0.858067
0.858067
0.863884
0.863884
0.859711
0.859711
0.863743
0.863743
0.868063
0.868063
0.864003
0.864003
0.859274
0.859274
0.86793
0.86793
0.8538
0.8538
0.858698
0.858698
0.857343
0.857343
0.853832
0.853832
0.848448
0.848448
0.875458
0.875458
0.865904
0.865904
0.865579
0.865579
0.869068
0.869068
0.867572
0.867572
0.92908
0.92908
0.926461
0.926461
0.926508
0.926508
0.918034
0.918034
0.925192
0.925192
0.919834
0.919834
0.92972
0.92972
0.928701
0.928701
0.926885
0.926885
0.920548
0.920548
0.91561
0.91561
0.905101
0.905101
0.883043
0.883043
0.893939
0.893939
0.909219
0.909219
0.911391
0.911391
0.919929
0.919929
0.921606
0.921606
0.924092
0.924092
0.921402
0.921402
0.919406
0.919406
0.919989
0.919989
0.918493
0.918493
0.930979
0.930979
0.902079
0.902079
0.876529
0.876529
0.924637
0.924637
0.927367
0.927367
0.929613
0.929613
0.928555
0.928555
0.925431
0.925431
0.922393
0.922393
0.905513
0.905513
0.908991
0.908991
0.908991
0.908991
0.905513
0.905513
0.888757
0.888757
0.891365
0.891365
0.909446
0.909446
0.909446
0.909446
0.892219
0.892219
0.875687
0.875687
0.875687
0.875687
0.874196
0.874196
0.874264
0.874264
0.874196
0.874196
0.874264
0.874264
0.912853
0.912853
0.912853
0.912853
0.896097
0.896097
0.893282
0.893282
0.878115
0.878115
0.878115
0.878115
0.878358
0.878358
0.878358
0.878358
0.87985
0.87985
0.877713
0.877713
0.877713
0.877713
0.87985
0.87985
0.89734
0.89734
0.893674
0.893674
0.913742
0.913742
0.919638
0.919638
0.913742
0.913742
0.903886
0.903886
0.903886
0.903886
0.877992
0.877992
0.877992
0.877992
0.890731
0.890731
0.904445
0.904445
0.871133
0.871133
0.892685
0.892685
0.890774
0.890774
0.911211
0.911211
0.917603
0.917603
0.890774
0.890774
0.892685
0.892685
0.871795
0.871795
0.892195
0.892195
0.890457
0.890457
0.872255
0.872255
0.893736
0.893736
0.871795
0.871795
0.893736
0.893736
0.916254
0.916254
0.893736
0.893736
0.892195
0.892195
0.890457
0.890457
0.917517
0.917517
0.914968
0.914968
0.914968
0.914968
0.895739
0.895739
0.895905
0.895905
0.917517
0.917517
0.877999
0.877999
0.877999
0.877999
0.913743
0.913743
0.893508
0.893508
0.913743
0.913743
0.893508
0.893508
0.873261
0.873261
0.873261
0.873261
0.872153
0.872153
0.862444
0.862444
0.839262
0.839262
0.819594
0.819594
0.887675
0.887675
0.867632
0.867632
0.90825
0.90825
0.823877
0.823877
0.829868
0.829868
0.833832
0.833832
0.818988
0.818988
0.817494
0.817494
0.826458
0.826458
0.817634
0.817634
0.827696
0.827696
0.858695
0.858695
0.862865
0.862865
0.873334
0.873334
0.911619
0.911619
0.904917
0.904917
0.903765
0.903765
0.899172
0.899172
0.901917
0.901917
0.892363
0.892363
0.897413
0.897413
0.904174
0.904174
0.924096
0.924096
0.900936
0.900936
0.924595
0.924595
0.898393
0.898393
0.921646
0.921646
0.909677
0.909677
0.924399
0.924399
0.89208
0.89208
0.927906
0.927906
0.894819
0.894819
0.925814
0.925814
0.892029
0.892029
0.894581
0.894581
0.860351
0.860351
0.867852
0.867852
0.863761
0.863761
0.893195
0.893195
0.875192
0.875192
0.872664
0.872664
0.896939
0.896939
0.871662
0.871662
0.898717
0.898717
0.868535
0.868535
0.865998
0.865998
0.871315
0.871315
0.893545
0.893545
0.925315
0.925315
0.92784
0.92784
0.925262
0.925262
0.923069
0.923069
0.927026
0.927026
0.921022
0.921022
0.928287
0.928287
0.917987
0.917987
0.899958
0.899958
0.901061
0.901061
0.900949
0.900949
0.892526
0.892526
0.892346
0.892346
0.925558
0.925558
0.911709
0.911709
0.920302
0.920302
0.915589
0.915589
0.913925
0.913925
0.910716
0.910716
0.908142
0.908142
0.907564
0.907564
0.92699
0.92699
0.920535
0.920535
0.901279
0.901279
0.913608
0.913608
0.89457
0.89457
0.911258
0.911258
0.904783
0.904783
0.894816
0.894816
0.880927
0.880927
0.887909
0.887909
0.903949
0.903949
0.905311
0.905311
0.892628
0.892628
0.892919
0.892919
0.893531
0.893531
0.920481
0.920481
0.916976
0.916976
0.925426
0.925426
0.914774
0.914774
0.913996
0.913996
0.915452
0.915452
0.893862
0.893862
0.896546
0.896546
0.903386
0.903386
0.922005
0.922005
0.889605
0.889605
0.90432
0.90432
0.906267
0.906267
0.890208
0.890208
0.902934
0.902934
0.902375
0.902375
0.90281
0.90281
0.938552
0.938552
0.946224
0.946224
0.933451
0.933451
0.922387
0.922387
0.922251
0.922251
0.915338
0.915338
0.914793
0.914793
0.913402
0.913402
0.940774
0.940774
0.932794
0.932794
0.927739
0.927739
0.933609
0.933609
0.914477
0.914477
0.917405
0.917405
0.895892
0.895892
0.894987
0.894987
0.896239
0.896239
0.896993
0.896993
0.896705
0.896705
0.897278
0.897278
0.900918
0.900918
0.907584
0.907584
0.906371
0.906371
0.910216
0.910216
0.905123
0.905123
0.906702
0.906702
0.911404
0.911404
0.902944
0.902944
0.90717
0.90717
0.918855
0.918855
0.90516
0.90516
0.917561
0.917561
0.894295
0.894295
0.903266
0.903266
0.907854
0.907854
0.915816
0.915816
0.918357
0.918357
0.900643
0.900643
0.913438
0.913438
0.918202
0.918202
0.900168
0.900168
0.904272
0.904272
0.876448
0.876448
0.878633
0.878633
0.883998
0.883998
0.907208
0.907208
0.900905
0.900905
0.882834
0.882834
0.883022
0.883022
0.880053
0.880053
0.899596
0.899596
0.893359
0.893359
0.904567
0.904567
0.893295
0.893295
0.907409
0.907409
0.911032
0.911032
0.918231
0.918231
0.908732
0.908732
0.900678
0.900678
0.913372
0.913372
0.877074
0.877074
0.886719
0.886719
0.880154
0.880154
0.888972
0.888972
0.876507
0.876507
0.884929
0.884929
0.889583
0.889583
0.886653
0.886653
0.875247
0.875247
0.881066
0.881066
0.88766
0.88766
0.877426
0.877426
0.879982
0.879982
0.872362
0.872362
0.88429
0.88429
0.874221
0.874221
0.883679
0.883679
0.885573
0.885573
0.872996
0.872996
0.878882
0.878882
0.886528
0.886528
0.886913
0.886913
0.872597
0.872597
0.882825
0.882825
0.890732
0.890732
0.884351
0.884351
0.88663
0.88663
0.874186
0.874186
0.870111
0.870111
0.883109
0.883109
0.873373
0.873373
0.876656
0.876656
0.865086
0.865086
0.868964
0.868964
0.880918
0.880918
0.884243
0.884243
0.871589
0.871589
0.874962
0.874962
0.884851
0.884851
0.877402
0.877402
0.884072
0.884072
0.882926
0.882926
0.879337
0.879337
0.873502
0.873502
0.900858
0.900858
0.904251
0.904251
0.894261
0.894261
0.894546
0.894546
0.895967
0.895967
0.892268
0.892268
0.904054
0.904054
0.896083
0.896083
0.941812
0.941812
0.952292
0.952292
0.901487
0.901487
0.951513
0.951513
0.950701
0.950701
0.889767
0.889767
0.876904
0.876904
0.875872
0.875872
0.915385
0.915385
0.895647
0.895647
0.895647
0.895647
0.895067
0.895067
0.919974
0.919974
0.916066
0.916066
0.872894
0.872894
0.880938
0.880938
0.825681
0.825681
0.819753
0.819753
0.821413
0.821413
0.821763
0.821763
0.843169
0.843169
0.839694
0.839694
0.864836
0.864836
0.877077
0.877077
0.843715
0.843715
0.838655
0.838655
0.8361
0.8361
0.837953
0.837953
0.837351
0.837351
0.840577
0.840577
0.872833
0.872833
0.875345
0.875345
0.905591
0.905591
0.85576
0.85576
0.864299
0.864299
0.915556
0.915556
0.866518
0.866518
0.889768
0.889768
0.870675
0.870675
0.888467
0.888467
0.873212
0.873212
0.84137
0.84137
0.842448
0.842448
0.846983
0.846983
0.843575
0.843575
0.848897
0.848897
0.852755
0.852755
0.854662
0.854662
0.857262
0.857262
0.861972
0.861972
0.867366
0.867366
0.878102
0.878102
0.868559
0.868559
0.869438
0.869438
0.874238
0.874238
0.872747
0.872747
0.872771
0.872771
0.874765
0.874765
0.873806
0.873806
0.867914
0.867914
0.859072
0.859072
0.870525
0.870525
0.856865
0.856865
0.870297
0.870297
0.866571
0.866571
0.853223
0.853223
0.871909
0.871909
0.87045
0.87045
0.889935
0.889935
0.884013
0.884013
0.881593
0.881593
0.881948
0.881948
0.876142
0.876142
0.88051
0.88051
0.875362
0.875362
0.873768
0.873768
0.874398
0.874398
0.871991
0.871991
0.871552
0.871552
0.870573
0.870573
0.867457
0.867457
0.869994
0.869994
0.859885
0.859885
0.874096
0.874096
0.872699
0.872699
0.869634
0.869634
0.854065
0.854065
0.857517
0.857517
0.865244
0.865244
0.868948
0.868948
0.859118
0.859118
0.854561
0.854561
0.866665
0.866665
0.853279
0.853279
0.845567
0.845567
0.871371
0.871371
0.866708
0.866708
0.85553
0.85553
0.879298
0.879298
0.869155
0.869155
0.869495
0.869495
0.872045
0.872045
0.875505
0.875505
0.870156
0.870156
0.862108
0.862108
0.870484
0.870484
0.868061
0.868061
0.850117
0.850117
0.850552
0.850552
0.861134
0.861134
0.843431
0.843431
0.858523
0.858523
0.83811
0.83811
0.852608
0.852608
0.870171
0.870171
0.858849
0.858849
0.858379
0.858379
0.867958
0.867958
0.861656
0.861656
0.877909
0.877909
0.863094
0.863094
0.868552
0.868552
0.875484
0.875484
0.874712
0.874712
0.872772
0.872772
0.874321
0.874321
0.874376
0.874376
0.875859
0.875859
0.867764
0.867764
0.863128
0.863128
0.852376
0.852376
0.854526
0.854526
0.85226
0.85226
0.854498
0.854498
0.868612
0.868612
0.858015
0.858015
0.858156
0.858156
0.870171
0.870171
0.854984
0.854984
0.858079
0.858079
0.867035
0.867035
0.863484
0.863484
0.855075
0.855075
0.85185
0.85185
0.86339
0.86339
0.866628
0.866628
0.853558
0.853558
0.855605
0.855605
0.869113
0.869113
0.855068
0.855068
0.859146
0.859146
0.889066
0.889066
0.88519
0.88519
0.865128
0.865128
0.885887
0.885887
0.869575
0.869575
0.889857
0.889857
0.875603
0.875603
0.87993
0.87993
0.878959
0.878959
0.877361
0.877361
0.882944
0.882944
0.876678
0.876678
0.879057
0.879057
0.872753
0.872753
0.872081
0.872081
0.877165
0.877165
0.871836
0.871836
0.869156
0.869156
0.866696
0.866696
0.865585
0.865585
0.88033
0.88033
0.869266
0.869266
0.873565
0.873565
0.8632
0.8632
0.889004
0.889004
0.868346
0.868346
0.866641
0.866641
0.861728
0.861728
0.870985
0.870985
0.870641
0.870641
0.865982
0.865982
0.866117
0.866117
0.873397
0.873397
0.868877
0.868877
0.861801
0.861801
0.861498
0.861498
0.870778
0.870778
0.871772
0.871772
0.865759
0.865759
0.877276
0.877276
0.871487
0.871487
0.860814
0.860814
0.856658
0.856658
0.892214
0.892214
0.893155
0.893155
0.879182
0.879182
0.878723
0.878723
0.870028
0.870028
0.875581
0.875581
0.88051
0.88051
0.884942
0.884942
0.895236
0.895236
0.871846
0.871846
0.874542
0.874542
0.885338
0.885338
0.881241
0.881241
0.889734
0.889734
0.905102
0.905102
0.907421
0.907421
0.896695
0.896695
0.88047
0.88047
0.889294
0.889294
0.895215
0.895215
0.884476
0.884476
0.908414
0.908414
0.881997
0.881997
0.904202
0.904202
0.879399
0.879399
0.879654
0.879654
0.890776
0.890776
0.897272
0.897272
0.876746
0.876746
0.919482
0.919482
0.910395
0.910395
0.90784
0.90784
0.916122
0.916122
0.910759
0.910759
0.880625
0.880625
0.876061
0.876061
0.879487
0.879487
0.89595
0.89595
0.89317
0.89317
0.876063
0.876063
0.888451
0.888451
0.876568
0.876568
0.876058
0.876058
0.888256
0.888256
0.875612
0.875612
0.873054
0.873054
0.884554
0.884554
0.893543
0.893543
0.892257
0.892257
0.893482
0.893482
0.896369
0.896369
0.88489
0.88489
0.877021
0.877021
0.886372
0.886372
0.877021
0.877021
0.88489
0.88489
0.879123
0.879123
0.884696
0.884696
0.886372
0.886372
0.877541
0.877541
0.88676
0.88676
0.88676
0.88676
0.877693
0.877693
0.869615
0.869615
0.870028
0.870028
0.869615
0.869615
0.875192
0.875192
0.893195
0.893195
0.861297
0.861297
0.894266
0.894266
0.891212
0.891212
0.894755
0.894755
0.865873
0.865873
0.884696
0.884696
0.892058
0.892058
0.91614
0.91614
0.925702
0.925702
0.892058
0.892058
0.884696
0.884696
0.894755
0.894755
0.913711
0.913711
0.925183
0.925183
0.891212
0.891212
0.894266
0.894266
0.877716
0.877716
0.875053
0.875053
0.885672
0.885672
0.88438
0.88438
0.875053
0.875053
0.885672
0.885672
0.877716
0.877716
0.896769
0.896769
0.913711
0.913711
0.896769
0.896769
0.891212
0.891212
0.892526
0.892526
0.88073
0.88073
0.877324
0.877324
0.88073
0.88073
0.882922
0.882922
0.877324
0.877324
0.885439
0.885439
0.894578
0.894578
0.894578
0.894578
0.885928
0.885928
0.885928
0.885928
0.902735
0.902735
0.892329
0.892329
0.902045
0.902045
0.892329
0.892329
0.902735
0.902735
0.888554
0.888554
0.88473
0.88473
0.888535
0.888535
0.902045
0.902045
0.888535
0.888535
0.88382
0.88382
0.888048
0.888048
0.874817
0.874817
0.879782
0.879782
0.879782
0.879782
0.874817
0.874817
0.874398
0.874398
0.87832
0.87832
0.87832
0.87832
0.895972
0.895972
0.912233
0.912233
0.886608
0.886608
0.912233
0.912233
0.895972
0.895972
0.886054
0.886054
0.891661
0.891661
0.886608
0.886608
0.883158
0.883158
0.880569
0.880569
0.880569
0.880569
0.870782
0.870782
0.876724
0.876724
0.876724
0.876724
0.870782
0.870782
0.917275
0.917275
0.921703
0.921703
0.893521
0.893521
0.884669
0.884669
0.891661
0.891661
0.894629
0.894629
0.866665
0.866665
0.894629
0.894629
0.868948
0.868948
0.893521
0.893521
0.88478
0.88478
0.889992
0.889992
0.87351
0.87351
0.87842
0.87842
0.885871
0.885871
0.883369
0.883369
0.889757
0.889757
0.898738
0.898738
0.898738
0.898738
0.889757
0.889757
0.883369
0.883369
0.885871
0.885871
0.88478
0.88478
0.883369
0.883369
0.907809
0.907809
0.893862
0.893862
0.907809
0.907809
0.889992
0.889992
0.88478
0.88478
0.869197
0.869197
0.867958
0.867958
0.869197
0.869197
0.892567
0.892567
0.888874
0.888874
0.870171
0.870171
0.870156
0.870156
0.893119
0.893119
0.912465
0.912465
0.912465
0.912465
0.913402
0.913402
0.908628
0.908628
0.908628
0.908628
0.874446
0.874446
0.884636
0.884636
0.889299
0.889299
0.888874
0.888874
0.884379
0.884379
0.895337
0.895337
0.884379
0.884379
0.888874
0.888874
0.884636
0.884636
0.907931
0.907931
0.889299
0.889299
0.871618
0.871618
0.871618
0.871618
0.89459
0.89459
0.870171
0.870171
0.893836
0.893836
0.868612
0.868612
0.867764
0.867764
0.889299
0.889299
0.892642
0.892642
0.912037
0.912037
0.913797
0.913797
0.907931
0.907931
0.912037
0.912037
0.913797
0.913797
0.913996
0.913996
0.89367
0.89367
0.892181
0.892181
0.908142
0.908142
0.910716
0.910716
0.904879
0.904879
0.88579
0.88579
0.890081
0.890081
0.890081
0.890081
0.863484
0.863484
0.867035
0.867035
0.87156
0.87156
0.87156
0.87156
0.884065
0.884065
0.881499
0.881499
0.887531
0.887531
0.906655
0.906655
0.906655
0.906655
0.890731
0.890731
0.903949
0.903949
0.887531
0.887531
0.869085
0.869085
0.867662
0.867662
0.869085
0.869085
0.887531
0.887531
0.890731
0.890731
0.886688
0.886688
0.874075
0.874075
0.881499
0.881499
0.884065
0.884065
0.877946
0.877946
0.880943
0.880943
0.880943
0.880943
0.882051
0.882051
0.877165
0.877165
0.882051
0.882051
0.881692
0.881692
0.888775
0.888775
0.882944
0.882944
0.88042
0.88042
0.878027
0.878027
0.878027
0.878027
0.888775
0.888775
0.881692
0.881692
0.88042
0.88042
0.893682
0.893682
0.888502
0.888502
0.871836
0.871836
0.893682
0.893682
0.91517
0.91517
0.893682
0.893682
0.91517
0.91517
0.913372
0.913372
0.888502
0.888502
0.871132
0.871132
0.885182
0.885182
0.886453
0.886453
0.900678
0.900678
0.885182
0.885182
0.886453
0.886453
0.885182
0.885182
0.873484
0.873484
0.886889
0.886889
0.886889
0.886889
0.906408
0.906408
0.900077
0.900077
0.900077
0.900077
0.906408
0.906408
0.889576
0.889576
0.887251
0.887251
0.906702
0.906702
0.888801
0.888801
0.871092
0.871092
0.87351
0.87351
0.871092
0.871092
0.872669
0.872669
0.874195
0.874195
0.872669
0.872669
0.874195
0.874195
0.897777
0.897777
0.907854
0.907854
0.897777
0.897777
0.886076
0.886076
0.890154
0.890154
0.894295
0.894295
0.885023
0.885023
0.877165
0.877165
0.877165
0.877165
0.875265
0.875265
0.872131
0.872131
0.875265
0.875265
0.872131
0.872131
0.912481
0.912481
0.912481
0.912481
0.892709
0.892709
0.913438
0.913438
0.893013
0.893013
0.871109
0.871109
0.871109
0.871109
0.871487
0.871487
0.873998
0.873998
0.885246
0.885246
0.88819
0.88819
0.882362
0.882362
0.875581
0.875581
0.879555
0.879555
0.879555
0.879555
0.885325
0.885325
0.881021
0.881021
0.885325
0.885325
0.882362
0.882362
0.879555
0.879555
0.868472
0.868472
0.874641
0.874641
0.88819
0.88819
0.885246
0.885246
0.896481
0.896481
0.883802
0.883802
0.883802
0.883802
0.896481
0.896481
0.88618
0.88618
0.882188
0.882188
0.88618
0.88618
0.867828
0.867828
0.88618
0.88618
0.881382
0.881382
0.874315
0.874315
0.874315
0.874315
0.881382
0.881382
0.877388
0.877388
0.890776
0.890776
0.877388
0.877388
0.880196
0.880196
0.884023
0.884023
0.876746
0.876746
0.879409
0.879409
0.883509
0.883509
0.883509
0.883509
0.884072
0.884072
0.877402
0.877402
0.904653
0.904653
0.886855
0.886855
0.88228
0.88228
0.884023
0.884023
0.887892
0.887892
0.866121
0.866121
0.887892
0.887892
0.884023
0.884023
0.868382
0.868382
0.886855
0.886855
0.88228
0.88228
0.884347
0.884347
0.887129
0.887129
0.879613
0.879613
0.881323
0.881323
0.880108
0.880108
0.882617
0.882617
0.871364
0.871364
0.884123
0.884123
0.896946
0.896946
0.886227
0.886227
0.884123
0.884123
0.882617
0.882617
0.880048
0.880048
0.880048
0.880048
0.875612
0.875612
0.880108
0.880108
0.881323
0.881323
0.881323
0.881323
0.886227
0.886227
0.880769
0.880769
0.879991
0.879991
0.882094
0.882094
0.879991
0.879991
0.886227
0.886227
0.887129
0.887129
0.876568
0.876568
0.88511
0.88511
0.88511
0.88511
0.882094
0.882094
0.875206
0.875206
0.884025
0.884025
0.881506
0.881506
0.884217
0.884217
0.895627
0.895627
0.884217
0.884217
0.882094
0.882094
0.884025
0.884025
0.892257
0.892257
0.884025
0.884025
0.888436
0.888436
0.873143
0.873143
0.873904
0.873904
0.863521
0.863521
0.874905
0.874905
0.880723
0.880723
0.845218
0.845218
0.852505
0.852505
0.861634
0.861634
0.874124
0.874124
0.883006
0.883006
0.874003
0.874003
0.932231
0.932231
0.929281
0.929281
0.942543
0.942543
0.900827
0.900827
0.890769
0.890769
0.890154
0.890154
0.895699
0.895699
0.851866
0.851866
0.852124
0.852124
0.836808
0.836808
0.83437
0.83437
0.837393
0.837393
0.82528
0.82528
0.823063
0.823063
0.82238
0.82238
0.819043
0.819043
0.826059
0.826059
0.827595
0.827595
0.854833
0.854833
0.836891
0.836891
0.832773
0.832773
0.823662
0.823662
0.82898
0.82898
0.824086
0.824086
0.81914
0.81914
0.82986
0.82986
0.822212
0.822212
0.82197
0.82197
0.852776
0.852776
0.824216
0.824216
0.824882
0.824882
0.83311
0.83311
0.832017
0.832017
0.824339
0.824339
0.824424
0.824424
0.819837
0.819837
0.84812
0.84812
0.821602
0.821602
0.822727
0.822727
0.819375
0.819375
0.857884
0.857884
0.835257
0.835257
0.828983
0.828983
0.952481
0.952481
0.949069
0.949069
0.945219
0.945219
0.940611
0.940611
0.946421
0.946421
0.951014
0.951014
0.947907
0.947907
0.947057
0.947057
0.938911
0.938911
0.94284
0.94284
0.941355
0.941355
0.927736
0.927736
0.952825
0.952825
0.950377
0.950377
0.946987
0.946987
0.916637
0.916637
0.915788
0.915788
0.950001
0.950001
0.950306
0.950306
0.910404
0.910404
0.857126
0.857126
0.84812
0.84812
0.857126
0.857126
0.916637
0.916637
0.910404
0.910404
0.858198
0.858198
0.858198
0.858198
0.915788
0.915788
0.943411
0.943411
0.919259
0.919259
0.922001
0.922001
0.913591
0.913591
0.860265
0.860265
0.860265
0.860265
0.913591
0.913591
0.857884
0.857884
0.919259
0.919259
0.857733
0.857733
0.922001
0.922001
0.950626
0.950626
0.92122
0.92122
0.924382
0.924382
0.855735
0.855735
0.855735
0.855735
0.924382
0.924382
0.853362
0.853362
0.92122
0.92122
0.859678
0.859678
0.856604
0.856604
0.856604
0.856604
0.859678
0.859678
0.907417
0.907417
0.914035
0.914035
0.91335
0.91335
0.854833
0.854833
0.91335
0.91335
0.91335
0.91335
0.945391
0.945391
0.914035
0.914035
0.907417
0.907417
0.851784
0.851784
0.851784
0.851784
0.922473
0.922473
0.854443
0.854443
0.854443
0.854443
0.919236
0.919236
0.951811
0.951811
0.919236
0.919236
0.922473
0.922473
0.953428
0.953428
0.940971
0.940971
0.942302
0.942302
0.945923
0.945923
0.953187
0.953187
0.951547
0.951547
0.948225
0.948225
0.951935
0.951935
0.954459
0.954459
0.954611
0.954611
0.951593
0.951593
0.946224
0.946224
0.943338
0.943338
0.947903
0.947903
0.955078
0.955078
0.944402
0.944402
0.898425
0.898425
0.920563
0.920563
0.914545
0.914545
0.902564
0.902564
0.890273
0.890273
0.925851
0.925851
0.942992
0.942992
0.88212
0.88212
0.900353
0.900353
0.892014
0.892014
0.882091
0.882091
0.865186
0.865186
0.864092
0.864092
0.819798
0.819798
0.820335
0.820335
0.828166
0.828166
0.836316
0.836316
0.846829
0.846829
0.836143
0.836143
0.823906
0.823906
0.831917
0.831917
0.855255
0.855255
0.818788
0.818788
0.852247
0.852247
0.861864
0.861864
0.84798
0.84798
0.861864
0.861864
0.852247
0.852247
0.88838
0.88838
0.892169
0.892169
0.84798
0.84798
0.887433
0.887433
0.880603
0.880603
0.880603
0.880603
0.932474
0.932474
0.943561
0.943561
0.887433
0.887433
0.880603
0.880603
0.924401
0.924401
0.927663
0.927663
0.927663
0.927663
0.924401
0.924401
0.932474
0.932474
0.87384
0.87384
0.87384
0.87384
0.89752
0.89752
0.924768
0.924768
0.928944
0.928944
0.924768
0.924768
0.928944
0.928944
0.943338
0.943338
0.868878
0.868878
0.868878
0.868878
0.914285
0.914285
0.855255
0.855255
0.846829
0.846829
0.876963
0.876963
0.912646
0.912646
0.876963
0.876963
0.912646
0.912646
0.89752
0.89752
0.914285
0.914285
0.903314
0.903314
0.903559
0.903559
0.838872
0.838872
0.847691
0.847691
0.903314
0.903314
0.903559
0.903559
0.847691
0.847691
0.903559
0.903559
0.915385
0.915385
0.911673
0.911673
0.933879
0.933879
0.909957
0.909957
0.931673
0.931673
0.940073
0.940073
0.946662
0.946662
0.91698
0.91698
0.899733
0.899733
0.899505
0.899505
0.865
0.865
0.852071
0.852071
0.82849
0.82849
0.826349
0.826349
0.858897
0.858897
0.891432
0.891432
0.902096
0.902096
0.918967
0.918967
0.895983
0.895983
0.879765
0.879765
0.844378
0.844378
0.830913
0.830913
0.859084
0.859084
0.820556
0.820556
0.83514
0.83514
0.821505
0.821505
0.914874
0.914874
0.894358
0.894358
0.894669
0.894669
0.950453
0.950453
0.908236
0.908236
0.895514
0.895514
0.903803
0.903803
0.88365
0.88365
0.900292
0.900292
0.878386
0.878386
0.902919
0.902919
0.906808
0.906808
0.880135
0.880135
0.840049
0.840049
0.877171
0.877171
0.86109
0.86109
0.833372
0.833372
0.843501
0.843501
0.879158
0.879158
0.857875
0.857875
0.883462
0.883462
0.933523
0.933523
0.928961
0.928961
0.924145
0.924145
0.940278
0.940278
0.936475
0.936475
0.936988
0.936988
0.936294
0.936294
0.929196
0.929196
0.935748
0.935748
0.93564
0.93564
0.92667
0.92667
0.924754
0.924754
0.929528
0.929528
0.94342
0.94342
0.94166
0.94166
0.947778
0.947778
0.950743
0.950743
0.931093
0.931093
0.951519
0.951519
0.933089
0.933089
0.857797
0.857797
0.847065
0.847065
0.837399
0.837399
0.827682
0.827682
0.826782
0.826782
0.837313
0.837313
0.83157
0.83157
0.84138
0.84138
0.817952
0.817952
0.82214
0.82214
0.81659
0.81659
0.818023
0.818023
0.821694
0.821694
0.823864
0.823864
0.840731
0.840731
0.845105
0.845105
0.817961
0.817961
0.816776
0.816776
0.825817
0.825817
0.830486
0.830486
0.836422
0.836422
0.849701
0.849701
0.854973
0.854973
0.861448
0.861448
0.836899
0.836899
0.860341
0.860341
0.860341
0.860341
0.862428
0.862428
0.836899
0.836899
0.830486
0.830486
0.858829
0.858829
0.862428
0.862428
0.840155
0.840155
0.839947
0.839947
0.821031
0.821031
0.82999
0.82999
0.818715
0.818715
0.820385
0.820385
0.85222
0.85222
0.85222
0.85222
0.845105
0.845105
0.887743
0.887743
0.892974
0.892974
0.840731
0.840731
0.883463
0.883463
0.924808
0.924808
0.921473
0.921473
0.929896
0.929896
0.926688
0.926688
0.926688
0.926688
0.929896
0.929896
0.924808
0.924808
0.854973
0.854973
0.849701
0.849701
0.871491
0.871491
0.878604
0.878604
0.871491
0.871491
0.907851
0.907851
0.861448
0.861448
0.898003
0.898003
0.9323
0.9323
0.898003
0.898003
0.892974
0.892974
0.907851
0.907851
0.858829
0.858829
0.875736
0.875736
0.879387
0.879387
0.897559
0.897559
0.90464
0.90464
0.880397
0.880397
0.908469
0.908469
0.932413
0.932413
0.926648
0.926648
0.908469
0.908469
0.90464
0.90464
0.917312
0.917312
0.897559
0.897559
0.9141
0.9141
0.912742
0.912742
0.918808
0.918808
0.918808
0.918808
0.912742
0.912742
0.878529
0.878529
0.880606
0.880606
0.880606
0.880606
0.891014
0.891014
0.839947
0.839947
0.840155
0.840155
0.890617
0.890617
0.844484
0.844484
0.844484
0.844484
0.891014
0.891014
0.848886
0.848886
0.848886
0.848886
0.890617
0.890617
0.942747
0.942747
0.910954
0.910954
0.926767
0.926767
0.926454
0.926454
0.931143
0.931143
0.926373
0.926373
0.951465
0.951465
0.938885
0.938885
0.952233
0.952233
0.947867
0.947867
0.938345
0.938345
0.908441
0.908441
0.832598
0.832598
0.84389
0.84389
0.823129
0.823129
0.889113
0.889113
0.84433
0.84433
0.851359
0.851359
0.850799
0.850799
0.859472
0.859472
0.875914
0.875914
0.852653
0.852653
0.883674
0.883674
0.859472
0.859472
0.850799
0.850799
0.845719
0.845719
0.841004
0.841004
0.826463
0.826463
0.835602
0.835602
0.826972
0.826972
0.821035
0.821035
0.817864
0.817864
0.827439
0.827439
0.81839
0.81839
0.830803
0.830803
0.822003
0.822003
0.827407
0.827407
0.831764
0.831764
0.85311
0.85311
0.851287
0.851287
0.84941
0.84941
0.84389
0.84389
0.84941
0.84941
0.902541
0.902541
0.906352
0.906352
0.889113
0.889113
0.889113
0.889113
0.902541
0.902541
0.906352
0.906352
0.860757
0.860757
0.860757
0.860757
0.851359
0.851359
0.903334
0.903334
0.909981
0.909981
0.84433
0.84433
0.908441
0.908441
0.935696
0.935696
0.909981
0.909981
0.903334
0.903334
0.883674
0.883674
0.913421
0.913421
0.910954
0.910954
0.913421
0.913421
0.876895
0.876895
0.876394
0.876394
0.921473
0.921473
0.871875
0.871875
0.871875
0.871875
0.841004
0.841004
0.845719
0.845719
0.908717
0.908717
0.871601
0.871601
0.82708
0.82708
0.83136
0.83136
0.827114
0.827114
0.819052
0.819052
0.822745
0.822745
0.8177
0.8177
0.817576
0.817576
0.816767
0.816767
0.821978
0.821978
0.823512
0.823512
0.817895
0.817895
0.816602
0.816602
0.8286
0.8286
0.824532
0.824532
0.828777
0.828777
0.820612
0.820612
0.823377
0.823377
0.81685
0.81685
0.830893
0.830893
0.833645
0.833645
0.842074
0.842074
0.837664
0.837664
0.846493
0.846493
0.844773
0.844773
0.840393
0.840393
0.85389
0.85389
0.861831
0.861831
0.849824
0.849824
0.939205
0.939205
0.92685
0.92685
0.925077
0.925077
0.913762
0.913762
0.927642
0.927642
0.904321
0.904321
0.932715
0.932715
0.929945
0.929945
0.922599
0.922599
0.917843
0.917843
0.901177
0.901177
0.906614
0.906614
0.938128
0.938128
0.933107
0.933107
0.929888
0.929888
0.941964
0.941964
0.943983
0.943983
0.817151
0.817151
0.819932
0.819932
0.824998
0.824998
0.817786
0.817786
0.818974
0.818974
0.818595
0.818595
0.827907
0.827907
0.838416
0.838416
0.837042
0.837042
0.827539
0.827539
0.822158
0.822158
0.825231
0.825231
0.849462
0.849462
0.819619
0.819619
0.823787
0.823787
0.822664
0.822664
0.826322
0.826322
0.840296
0.840296
0.838416
0.838416
0.840296
0.840296
0.878111
0.878111
0.879957
0.879957
0.9141
0.9141
0.921659
0.921659
0.921659
0.921659
0.842815
0.842815
0.878299
0.878299
0.875123
0.875123
0.879957
0.879957
0.919885
0.919885
0.878299
0.878299
0.879957
0.879957
0.907303
0.907303
0.919885
0.919885
0.907303
0.907303
0.875123
0.875123
0.878299
0.878299
0.848667
0.848667
0.841913
0.841913
0.848667
0.848667
0.878778
0.878778
0.849462
0.849462
0.842815
0.842815
0.874453
0.874453
0.89927
0.89927
0.89927
0.89927
0.909228
0.909228
0.877045
0.877045
0.904321
0.904321
0.872558
0.872558
0.909228
0.909228
0.872287
0.872287
0.919013
0.919013
0.873412
0.873412
0.872287
0.872287
0.823588
0.823588
0.829787
0.829787
0.873412
0.873412
0.872287
0.872287
0.841283
0.841283
0.836515
0.836515
0.877045
0.877045
0.872558
0.872558
0.877514
0.877514
0.873762
0.873762
0.877045
0.877045
0.843717
0.843717
0.841283
0.841283
0.843717
0.843717
0.837269
0.837269
0.877514
0.877514
0.851527
0.851527
0.829361
0.829361
0.844406
0.844406
0.947642
0.947642
0.946256
0.946256
0.947816
0.947816
0.893125
0.893125
0.893125
0.893125
0.893125
0.893125
0.844406
0.844406
0.892854
0.892854
0.851527
0.851527
0.907674
0.907674
0.907674
0.907674
0.892854
0.892854
