4
2500
0.884471
0.884471
0.884336
0.884336
0.885188
0.885188
0.88583
0.88583
0.884429
0.884429
0.882992
0.882992
0.884432
0.884432
0.88278
0.88278
0.884958
0.884958
0.884003
0.884003
0.886866
0.886866
0.885835
0.885835
0.884003
0.884003
0.884958
0.884958
0.886762
0.886762
0.886787
0.886787
0.887086
0.887086
0.887451
0.887451
0.886955
0.886955
0.887299
0.887299
0.886292
0.886292
0.887393
0.887393
0.886257
0.886257
0.886534
0.886534
0.886493
0.886493
0.886267
0.886267
0.886511
0.886511
0.886191
0.886191
0.88631
0.88631
0.886613
0.886613
0.88618
0.88618
0.886404
0.886404
0.88563
0.88563
0.88609
0.88609
0.886092
0.886092
0.8858
0.8858
0.886201
0.886201
0.886084
0.886084
0.886087
0.886087
0.886081
0.886081
0.88591
0.88591
0.886073
0.886073
0.886073
0.886073
0.886073
0.886073
0.886081
0.886081
0.886078
0.886078
0.886785
0.886785
0.886087
0.886087
0.886816
0.886816
0.886434
0.886434
0.88609
0.88609
0.886501
0.886501
0.88609
0.88609
0.886493
0.886493
0.886089
0.886089
0.886389
0.886389
0.886088
0.886088
0.886267
0.886267
0.886095
0.886095
0.886506
0.886506
0.886102
0.886102
0.886348
0.886348
0.886105
0.886105
0.885962
0.885962
0.886103
0.886103
0.886105
0.886105
0.886348
0.886348
0.885989
0.885989
0.886096
0.886096
0.884329
0.884329
0.885183
0.885183
0.885183
0.885183
0.884329
0.884329
0.882988
0.882988
0.882988
0.882988
0.882778
0.882778
0.882778
0.882778
0.884001
0.884001
0.884001
0.884001
0.885832
0.885832
0.884001
0.884001
0.884001
0.884001
0.885832
0.885832
0.886793
0.886793
0.886793
0.886793
0.887455
0.887455
0.887455
0.887455
0.887302
0.887302
0.887302
0.887302
0.887397
0.887397
0.887397
0.887397
0.886536
0.886536
0.886536
0.886536
0.886268
0.886268
0.886268
0.886268
0.886901
0.886901
0.888326
0.888326
0.887699
0.887699
0.887935
0.887935
0.887344
0.887344
0.886936
0.886936
0.886607
0.886607
0.886607
0.886607
0.886143
0.886143
0.886143
0.886143
0.885743
0.885743
0.885282
0.885282
0.886143
0.886143
0.886104
0.886104
0.885964
0.885964
0.886143
0.886143
0.885463
0.885463
0.886143
0.886143
0.886143
0.886143
0.886143
0.886143
0.887547
0.887547
0.887221
0.887221
0.886143
0.886143
0.887596
0.887596
0.886143
0.886143
0.887192
0.887192
0.886143
0.886143
0.886662
0.886662
0.886143
0.886143
0.886652
0.886652
0.886143
0.886143
0.885863
0.885863
0.886143
0.886143
0.886128
0.886128
0.886143
0.886143
0.885771
0.885771
0.886143
0.886143
0.886143
0.886143
0.885415
0.885415
0.885771
0.885771
0.886143
0.886143
0.885012
0.885012
0.886413
0.886413
0.887223
0.887223
0.88712
0.88712
0.887175
0.887175
0.886072
0.886072
0.886536
0.886536
0.886591
0.886591
0.886072
0.886072
0.886072
0.886072
0.884559
0.884559
0.884116
0.884116
0.884241
0.884241
0.885788
0.885788
0.886143
0.886143
0.885397
0.885397
0.886143
0.886143
0.886143
0.886143
0.887605
0.887605
0.886784
0.886784
0.886901
0.886901
0.887669
0.887669
0.886072
0.886072
0.886072
0.886072
0.886951
0.886951
0.886955
0.886955
0.886072
0.886072
0.886072
0.886072
0.886072
0.886072
0.886072
0.886072
0.884717
0.884717
0.883774
0.883774
0.884001
0.884001
0.884953
0.884953
0.885707
0.885707
0.886143
0.886143
0.886143
0.886143
0.885778
0.885778
0.886143
0.886143
0.886143
0.886143
0.886143
0.886143
0.886143
0.886143
0.886428
0.886428
0.886623
0.886623
0.886636
0.886636
0.886151
0.886151
0.886072
0.886072
0.886072
0.886072
0.886072
0.886072
0.886072
0.886072
0.886139
0.886139
0.886072
0.886072
0.886072
0.886072
0.885972
0.885972
0.883161
0.883161
0.883075
0.883075
0.883392
0.883392
0.882966
0.882966
0.886143
0.886143
0.886143
0.886143
0.886143
0.886143
0.886143
0.886143
0.887394
0.887394
0.887556
0.887556
0.886143
0.886143
0.886143
0.886143
0.886264
0.886264
0.886431
0.886431
0.88639
0.88639
0.886792
0.886792
0.886072
0.886072
0.886072
0.886072
0.886079
0.886079
0.886072
0.886072
0.886343
0.886343
0.883183
0.883183
0.882927
0.882927
0.883538
0.883538
0.883766
0.883766
0.886143
0.886143
0.886143
0.886143
0.887537
0.887537
0.886143
0.886143
0.887667
0.887667
0.88694
0.88694
0.88732
0.88732
0.88732
0.88732
0.88694
0.88694
0.887923
0.887923
0.88732
0.88732
0.88732
0.88732
0.887923
0.887923
0.886253
0.886253
0.886902
0.886902
0.887776
0.887776
0.887764
0.887764
0.886484
0.886484
0.886072
0.886072
0.886793
0.886793
0.886369
0.886369
0.886484
0.886484
0.886072
0.886072
0.886072
0.886072
0.886484
0.886484
0.885836
0.885836
0.884001
0.884001
0.885113
0.885113
0.886848
0.886848
0.88659
0.88659
0.886143
0.886143
0.885735
0.885735
0.885873
0.885873
0.88659
0.88659
0.886143
0.886143
0.886143
0.886143
0.88659
0.88659
0.886451
0.886451
0.886901
0.886901
0.886901
0.886901
0.886594
0.886594
0.886072
0.886072
0.886072
0.886072
0.886402
0.886402
0.886484
0.886484
0.886072
0.886072
0.883809
0.883809
0.884001
0.884001
0.884001
0.884001
0.883927
0.883927
0.886143
0.886143
0.886143
0.886143
0.887691
0.887691
0.886143
0.886143
0.8877
0.8877
0.88723
0.88723
0.886024
0.886024
0.886072
0.886072
0.886072
0.886072
0.886072
0.886072
0.885907
0.885907
0.884107
0.884107
0.883179
0.883179
0.886143
0.886143
0.886143
0.886143
0.887304
0.887304
0.886143
0.886143
0.883487
0.883487
0.885048
0.885048
0.885188
0.885188
0.884336
0.884336
0.882968
0.882968
0.882992
0.882992
0.883213
0.883213
0.88278
0.88278
0.883877
0.883877
0.884003
0.884003
0.885065
0.885065
0.883877
0.883877
0.884003
0.884003
0.885835
0.885835
0.886776
0.886776
0.886787
0.886787
0.887148
0.887148
0.887451
0.887451
0.887861
0.887861
0.887299
0.887299
0.887373
0.887373
0.887393
0.887393
0.887743
0.887743
0.886534
0.886534
0.887726
0.887726
0.886267
0.886267
0.887842
0.887842
0.886154
0.886154
0.886331
0.886331
0.886033
0.886033
0.886152
0.886152
0.886613
0.886613
0.886188
0.886188
0.886037
0.886037
0.88723
0.88723
0.886437
0.886437
0.884266
0.884266
0.883127
0.883127
0.884107
0.884107
0.884537
0.884537
0.887979
0.887979
0.886784
0.886784
0.886617
0.886617
0.886631
0.886631
0.884577
0.884577
0.883694
0.883694
0.883372
0.883372
0.883066
0.883066
0.887895
0.887895
0.8864
0.8864
0.884775
0.884775
0.882875
0.882875
0.88732
0.88732
0.887374
0.887374
0.887375
0.887375
0.88732
0.88732
0.88732
0.88732
0.887423
0.887423
0.887505
0.887505
0.88732
0.88732
0.88622
0.88622
0.886901
0.886901
0.886901
0.886901
0.886254
0.886254
0.885836
0.885836
0.884001
0.884001
0.884001
0.884001
0.885837
0.885837
0.888106
0.888106
0.887802
0.887802
0.886901
0.886901
0.886253
0.886253
0.886582
0.886582
0.885125
0.885125
0.884001
0.884001
0.885836
0.885836
0.887027
0.887027
0.887223
0.887223
0.884026
0.884026
0.884116
0.884116
0.88734
0.88734
0.887321
0.887321
0.88734
0.88734
0.886254
0.886254
0.886901
0.886901
0.886901
0.886901
0.886253
0.886253
0.88732
0.88732
0.88732
0.88732
0.885836
0.885836
0.884001
0.884001
0.887375
0.887375
0.88732
0.88732
0.887505
0.887505
0.88732
0.88732
0.887505
0.887505
0.885837
0.885837
0.884001
0.884001
0.884001
0.884001
0.885836
0.885836
0.88732
0.88732
0.88732
0.88732
0.886253
0.886253
0.886902
0.886902
0.887423
0.887423
0.88732
0.88732
0.885962
0.885962
0.887335
0.887335
0.887766
0.887766
0.887225
0.887225
0.887761
0.887761
0.88672
0.88672
0.887076
0.887076
0.886136
0.886136
0.886302
0.886302
0.886712
0.886712
0.887772
0.887772
0.887198
0.887198
0.887818
0.887818
0.886764
0.886764
0.885493
0.885493
0.886285
0.886285
0.887527
0.887527
0.887587
0.887587
0.886246
0.886246
0.886447
0.886447
0.887152
0.887152
0.886356
0.886356
0.884825
0.884825
0.887188
0.887188
0.887375
0.887375
0.886253
0.886253
0.88694
0.88694
0.886484
0.886484
0.886484
0.886484
0.886484
0.886484
0.887505
0.887505
0.885836
0.885836
0.887923
0.887923
0.88659
0.88659
0.88659
0.88659
0.88659
0.88659
0.887374
0.887374
0.88694
0.88694
0.88694
0.88694
0.88694
0.88694
0.887505
0.887505
0.887923
0.887923
0.887923
0.887923
0.887923
0.887923
0.887641
0.887641
0.886478
0.886478
0.886446
0.886446
0.883805
0.883805
0.886828
0.886828
0.885804
0.885804
0.887375
0.887375
0.887423
0.887423
0.886807
0.886807
0.886476
0.886476
0.886581
0.886581
0.886593
0.886593
0.887296
0.887296
0.885703
0.885703
0.885453
0.885453
0.885401
0.885401
0.885328
0.885328
0.886901
0.886901
0.886902
0.886902
0.886072
0.886072
0.886072
0.886072
0.886485
0.886485
0.886072
0.886072
0.884001
0.884001
0.884001
0.884001
0.886143
0.886143
0.886143
0.886143
0.887648
0.887648
0.886143
0.886143
0.886901
0.886901
0.886901
0.886901
0.884001
0.884001
0.884001
0.884001
0.886901
0.886901
0.88382
0.88382
0.884001
0.884001
0.884001
0.884001
0.886463
0.886463
0.886902
0.886902
0.887763
0.887763
0.886834
0.886834
0.885126
0.885126
0.885775
0.885775
0.886072
0.886072
0.887302
0.887302
0.886859
0.886859
0.886454
0.886454
0.887302
0.887302
0.886745
0.886745
0.887302
0.887302
0.887234
0.887234
0.887302
0.887302
0.887445
0.887445
0.887302
0.887302
0.88787
0.88787
0.887302
0.887302
0.887933
0.887933
0.887302
0.887302
0.887412
0.887412
0.887302
0.887302
0.887263
0.887263
0.887302
0.887302
0.887637
0.887637
0.887302
0.887302
0.886967
0.886967
0.887302
0.887302
0.887334
0.887334
0.887302
0.887302
0.886859
0.886859
0.886475
0.886475
0.886559
0.886559
0.886616
0.886616
0.88683
0.88683
0.887837
0.887837
0.887808
0.887808
0.887589
0.887589
0.886725
0.886725
0.886452
0.886452
0.886688
0.886688
0.886661
0.886661
0.887015
0.887015
0.886559
0.886559
0.886865
0.886865
0.886352
0.886352
0.886808
0.886808
0.886501
0.886501
0.888188
0.888188
0.887993
0.887993
0.88671
0.88671
0.885854
0.885854
0.885232
0.885232
0.885615
0.885615
0.886464
0.886464
0.88624
0.88624
0.886352
0.886352
0.887302
0.887302
0.886859
0.886859
0.886454
0.886454
0.887302
0.887302
0.886745
0.886745
0.887302
0.887302
0.887234
0.887234
0.887302
0.887302
0.887445
0.887445
0.887302
0.887302
0.88787
0.88787
0.887302
0.887302
0.887933
0.887933
0.887302
0.887302
0.887412
0.887412
0.887302
0.887302
0.887263
0.887263
0.887302
0.887302
0.887637
0.887637
0.887302
0.887302
0.886967
0.886967
0.887302
0.887302
0.887334
0.887334
0.887302
0.887302
0.886859
0.886859
0.886475
0.886475
0.886559
0.886559
0.886616
0.886616
0.88683
0.88683
0.887837
0.887837
0.887808
0.887808
0.887589
0.887589
0.886725
0.886725
0.886452
0.886452
0.886688
0.886688
0.886661
0.886661
0.887015
0.887015
0.886559
0.886559
0.886823
0.886823
0.886352
0.886352
0.886808
0.886808
0.886501
0.886501
0.888188
0.888188
0.887993
0.887993
0.88671
0.88671
0.885854
0.885854
0.885232
0.885232
0.885615
0.885615
0.886464
0.886464
0.88624
0.88624
0.886352
0.886352
0.883463
0.883463
0.885041
0.885041
0.88518
0.88518
0.884326
0.884326
0.882981
0.882981
0.882985
0.882985
0.883193
0.883193
0.882777
0.882777
0.88384
0.88384
0.884001
0.884001
0.885045
0.885045
0.88384
0.88384
0.884001
0.884001
0.885828
0.885828
0.886789
0.886789
0.886798
0.886798
0.887125
0.887125
0.887461
0.887461
0.88786
0.88786
0.887307
0.887307
0.887351
0.887351
0.887404
0.887404
0.887756
0.887756
0.886541
0.886541
0.887751
0.887751
0.88627
0.88627
0.887639
0.887639
0.886198
0.886198
0.886323
0.886323
0.886133
0.886133
0.886194
0.886194
0.886603
0.886603
0.885692
0.885692
0.88526
0.88526
0.886142
0.886142
0.886147
0.886147
0.886058
0.886058
0.886153
0.886153
0.886165
0.886165
0.886032
0.886032
0.886149
0.886149
0.885457
0.885457
0.886154
0.886154
0.886181
0.886181
0.88619
0.88619
0.88615
0.88615
0.887478
0.887478
0.88731
0.88731
0.886192
0.886192
0.887562
0.887562
0.886186
0.886186
0.887134
0.887134
0.886179
0.886179
0.886633
0.886633
0.886172
0.886172
0.886661
0.886661
0.886159
0.886159
0.885794
0.885794
0.886148
0.886148
0.886092
0.886092
0.886138
0.886138
0.885688
0.885688
0.886135
0.886135
0.885362
0.885362
0.885688
0.885688
0.886135
0.886135
0.886137
0.886137
0.884988
0.884988
0.88614
0.88614
0.884329
0.884329
0.885183
0.885183
0.882988
0.882988
0.882778
0.882778
0.884001
0.884001
0.885832
0.885832
0.884001
0.884001
0.886793
0.886793
0.887455
0.887455
0.887302
0.887302
0.887397
0.887397
0.886536
0.886536
0.886268
0.886268
0.886833
0.886833
0.886674
0.886674
0.886692
0.886692
0.886607
0.886607
0.886072
0.886072
0.885868
0.885868
0.885703
0.885703
0.886072
0.886072
0.886219
0.886219
0.886072
0.886072
0.886006
0.886006
0.885935
0.885935
0.886072
0.886072
0.886072
0.886072
0.886072
0.886072
0.886779
0.886779
0.886852
0.886852
0.886072
0.886072
0.886447
0.886447
0.886072
0.886072
0.886548
0.886548
0.886072
0.886072
0.886574
0.886574
0.886072
0.886072
0.886458
0.886458
0.886072
0.886072
0.886305
0.886305
0.886072
0.886072
0.886575
0.886575
0.886072
0.886072
0.886427
0.886427
0.886072
0.886072
0.886072
0.886072
0.886427
0.886427
0.886016
0.886016
0.886072
0.886072
0.886034
0.886034
0.886072
0.886072
0.886412
0.886412
0.886131
0.886131
0.88604
0.88604
0.887224
0.887224
0.887337
0.887337
0.887237
0.887237
0.886143
0.886143
0.886143
0.886143
0.886143
0.886143
0.884559
0.884559
0.884352
0.884352
0.8832
0.8832
0.884117
0.884117
0.885967
0.885967
0.886073
0.886073
0.886073
0.886073
0.886073
0.886073
0.886368
0.886368
0.886587
0.886587
0.886903
0.886903
0.886781
0.886781
0.886143
0.886143
0.887656
0.887656
0.887704
0.887704
0.886143
0.886143
0.886143
0.886143
0.886143
0.886143
0.886143
0.886143
0.886143
0.886143
0.883523
0.883523
0.88392
0.88392
0.884002
0.884002
0.883773
0.883773
0.886309
0.886309
0.886426
0.886426
0.886072
0.886072
0.886072
0.886072
0.886072
0.886072
0.886072
0.886072
0.886072
0.886072
0.886072
0.886072
0.887903
0.887903
0.886758
0.886758
0.886636
0.886636
0.886624
0.886624
0.886143
0.886143
0.886143
0.886143
0.886143
0.886143
0.886143
0.886143
0.885472
0.885472
0.88533
0.88533
0.886143
0.886143
0.886143
0.886143
0.884531
0.884531
0.883771
0.883771
0.883388
0.883388
0.883077
0.883077
0.886072
0.886072
0.886072
0.886072
0.886072
0.886072
0.886072
0.886072
0.886568
0.886568
0.886072
0.886072
0.886072
0.886072
0.886421
0.886421
0.88782
0.88782
0.886433
0.886433
0.887631
0.887631
0.886789
0.886789
0.886143
0.886143
0.886143
0.886143
0.885686
0.885686
0.886143
0.886143
0.885741
0.885741
0.88472
0.88472
0.882927
0.882927
0.884728
0.884728
0.883765
0.883765
0.886072
0.886072
0.886072
0.886072
0.886779
0.886779
0.886072
0.886072
0.886982
0.886982
0.887923
0.887923
0.887923
0.887923
0.88732
0.88732
0.88732
0.88732
0.88694
0.88694
0.88694
0.88694
0.88732
0.88732
0.88732
0.88732
0.886259
0.886259
0.886193
0.886193
0.886447
0.886447
0.886904
0.886904
0.88659
0.88659
0.887547
0.887547
0.887614
0.887614
0.886143
0.886143
0.88659
0.88659
0.88659
0.88659
0.886143
0.886143
0.886143
0.886143
0.885839
0.885839
0.884815
0.884815
0.883831
0.883831
0.884002
0.884002
0.886484
0.886484
0.886342
0.886342
0.886426
0.886426
0.886072
0.886072
0.886484
0.886484
0.886484
0.886484
0.886072
0.886072
0.886072
0.886072
0.88778
0.88778
0.887686
0.887686
0.886903
0.886903
0.886903
0.886903
0.886143
0.886143
0.886143
0.886143
0.885799
0.885799
0.886143
0.886143
0.88579
0.88579
0.885088
0.885088
0.884926
0.884926
0.884002
0.884002
0.884002
0.884002
0.886072
0.886072
0.886072
0.886072
0.886869
0.886869
0.886943
0.886943
0.886072
0.886072
0.887068
0.887068
0.88723
0.88723
0.886143
0.886143
0.886143
0.886143
0.885347
0.885347
0.886143
0.886143
0.884061
0.884061
0.884108
0.884108
0.886072
0.886072
0.886072
0.886072
0.886571
0.886571
0.886072
0.886072
0.884493
0.884493
0.884326
0.884326
0.88518
0.88518
0.885863
0.885863
0.884415
0.884415
0.882985
0.882985
0.884453
0.884453
0.882777
0.882777
0.884991
0.884991
0.884001
0.884001
0.88689
0.88689
0.885828
0.885828
0.884001
0.884001
0.884991
0.884991
0.886751
0.886751
0.886798
0.886798
0.887109
0.887109
0.887461
0.887461
0.886994
0.886994
0.887307
0.887307
0.886316
0.886316
0.887404
0.887404
0.886244
0.886244
0.886541
0.886541
0.886435
0.886435
0.88627
0.88627
0.886665
0.886665
0.886161
0.886161
0.886318
0.886318
0.886603
0.886603
0.886165
0.886165
0.88633
0.88633
0.887265
0.887265
0.886437
0.886437
0.88723
0.88723
0.887119
0.887119
0.885778
0.885778
0.884537
0.884537
0.884108
0.884108
0.884237
0.884237
0.886505
0.886505
0.886632
0.886632
0.886617
0.886617
0.886174
0.886174
0.883136
0.883136
0.883069
0.883069
0.883368
0.883368
0.882902
0.882902
0.886304
0.886304
0.886402
0.886402
0.883241
0.883241
0.882875
0.882875
0.88732
0.88732
0.88732
0.88732
0.887379
0.887379
0.88738
0.88738
0.88732
0.88732
0.88732
0.88732
0.887504
0.887504
0.887422
0.887422
0.886224
0.886224
0.886257
0.886257
0.886902
0.886902
0.886903
0.886903
0.885839
0.885839
0.885839
0.885839
0.884002
0.884002
0.884002
0.884002
0.886203
0.886203
0.886258
0.886258
0.886903
0.886903
0.886493
0.886493
0.885534
0.885534
0.885839
0.885839
0.884002
0.884002
0.883854
0.883854
0.887223
0.887223
0.886051
0.886051
0.884118
0.884118
0.883139
0.883139
0.887346
0.887346
0.887346
0.887346
0.887321
0.887321
0.886257
0.886257
0.886258
0.886258
0.886903
0.886903
0.886902
0.886902
0.88732
0.88732
0.88732
0.88732
0.885839
0.885839
0.884002
0.884002
0.887379
0.887379
0.88732
0.88732
0.887503
0.887503
0.887503
0.887503
0.88732
0.88732
0.885839
0.885839
0.885839
0.885839
0.884002
0.884002
0.884002
0.884002
0.88732
0.88732
0.88732
0.88732
0.886259
0.886259
0.886904
0.886904
0.887422
0.887422
0.88732
0.88732
0.885378
0.885378
0.88664
0.88664
0.886318
0.886318
0.886743
0.886743
0.887169
0.887169
0.887804
0.887804
0.887753
0.887753
0.888045
0.888045
0.887192
0.887192
0.886322
0.886322
0.887744
0.887744
0.886728
0.886728
0.887328
0.887328
0.886731
0.886731
0.886574
0.886574
0.887817
0.887817
0.886402
0.886402
0.886411
0.886411
0.887491
0.887491
0.887813
0.887813
0.887157
0.887157
0.885887
0.885887
0.887212
0.887212
0.886858
0.886858
0.886258
0.886258
0.887379
0.887379
0.88659
0.88659
0.88659
0.88659
0.887923
0.887923
0.88659
0.88659
0.885839
0.885839
0.887503
0.887503
0.886484
0.886484
0.886484
0.886484
0.88694
0.88694
0.886484
0.886484
0.88738
0.88738
0.887923
0.887923
0.887923
0.887923
0.887923
0.887923
0.887503
0.887503
0.88694
0.88694
0.88694
0.88694
0.88694
0.88694
0.886786
0.886786
0.887833
0.887833
0.885755
0.885755
0.885097
0.885097
0.887648
0.887648
0.886498
0.886498
0.887379
0.887379
0.887422
0.887422
0.887561
0.887561
0.88753
0.88753
0.887448
0.887448
0.887276
0.887276
0.886572
0.886572
0.886096
0.886096
0.886121
0.886121
0.886042
0.886042
0.885885
0.885885
0.886903
0.886903
0.886904
0.886904
0.886143
0.886143
0.886143
0.886143
0.885794
0.885794
0.886143
0.886143
0.884002
0.884002
0.884002
0.884002
0.886072
0.886072
0.886072
0.886072
0.886827
0.886827
0.886072
0.886072
0.886903
0.886903
0.886902
0.886902
0.884002
0.884002
0.884002
0.884002
0.886902
0.886902
0.88511
0.88511
0.884002
0.884002
0.884002
0.884002
0.88782
0.88782
0.886904
0.886904
0.886431
0.886431
0.887654
0.887654
0.883845
0.883845
0.886465
0.886465
0.886143
0.886143
0.887302
0.887302
0.88787
0.88787
0.887933
0.887933
0.887302
0.887302
0.887445
0.887445
0.887302
0.887302
0.887234
0.887234
0.887302
0.887302
0.886745
0.886745
0.887302
0.887302
0.886474
0.886474
0.887302
0.887302
0.886859
0.886859
0.887302
0.887302
0.887353
0.887353
0.887302
0.887302
0.886967
0.886967
0.887302
0.887302
0.887637
0.887637
0.887302
0.887302
0.887263
0.887263
0.887302
0.887302
0.887412
0.887412
0.887302
0.887302
0.887933
0.887933
0.887808
0.887808
0.887589
0.887589
0.887837
0.887837
0.88683
0.88683
0.88658
0.88658
0.886475
0.886475
0.886559
0.886559
0.887015
0.887015
0.886625
0.886625
0.886688
0.886688
0.886452
0.886452
0.886725
0.886725
0.887589
0.887589
0.887993
0.887993
0.88671
0.88671
0.888188
0.888188
0.886501
0.886501
0.886808
0.886808
0.886823
0.886823
0.886352
0.886352
0.886199
0.886199
0.886505
0.886505
0.885615
0.885615
0.885191
0.885191
0.885854
0.885854
0.88671
0.88671
0.887302
0.887302
0.88787
0.88787
0.887933
0.887933
0.887302
0.887302
0.887445
0.887445
0.887302
0.887302
0.887234
0.887234
0.887302
0.887302
0.886745
0.886745
0.887302
0.887302
0.886454
0.886454
0.887302
0.887302
0.886859
0.886859
0.887302
0.887302
0.887334
0.887334
0.887302
0.887302
0.886967
0.886967
0.887302
0.887302
0.887637
0.887637
0.887302
0.887302
0.887263
0.887263
0.887302
0.887302
0.887412
0.887412
0.887302
0.887302
0.887933
0.887933
0.887771
0.887771
0.887589
0.887589
0.887837
0.887837
0.88683
0.88683
0.88658
0.88658
0.886475
0.886475
0.886559
0.886559
0.887015
0.887015
0.886661
0.886661
0.886688
0.886688
0.886452
0.886452
0.886689
0.886689
0.887589
0.887589
0.887921
0.887921
0.88671
0.88671
0.88823
0.88823
0.886501
0.886501
0.886766
0.886766
0.886823
0.886823
0.886352
0.886352
0.88624
0.88624
0.886505
0.886505
0.885615
0.885615
0.885232
0.885232
0.885866
0.885866
0.88671
0.88671
0.884471
0.884471
0.884336
0.884336
0.885188
0.885188
0.885863
0.885863
0.884429
0.884429
0.882992
0.882992
0.884432
0.884432
0.88278
0.88278
0.885041
0.885041
0.884003
0.884003
0.886866
0.886866
0.885835
0.885835
0.884003
0.884003
0.885041
0.885041
0.886762
0.886762
0.886787
0.886787
0.887086
0.887086
0.887451
0.887451
0.886987
0.886987
0.887299
0.887299
0.886292
0.886292
0.887393
0.887393
0.886257
0.886257
0.886534
0.886534
0.88646
0.88646
0.886267
0.886267
0.886477
0.886477
0.886191
0.886191
0.88631
0.88631
0.886613
0.886613
0.88618
0.88618
0.88637
0.88637
0.885668
0.885668
0.88609
0.88609
0.886091
0.886091
0.885751
0.885751
0.886201
0.886201
0.886083
0.886083
0.886087
0.886087
0.886081
0.886081
0.885932
0.885932
0.886073
0.886073
0.886073
0.886073
0.886073
0.886073
0.886081
0.886081
0.886078
0.886078
0.88675
0.88675
0.886086
0.886086
0.886788
0.886788
0.88638
0.88638
0.88609
0.88609
0.886451
0.886451
0.886089
0.886089
0.88653
0.88653
0.886089
0.886089
0.886355
0.886355
0.886087
0.886087
0.886214
0.886214
0.886095
0.886095
0.886471
0.886471
0.8861
0.8861
0.886348
0.886348
0.886104
0.886104
0.885927
0.885927
0.886102
0.886102
0.886104
0.886104
0.886348
0.886348
0.885936
0.885936
0.886096
0.886096
0.884329
0.884329
0.885183
0.885183
0.885183
0.885183
0.884329
0.884329
0.882988
0.882988
0.882988
0.882988
0.882778
0.882778
0.882778
0.882778
0.884001
0.884001
0.884001
0.884001
0.885832
0.885832
0.884001
0.884001
0.884001
0.884001
0.885832
0.885832
0.886793
0.886793
0.886793
0.886793
0.887455
0.887455
0.887455
0.887455
0.887302
0.887302
0.887302
0.887302
0.887397
0.887397
0.887397
0.887397
0.886536
0.886536
0.886536
0.886536
0.886268
0.886268
0.886268
0.886268
0.886901
0.886901
0.888326
0.888326
0.887699
0.887699
0.887935
0.887935
0.887344
0.887344
0.886936
0.886936
0.886607
0.886607
0.886607
0.886607
0.886143
0.886143
0.886143
0.886143
0.885743
0.885743
0.885316
0.885316
0.886143
0.886143
0.886118
0.886118
0.885991
0.885991
0.886143
0.886143
0.885463
0.885463
0.886143
0.886143
0.886143
0.886143
0.886143
0.886143
0.887547
0.887547
0.887221
0.887221
0.886143
0.886143
0.887596
0.887596
0.886143
0.886143
0.887227
0.887227
0.886143
0.886143
0.886662
0.886662
0.886143
0.886143
0.886688
0.886688
0.886143
0.886143
0.885863
0.885863
0.886143
0.886143
0.886128
0.886128
0.886143
0.886143
0.885771
0.885771
0.886143
0.886143
0.886143
0.886143
0.885415
0.885415
0.885771
0.885771
0.886143
0.886143
0.885012
0.885012
0.886413
0.886413
0.887223
0.887223
0.887046
0.887046
0.887175
0.887175
0.886072
0.886072
0.886536
0.886536
0.886591
0.886591
0.886072
0.886072
0.886072
0.886072
0.884559
0.884559
0.884116
0.884116
0.884206
0.884206
0.885752
0.885752
0.886143
0.886143
0.885382
0.885382
0.886143
0.886143
0.886143
0.886143
0.887605
0.887605
0.886784
0.886784
0.886901
0.886901
0.887669
0.887669
0.886072
0.886072
0.886072
0.886072
0.886951
0.886951
0.886955
0.886955
0.886072
0.886072
0.886072
0.886072
0.886072
0.886072
0.886072
0.886072
0.884717
0.884717
0.883774
0.883774
0.884001
0.884001
0.884953
0.884953
0.885707
0.885707
0.886143
0.886143
0.886143
0.886143
0.885778
0.885778
0.886143
0.886143
0.886143
0.886143
0.886143
0.886143
0.886143
0.886143
0.886484
0.886484
0.886623
0.886623
0.886636
0.886636
0.886151
0.886151
0.886072
0.886072
0.886072
0.886072
0.886072
0.886072
0.886072
0.886072
0.886139
0.886139
0.886072
0.886072
0.886072
0.886072
0.885972
0.885972
0.883126
0.883126
0.883075
0.883075
0.883392
0.883392
0.882966
0.882966
0.886143
0.886143
0.886143
0.886143
0.886143
0.886143
0.886143
0.886143
0.887394
0.887394
0.887556
0.887556
0.886143
0.886143
0.886143
0.886143
0.886232
0.886232
0.886431
0.886431
0.88639
0.88639
0.886792
0.886792
0.886072
0.886072
0.886072
0.886072
0.886079
0.886079
0.886072
0.886072
0.886343
0.886343
0.883224
0.883224
0.882927
0.882927
0.883538
0.883538
0.883766
0.883766
0.886143
0.886143
0.886143
0.886143
0.887537
0.887537
0.886143
0.886143
0.887669
0.887669
0.88694
0.88694
0.88732
0.88732
0.88732
0.88732
0.88694
0.88694
0.887923
0.887923
0.88732
0.88732
0.88732
0.88732
0.887875
0.887875
0.886253
0.886253
0.886902
0.886902
0.887776
0.887776
0.887764
0.887764
0.886484
0.886484
0.886072
0.886072
0.886793
0.886793
0.886369
0.886369
0.886484
0.886484
0.886072
0.886072
0.886072
0.886072
0.886484
0.886484
0.885836
0.885836
0.884001
0.884001
0.885113
0.885113
0.886848
0.886848
0.88659
0.88659
0.886143
0.886143
0.885817
0.885817
0.885843
0.885843
0.88659
0.88659
0.886143
0.886143
0.886143
0.886143
0.88659
0.88659
0.886451
0.886451
0.886901
0.886901
0.886901
0.886901
0.886594
0.886594
0.886072
0.886072
0.886072
0.886072
0.886437
0.886437
0.886484
0.886484
0.886072
0.886072
0.883809
0.883809
0.884001
0.884001
0.884001
0.884001
0.883896
0.883896
0.886143
0.886143
0.886143
0.886143
0.887691
0.887691
0.886143
0.886143
0.8877
0.8877
0.88723
0.88723
0.886099
0.886099
0.886072
0.886072
0.886072
0.886072
0.886072
0.886072
0.885907
0.885907
0.884107
0.884107
0.883179
0.883179
0.886143
0.886143
0.886143
0.886143
0.887222
0.887222
0.886143
0.886143
0.883487
0.883487
0.885048
0.885048
0.885188
0.885188
0.884336
0.884336
0.882968
0.882968
0.882992
0.882992
0.883213
0.883213
0.88278
0.88278
0.883877
0.883877
0.884003
0.884003
0.885065
0.885065
0.883877
0.883877
0.884003
0.884003
0.885835
0.885835
0.886776
0.886776
0.886787
0.886787
0.887148
0.887148
0.887451
0.887451
0.887861
0.887861
0.887299
0.887299
0.887373
0.887373
0.887393
0.887393
0.887743
0.887743
0.886534
0.886534
0.887726
0.887726
0.886267
0.886267
0.887842
0.887842
0.886154
0.886154
0.886331
0.886331
0.886033
0.886033
0.886152
0.886152
0.886613
0.886613
0.886154
0.886154
0.886037
0.886037
0.88723
0.88723
0.886437
0.886437
0.884266
0.884266
0.883161
0.883161
0.884107
0.884107
0.884537
0.884537
0.887979
0.887979
0.886784
0.886784
0.886617
0.886617
0.886631
0.886631
0.884542
0.884542
0.883694
0.883694
0.883372
0.883372
0.883066
0.883066
0.887863
0.887863
0.8864
0.8864
0.88474
0.88474
0.882875
0.882875
0.88732
0.88732
0.887374
0.887374
0.887375
0.887375
0.88732
0.88732
0.88732
0.88732
0.887423
0.887423
0.887505
0.887505
0.88732
0.88732
0.88622
0.88622
0.886901
0.886901
0.886901
0.886901
0.886254
0.886254
0.885836
0.885836
0.884001
0.884001
0.884001
0.884001
0.885837
0.885837
0.888106
0.888106
0.887802
0.887802
0.886901
0.886901
0.886253
0.886253
0.886553
0.886553
0.885125
0.885125
0.884001
0.884001
0.885836
0.885836
0.887027
0.887027
0.887223
0.887223
0.884026
0.884026
0.884116
0.884116
0.88734
0.88734
0.887321
0.887321
0.88734
0.88734
0.886254
0.886254
0.886901
0.886901
0.886901
0.886901
0.886253
0.886253
0.88732
0.88732
0.88732
0.88732
0.885836
0.885836
0.884001
0.884001
0.887375
0.887375
0.88732
0.88732
0.887505
0.887505
0.88732
0.88732
0.887505
0.887505
0.885837
0.885837
0.884001
0.884001
0.884001
0.884001
0.885836
0.885836
0.88732
0.88732
0.88732
0.88732
0.886253
0.886253
0.886902
0.886902
0.887423
0.887423
0.88732
0.88732
0.885962
0.885962
0.887305
0.887305
0.887766
0.887766
0.887225
0.887225
0.887761
0.887761
0.88672
0.88672
0.887076
0.887076
0.886209
0.886209
0.886342
0.886342
0.886668
0.886668
0.887772
0.887772
0.887198
0.887198
0.887818
0.887818
0.886742
0.886742
0.885493
0.885493
0.886326
0.886326
0.887527
0.887527
0.887587
0.887587
0.886246
0.886246
0.886447
0.886447
0.887152
0.887152
0.886356
0.886356
0.884825
0.884825
0.887219
0.887219
0.887375
0.887375
0.886253
0.886253
0.88694
0.88694
0.886484
0.886484
0.886484
0.886484
0.886484
0.886484
0.887505
0.887505
0.885836
0.885836
0.887923
0.887923
0.88659
0.88659
0.886556
0.886556
0.88659
0.88659
0.887374
0.887374
0.88694
0.88694
0.88694
0.88694
0.88694
0.88694
0.887505
0.887505
0.887923
0.887923
0.887923
0.887923
0.887923
0.887923
0.887607
0.887607
0.886478
0.886478
0.886446
0.886446
0.883838
0.883838
0.886828
0.886828
0.885804
0.885804
0.887375
0.887375
0.887423
0.887423
0.886807
0.886807
0.886396
0.886396
0.886614
0.886614
0.886625
0.886625
0.887314
0.887314
0.885703
0.885703
0.885453
0.885453
0.885401
0.885401
0.885344
0.885344
0.886901
0.886901
0.886902
0.886902
0.886072
0.886072
0.886072
0.886072
0.886485
0.886485
0.886072
0.886072
0.884001
0.884001
0.884001
0.884001
0.886143
0.886143
0.886143
0.886143
0.887648
0.887648
0.886143
0.886143
0.886901
0.886901
0.886901
0.886901
0.884001
0.884001
0.884001
0.884001
0.886901
0.886901
0.88382
0.88382
0.884001
0.884001
0.884001
0.884001
0.886463
0.886463
0.886902
0.886902
0.887798
0.887798
0.886834
0.886834
0.885126
0.885126
0.885775
0.885775
0.886072
0.886072
0.887302
0.887302
0.886859
0.886859
0.886454
0.886454
0.887302
0.887302
0.886763
0.886763
0.887302
0.887302
0.887234
0.887234
0.887302
0.887302
0.887445
0.887445
0.887302
0.887302
0.88787
0.88787
0.887302
0.887302
0.887933
0.887933
0.887302
0.887302
0.88743
0.88743
0.887302
0.887302
0.887263
0.887263
0.887302
0.887302
0.887637
0.887637
0.887302
0.887302
0.886987
0.886987
0.887302
0.887302
0.887334
0.887334
0.887302
0.887302
0.886859
0.886859
0.886475
0.886475
0.886559
0.886559
0.88658
0.88658
0.88683
0.88683
0.887837
0.887837
0.887771
0.887771
0.887589
0.887589
0.886689
0.886689
0.886416
0.886416
0.886688
0.886688
0.886625
0.886625
0.887015
0.887015
0.886559
0.886559
0.886865
0.886865
0.886352
0.886352
0.886766
0.886766
0.886501
0.886501
0.88823
0.88823
0.887951
0.887951
0.88671
0.88671
0.885824
0.885824
0.885232
0.885232
0.885615
0.885615
0.886464
0.886464
0.886199
0.886199
0.886352
0.886352
0.887302
0.887302
0.886859
0.886859
0.886454
0.886454
0.887302
0.887302
0.886745
0.886745
0.887302
0.887302
0.887234
0.887234
0.887302
0.887302
0.887445
0.887445
0.887302
0.887302
0.88787
0.88787
0.887302
0.887302
0.887933
0.887933
0.887302
0.887302
0.887412
0.887412
0.887302
0.887302
0.887263
0.887263
0.887302
0.887302
0.887637
0.887637
0.887302
0.887302
0.886967
0.886967
0.887302
0.887302
0.887334
0.887334
0.887302
0.887302
0.886859
0.886859
0.886439
0.886439
0.886559
0.886559
0.886616
0.886616
0.88683
0.88683
0.8878
0.8878
0.887771
0.887771
0.887589
0.887589
0.886689
0.886689
0.886452
0.886452
0.886688
0.886688
0.886661
0.886661
0.886978
0.886978
0.886559
0.886559
0.886834
0.886834
0.886352
0.886352
0.886778
0.886778
0.886501
0.886501
0.888158
0.888158
0.887963
0.887963
0.88671
0.88671
0.885866
0.885866
0.885161
0.885161
0.885615
0.885615
0.886434
0.886434
0.88621
0.88621
0.886352
0.886352
0.883495
0.883495
0.885041
0.885041
0.88518
0.88518
0.884326
0.884326
0.883014
0.883014
0.882985
0.882985
0.883226
0.883226
0.882777
0.882777
0.883872
0.883872
0.884001
0.884001
0.885078
0.885078
0.883872
0.883872
0.884001
0.884001
0.885828
0.885828
0.886822
0.886822
0.886798
0.886798
0.887158
0.887158
0.887461
0.887461
0.88786
0.88786
0.887307
0.887307
0.887383
0.887383
0.887404
0.887404
0.887789
0.887789
0.886541
0.886541
0.887707
0.887707
0.88627
0.88627
0.887639
0.887639
0.886198
0.886198
0.886355
0.886355
0.886133
0.886133
0.886194
0.886194
0.886603
0.886603
0.885692
0.885692
0.88526
0.88526
0.886143
0.886143
0.886147
0.886147
0.886104
0.886104
0.886153
0.886153
0.886165
0.886165
0.886032
0.886032
0.886149
0.886149
0.885457
0.885457
0.886154
0.886154
0.886181
0.886181
0.88619
0.88619
0.88615
0.88615
0.887513
0.887513
0.88731
0.88731
0.886194
0.886194
0.887562
0.887562
0.886187
0.886187
0.8872
0.8872
0.886178
0.886178
0.886633
0.886633
0.886172
0.886172
0.88669
0.88669
0.886159
0.886159
0.885848
0.885848
0.886147
0.886147
0.886092
0.886092
0.886138
0.886138
0.885688
0.885688
0.886135
0.886135
0.885362
0.885362
0.885688
0.885688
0.886135
0.886135
0.886137
0.886137
0.884988
0.884988
0.88614
0.88614
0.884329
0.884329
0.885183
0.885183
0.882988
0.882988
0.882778
0.882778
0.884001
0.884001
0.885832
0.885832
0.884001
0.884001
0.886793
0.886793
0.887455
0.887455
0.887302
0.887302
0.887397
0.887397
0.886536
0.886536
0.886268
0.886268
0.886833
0.886833
0.886674
0.886674
0.886692
0.886692
0.886607
0.886607
0.886072
0.886072
0.885868
0.885868
0.885703
0.885703
0.886072
0.886072
0.886219
0.886219
0.886072
0.886072
0.886006
0.886006
0.885935
0.885935
0.886072
0.886072
0.886072
0.886072
0.886072
0.886072
0.886779
0.886779
0.886852
0.886852
0.886072
0.886072
0.886447
0.886447
0.886072
0.886072
0.886548
0.886548
0.886072
0.886072
0.886574
0.886574
0.886072
0.886072
0.886458
0.886458
0.886072
0.886072
0.886305
0.886305
0.886072
0.886072
0.886575
0.886575
0.886072
0.886072
0.886427
0.886427
0.886072
0.886072
0.886072
0.886072
0.886427
0.886427
0.886016
0.886016
0.886072
0.886072
0.886034
0.886034
0.886072
0.886072
0.886412
0.886412
0.886131
0.886131
0.886006
0.886006
0.887224
0.887224
0.887337
0.887337
0.887319
0.887319
0.886143
0.886143
0.886143
0.886143
0.886143
0.886143
0.884559
0.884559
0.884352
0.884352
0.8832
0.8832
0.884117
0.884117
0.886012
0.886012
0.886072
0.886072
0.886072
0.886072
0.886072
0.886072
0.886368
0.886368
0.886587
0.886587
0.886903
0.886903
0.886781
0.886781
0.886143
0.886143
0.887656
0.887656
0.887704
0.887704
0.886143
0.886143
0.886143
0.886143
0.886143
0.886143
0.886143
0.886143
0.886143
0.886143
0.883523
0.883523
0.88392
0.88392
0.884002
0.884002
0.883773
0.883773
0.886309
0.886309
0.886426
0.886426
0.886072
0.886072
0.886072
0.886072
0.886072
0.886072
0.886072
0.886072
0.886072
0.886072
0.886072
0.886072
0.88796
0.88796
0.886758
0.886758
0.886636
0.886636
0.886624
0.886624
0.886143
0.886143
0.886143
0.886143
0.886143
0.886143
0.886143
0.886143
0.885472
0.885472
0.88533
0.88533
0.886143
0.886143
0.886143
0.886143
0.884531
0.884531
0.883771
0.883771
0.883388
0.883388
0.883077
0.883077
0.886072
0.886072
0.886072
0.886072
0.886072
0.886072
0.886072
0.886072
0.886568
0.886568
0.886072
0.886072
0.886072
0.886072
0.886421
0.886421
0.887865
0.887865
0.886433
0.886433
0.887631
0.887631
0.886789
0.886789
0.886143
0.886143
0.886143
0.886143
0.885686
0.885686
0.886143
0.886143
0.885741
0.885741
0.88472
0.88472
0.882927
0.882927
0.884728
0.884728
0.883765
0.883765
0.886072
0.886072
0.886072
0.886072
0.886731
0.886731
0.886072
0.886072
0.886982
0.886982
0.887875
0.887875
0.887923
0.887923
0.88732
0.88732
0.88732
0.88732
0.88694
0.88694
0.886892
0.886892
0.88732
0.88732
0.88732
0.88732
0.886259
0.886259
0.886162
0.886162
0.886496
0.886496
0.886904
0.886904
0.88659
0.88659
0.887547
0.887547
0.887614
0.887614
0.886143
0.886143
0.88659
0.88659
0.88659
0.88659
0.886143
0.886143
0.886143
0.886143
0.885839
0.885839
0.884815
0.884815
0.883831
0.883831
0.884002
0.884002
0.886484
0.886484
0.886342
0.886342
0.88646
0.88646
0.886072
0.886072
0.886484
0.886484
0.886484
0.886484
0.886072
0.886072
0.886072
0.886072
0.88778
0.88778
0.887686
0.887686
0.886903
0.886903
0.886903
0.886903
0.886143
0.886143
0.886143
0.886143
0.885799
0.885799
0.886143
0.886143
0.88579
0.88579
0.885088
0.885088
0.884926
0.884926
0.884002
0.884002
0.884002
0.884002
0.886072
0.886072
0.886072
0.886072
0.886869
0.886869
0.886943
0.886943
0.886072
0.886072
0.887068
0.887068
0.88723
0.88723
0.886143
0.886143
0.886143
0.886143
0.885379
0.885379
0.886142
0.886142
0.884061
0.884061
0.884108
0.884108
0.886072
0.886072
0.886072
0.886072
0.886571
0.886571
0.886072
0.886072
0.884493
0.884493
0.884326
0.884326
0.88518
0.88518
0.885863
0.885863
0.884415
0.884415
0.882985
0.882985
0.884453
0.884453
0.882777
0.882777
0.884991
0.884991
0.884001
0.884001
0.88689
0.88689
0.885828
0.885828
0.884001
0.884001
0.884991
0.884991
0.886751
0.886751
0.886798
0.886798
0.887109
0.887109
0.887461
0.887461
0.886994
0.886994
0.887307
0.887307
0.886316
0.886316
0.887404
0.887404
0.886244
0.886244
0.886541
0.886541
0.886435
0.886435
0.88627
0.88627
0.886665
0.886665
0.886161
0.886161
0.886318
0.886318
0.886603
0.886603
0.886165
0.886165
0.88633
0.88633
0.887265
0.887265
0.886437
0.886437
0.88723
0.88723
0.887118
0.887118
0.885778
0.885778
0.884537
0.884537
0.884108
0.884108
0.884203
0.884203
0.886505
0.886505
0.886632
0.886632
0.886617
0.886617
0.886174
0.886174
0.883136
0.883136
0.883069
0.883069
0.883368
0.883368
0.882902
0.882902
0.886304
0.886304
0.886402
0.886402
0.883206
0.883206
0.882875
0.882875
0.88732
0.88732
0.88732
0.88732
0.887379
0.887379
0.88738
0.88738
0.88732
0.88732
0.88732
0.88732
0.887504
0.887504
0.887422
0.887422
0.886224
0.886224
0.886257
0.886257
0.886902
0.886902
0.886903
0.886903
0.885839
0.885839
0.885839
0.885839
0.884002
0.884002
0.884002
0.884002
0.886203
0.886203
0.886258
0.886258
0.886903
0.886903
0.886493
0.886493
0.885534
0.885534
0.885839
0.885839
0.884002
0.884002
0.883854
0.883854
0.887223
0.887223
0.886051
0.886051
0.884118
0.884118
0.88317
0.88317
0.887346
0.887346
0.887346
0.887346
0.887321
0.887321
0.886257
0.886257
0.886258
0.886258
0.886903
0.886903
0.886902
0.886902
0.88732
0.88732
0.88732
0.88732
0.885839
0.885839
0.884002
0.884002
0.887379
0.887379
0.88732
0.88732
0.887503
0.887503
0.887503
0.887503
0.88732
0.88732
0.885839
0.885839
0.885839
0.885839
0.884002
0.884002
0.884002
0.884002
0.88732
0.88732
0.88732
0.88732
0.886259
0.886259
0.886904
0.886904
0.887422
0.887422
0.88732
0.88732
0.885378
0.885378
0.886558
0.886558
0.886318
0.886318
0.886743
0.886743
0.887169
0.887169
0.887804
0.887804
0.887753
0.887753
0.888045
0.888045
0.887192
0.887192
0.886281
0.886281
0.887744
0.887744
0.886728
0.886728
0.887328
0.887328
0.886731
0.886731
0.886574
0.886574
0.887817
0.887817
0.88648
0.88648
0.886441
0.886441
0.887491
0.887491
0.887813
0.887813
0.887157
0.887157
0.885887
0.885887
0.887182
0.887182
0.886858
0.886858
0.886258
0.886258
0.887379
0.887379
0.886556
0.886556
0.886556
0.886556
0.887875
0.887875
0.886556
0.886556
0.885839
0.885839
0.887503
0.887503
0.88645
0.88645
0.886484
0.886484
0.88694
0.88694
0.886484
0.886484
0.88738
0.88738
0.887923
0.887923
0.887923
0.887923
0.887923
0.887923
0.887503
0.887503
0.88694
0.88694
0.88694
0.88694
0.88694
0.88694
0.88682
0.88682
0.887833
0.887833
0.885755
0.885755
0.885097
0.885097
0.887648
0.887648
0.886498
0.886498
0.887379
0.887379
0.887422
0.887422
0.887561
0.887561
0.88753
0.88753
0.887448
0.887448
0.887276
0.887276
0.886554
0.886554
0.886067
0.886067
0.886121
0.886121
0.886042
0.886042
0.885933
0.885933
0.886903
0.886903
0.886904
0.886904
0.886143
0.886143
0.886143
0.886143
0.885794
0.885794
0.886143
0.886143
0.884002
0.884002
0.884002
0.884002
0.886072
0.886072
0.886072
0.886072
0.886861
0.886861
0.886072
0.886072
0.886903
0.886903
0.886902
0.886902
0.884002
0.884002
0.884002
0.884002
0.886902
0.886902
0.885075
0.885075
0.884002
0.884002
0.884002
0.884002
0.88782
0.88782
0.886904
0.886904
0.886431
0.886431
0.887654
0.887654
0.883845
0.883845
0.886499
0.886499
0.886143
0.886143
0.887302
0.887302
0.88787
0.88787
0.887933
0.887933
0.887302
0.887302
0.887445
0.887445
0.887302
0.887302
0.887234
0.887234
0.887302
0.887302
0.886745
0.886745
0.887302
0.887302
0.886474
0.886474
0.887302
0.887302
0.886859
0.886859
0.887302
0.887302
0.887353
0.887353
0.887302
0.887302
0.886967
0.886967
0.887302
0.887302
0.887637
0.887637
0.887302
0.887302
0.887263
0.887263
0.887302
0.887302
0.887412
0.887412
0.887302
0.887302
0.887933
0.887933
0.887808
0.887808
0.887589
0.887589
0.887837
0.887837
0.88683
0.88683
0.88658
0.88658
0.886475
0.886475
0.886559
0.886559
0.887015
0.887015
0.886625
0.886625
0.886688
0.886688
0.886452
0.886452
0.886689
0.886689
0.887589
0.887589
0.887993
0.887993
0.88671
0.88671
0.88823
0.88823
0.886501
0.886501
0.886766
0.886766
0.886823
0.886823
0.886322
0.886322
0.886199
0.886199
0.886464
0.886464
0.885615
0.885615
0.885161
0.885161
0.885854
0.885854
0.88671
0.88671
0.887302
0.887302
0.887889
0.887889
0.887933
0.887933
0.887302
0.887302
0.887445
0.887445
0.887302
0.887302
0.887234
0.887234
0.887302
0.887302
0.886745
0.886745
0.887302
0.887302
0.886454
0.886454
0.887302
0.887302
0.886859
0.886859
0.887302
0.887302
0.887334
0.887334
0.887302
0.887302
0.886967
0.886967
0.887302
0.887302
0.887637
0.887637
0.887302
0.887302
0.887263
0.887263
0.887302
0.887302
0.887412
0.887412
0.887302
0.887302
0.887933
0.887933
0.887771
0.887771
0.887589
0.887589
0.8878
0.8878
0.88683
0.88683
0.886616
0.886616
0.886439
0.886439
0.886559
0.886559
0.887015
0.887015
0.886661
0.886661
0.886688
0.886688
0.886452
0.886452
0.886689
0.886689
0.887589
0.887589
0.887921
0.887921
0.88671
0.88671
0.88823
0.88823
0.886501
0.886501
0.886736
0.886736
0.886823
0.886823
0.886352
0.886352
0.88624
0.88624
0.886505
0.886505
0.885615
0.885615
0.885232
0.885232
0.885854
0.885854
0.88671
0.88671
0.884471
0.884471
0.884336
0.884336
0.885188
0.885188
0.885863
0.885863
0.884429
0.884429
0.882992
0.882992
0.884432
0.884432
0.88278
0.88278
0.885041
0.885041
0.884003
0.884003
0.886866
0.886866
0.885835
0.885835
0.884003
0.884003
0.885041
0.885041
0.886762
0.886762
0.886787
0.886787
0.887086
0.887086
0.887451
0.887451
0.886987
0.886987
0.887299
0.887299
0.886292
0.886292
0.887393
0.887393
0.886257
0.886257
0.886534
0.886534
0.88646
0.88646
0.886267
0.886267
0.886477
0.886477
0.886191
0.886191
0.88631
0.88631
0.886613
0.886613
0.88618
0.88618
0.88637
0.88637
0.885668
0.885668
0.88609
0.88609
0.886091
0.886091
0.885751
0.885751
0.886201
0.886201
0.886083
0.886083
0.886087
0.886087
0.886081
0.886081
0.885932
0.885932
0.886073
0.886073
0.886073
0.886073
0.886073
0.886073
0.886081
0.886081
0.886078
0.886078
0.88675
0.88675
0.886086
0.886086
0.886788
0.886788
0.88638
0.88638
0.88609
0.88609
0.886451
0.886451
0.886089
0.886089
0.88653
0.88653
0.886089
0.886089
0.886355
0.886355
0.886087
0.886087
0.886214
0.886214
0.886095
0.886095
0.886471
0.886471
0.8861
0.8861
0.886348
0.886348
0.886104
0.886104
0.885927
0.885927
0.886102
0.886102
0.886104
0.886104
0.886348
0.886348
0.885936
0.885936
0.886096
0.886096
0.884329
0.884329
0.885183
0.885183
0.885183
0.885183
0.884329
0.884329
0.882988
0.882988
0.882988
0.882988
0.882778
0.882778
0.882778
0.882778
0.884001
0.884001
0.884001
0.884001
0.885832
0.885832
0.884001
0.884001
0.884001
0.884001
0.885832
0.885832
0.886793
0.886793
0.886793
0.886793
0.887455
0.887455
0.887455
0.887455
0.887302
0.887302
0.887302
0.887302
0.887397
0.887397
0.887397
0.887397
0.886536
0.886536
0.886536
0.886536
0.886268
0.886268
0.886268
0.886268
0.886901
0.886901
0.888326
0.888326
0.887699
0.887699
0.887935
0.887935
0.887344
0.887344
0.886936
0.886936
0.886607
0.886607
0.886607
0.886607
0.886143
0.886143
0.886143
0.886143
0.885743
0.885743
0.885316
0.885316
0.886143
0.886143
0.886118
0.886118
0.885991
0.885991
0.886143
0.886143
0.885463
0.885463
0.886143
0.886143
0.886143
0.886143
0.886143
0.886143
0.887547
0.887547
0.887221
0.887221
0.886143
0.886143
0.887596
0.887596
0.886143
0.886143
0.887227
0.887227
0.886143
0.886143
0.886662
0.886662
0.886143
0.886143
0.886688
0.886688
0.886143
0.886143
0.885863
0.885863
0.886143
0.886143
0.886128
0.886128
0.886143
0.886143
0.885771
0.885771
0.886143
0.886143
0.886143
0.886143
0.885415
0.885415
0.885771
0.885771
0.886143
0.886143
0.885012
0.885012
0.886413
0.886413
0.887223
0.887223
0.887046
0.887046
0.887175
0.887175
0.886072
0.886072
0.886536
0.886536
0.886591
0.886591
0.886072
0.886072
0.886072
0.886072
0.884559
0.884559
0.884116
0.884116
0.884206
0.884206
0.885752
0.885752
0.886143
0.886143
0.885382
0.885382
0.886143
0.886143
0.886143
0.886143
0.887605
0.887605
0.886784
0.886784
0.886901
0.886901
0.887669
0.887669
0.886072
0.886072
0.886072
0.886072
0.886951
0.886951
0.886955
0.886955
0.886072
0.886072
0.886072
0.886072
0.886072
0.886072
0.886072
0.886072
0.884717
0.884717
0.883774
0.883774
0.884001
0.884001
0.884953
0.884953
0.885707
0.885707
0.886143
0.886143
0.886143
0.886143
0.885778
0.885778
0.886143
0.886143
0.886143
0.886143
0.886143
0.886143
0.886143
0.886143
0.886484
0.886484
0.886623
0.886623
0.886636
0.886636
0.886151
0.886151
0.886072
0.886072
0.886072
0.886072
0.886072
0.886072
0.886072
0.886072
0.886139
0.886139
0.886072
0.886072
0.886072
0.886072
0.885972
0.885972
0.883126
0.883126
0.883075
0.883075
0.883392
0.883392
0.882966
0.882966
0.886143
0.886143
0.886143
0.886143
0.886143
0.886143
0.886143
0.886143
0.887394
0.887394
0.887556
0.887556
0.886143
0.886143
0.886143
0.886143
0.886232
0.886232
0.886431
0.886431
0.88639
0.88639
0.886792
0.886792
0.886072
0.886072
0.886072
0.886072
0.886079
0.886079
0.886072
0.886072
0.886343
0.886343
0.883224
0.883224
0.882927
0.882927
0.883538
0.883538
0.883766
0.883766
0.886143
0.886143
0.886143
0.886143
0.887537
0.887537
0.886143
0.886143
0.887669
0.887669
0.88694
0.88694
0.88732
0.88732
0.88732
0.88732
0.88694
0.88694
0.887923
0.887923
0.88732
0.88732
0.88732
0.88732
0.887875
0.887875
0.886253
0.886253
0.886902
0.886902
0.887776
0.887776
0.887764
0.887764
0.886484
0.886484
0.886072
0.886072
0.886793
0.886793
0.886369
0.886369
0.886484
0.886484
0.886072
0.886072
0.886072
0.886072
0.886484
0.886484
0.885836
0.885836
0.884001
0.884001
0.885113
0.885113
0.886848
0.886848
0.88659
0.88659
0.886143
0.886143
0.885817
0.885817
0.885843
0.885843
0.88659
0.88659
0.886143
0.886143
0.886143
0.886143
0.88659
0.88659
0.886451
0.886451
0.886901
0.886901
0.886901
0.886901
0.886594
0.886594
0.886072
0.886072
0.886072
0.886072
0.886437
0.886437
0.886484
0.886484
0.886072
0.886072
0.883809
0.883809
0.884001
0.884001
0.884001
0.884001
0.883896
0.883896
0.886143
0.886143
0.886143
0.886143
0.887691
0.887691
0.886143
0.886143
0.8877
0.8877
0.88723
0.88723
0.886099
0.886099
0.886072
0.886072
0.886072
0.886072
0.886072
0.886072
0.885907
0.885907
0.884107
0.884107
0.883179
0.883179
0.886143
0.886143
0.886143
0.886143
0.887222
0.887222
0.886143
0.886143
0.883487
0.883487
0.885048
0.885048
0.885188
0.885188
0.884336
0.884336
0.882968
0.882968
0.882992
0.882992
0.883213
0.883213
0.88278
0.88278
0.883877
0.883877
0.884003
0.884003
0.885065
0.885065
0.883877
0.883877
0.884003
0.884003
0.885835
0.885835
0.886776
0.886776
0.886787
0.886787
0.887148
0.887148
0.887451
0.887451
0.887861
0.887861
0.887299
0.887299
0.887373
0.887373
0.887393
0.887393
0.887743
0.887743
0.886534
0.886534
0.887726
0.887726
0.886267
0.886267
0.887842
0.887842
0.886154
0.886154
0.886331
0.886331
0.886033
0.886033
0.886152
0.886152
0.886613
0.886613
0.886154
0.886154
0.886037
0.886037
0.88723
0.88723
0.886437
0.886437
0.884266
0.884266
0.883161
0.883161
0.884107
0.884107
0.884537
0.884537
0.887979
0.887979
0.886784
0.886784
0.886617
0.886617
0.886631
0.886631
0.884542
0.884542
0.883694
0.883694
0.883372
0.883372
0.883066
0.883066
0.887863
0.887863
0.8864
0.8864
0.88474
0.88474
0.882875
0.882875
0.88732
0.88732
0.887374
0.887374
0.887375
0.887375
0.88732
0.88732
0.88732
0.88732
0.887423
0.887423
0.887505
0.887505
0.88732
0.88732
0.88622
0.88622
0.886901
0.886901
0.886901
0.886901
0.886254
0.886254
0.885836
0.885836
0.884001
0.884001
0.884001
0.884001
0.885837
0.885837
0.888106
0.888106
0.887802
0.887802
0.886901
0.886901
0.886253
0.886253
0.886553
0.886553
0.885125
0.885125
0.884001
0.884001
0.885836
0.885836
0.887027
0.887027
0.887223
0.887223
0.884026
0.884026
0.884116
0.884116
0.88734
0.88734
0.887321
0.887321
0.88734
0.88734
0.886254
0.886254
0.886901
0.886901
0.886901
0.886901
0.886253
0.886253
0.88732
0.88732
0.88732
0.88732
0.885836
0.885836
0.884001
0.884001
0.887375
0.887375
0.88732
0.88732
0.887505
0.887505
0.88732
0.88732
0.887505
0.887505
0.885837
0.885837
0.884001
0.884001
0.884001
0.884001
0.885836
0.885836
0.88732
0.88732
0.88732
0.88732
0.886253
0.886253
0.886902
0.886902
0.887423
0.887423
0.88732
0.88732
0.885962
0.885962
0.887305
0.887305
0.887766
0.887766
0.887225
0.887225
0.887761
0.887761
0.88672
0.88672
0.887076
0.887076
0.886209
0.886209
0.886342
0.886342
0.886668
0.886668
0.887772
0.887772
0.887198
0.887198
0.887818
0.887818
0.886742
0.886742
0.885493
0.885493
0.886326
0.886326
0.887527
0.887527
0.887587
0.887587
0.886246
0.886246
0.886447
0.886447
0.887152
0.887152
0.886356
0.886356
0.884825
0.884825
0.887219
0.887219
0.887375
0.887375
0.886253
0.886253
0.88694
0.88694
0.886484
0.886484
0.886484
0.886484
0.886484
0.886484
0.887505
0.887505
0.885836
0.885836
0.887923
0.887923
0.88659
0.88659
0.886556
0.886556
0.88659
0.88659
0.887374
0.887374
0.88694
0.88694
0.88694
0.88694
0.88694
0.88694
0.887505
0.887505
0.887923
0.887923
0.887923
0.887923
0.887923
0.887923
0.887607
0.887607
0.886478
0.886478
0.886446
0.886446
0.883838
0.883838
0.886828
0.886828
0.885804
0.885804
0.887375
0.887375
0.887423
0.887423
0.886807
0.886807
0.886396
0.886396
0.886614
0.886614
0.886625
0.886625
0.887314
0.887314
0.885703
0.885703
0.885453
0.885453
0.885401
0.885401
0.885344
0.885344
0.886901
0.886901
0.886902
0.886902
0.886072
0.886072
0.886072
0.886072
0.886485
0.886485
0.886072
0.886072
0.884001
0.884001
0.884001
0.884001
0.886143
0.886143
0.886143
0.886143
0.887648
0.887648
0.886143
0.886143
0.886901
0.886901
0.886901
0.886901
0.884001
0.884001
0.884001
0.884001
0.886901
0.886901
0.88382
0.88382
0.884001
0.884001
0.884001
0.884001
0.886463
0.886463
0.886902
0.886902
0.887798
0.887798
0.886834
0.886834
0.885126
0.885126
0.885775
0.885775
0.886072
0.886072
0.887302
0.887302
0.886859
0.886859
0.886454
0.886454
0.887302
0.887302
0.886763
0.886763
0.887302
0.887302
0.887234
0.887234
0.887302
0.887302
0.887445
0.887445
0.887302
0.887302
0.88787
0.88787
0.887302
0.887302
0.887933
0.887933
0.887302
0.887302
0.88743
0.88743
0.887302
0.887302
0.887263
0.887263
0.887302
0.887302
0.887637
0.887637
0.887302
0.887302
0.886987
0.886987
0.887302
0.887302
0.887334
0.887334
0.887302
0.887302
0.886859
0.886859
0.886475
0.886475
0.886559
0.886559
0.88658
0.88658
0.88683
0.88683
0.887837
0.887837
0.887771
0.887771
0.887589
0.887589
0.886689
0.886689
0.886416
0.886416
0.886688
0.886688
0.886625
0.886625
0.887015
0.887015
0.886559
0.886559
0.886865
0.886865
0.886352
0.886352
0.886766
0.886766
0.886501
0.886501
0.88823
0.88823
0.887951
0.887951
0.88671
0.88671
0.885824
0.885824
0.885232
0.885232
0.885615
0.885615
0.886464
0.886464
0.886199
0.886199
0.886352
0.886352
0.887302
0.887302
0.886859
0.886859
0.886454
0.886454
0.887302
0.887302
0.886745
0.886745
0.887302
0.887302
0.887234
0.887234
0.887302
0.887302
0.887445
0.887445
0.887302
0.887302
0.88787
0.88787
0.887302
0.887302
0.887933
0.887933
0.887302
0.887302
0.887412
0.887412
0.887302
0.887302
0.887263
0.887263
0.887302
0.887302
0.887637
0.887637
0.887302
0.887302
0.886967
0.886967
0.887302
0.887302
0.887334
0.887334
0.887302
0.887302
0.886859
0.886859
0.886439
0.886439
0.886559
0.886559
0.886616
0.886616
0.88683
0.88683
0.8878
0.8878
0.887771
0.887771
0.887589
0.887589
0.886689
0.886689
0.886452
0.886452
0.886688
0.886688
0.886661
0.886661
0.886978
0.886978
0.886559
0.886559
0.886834
0.886834
0.886352
0.886352
0.886778
0.886778
0.886501
0.886501
0.888158
0.888158
0.887963
0.887963
0.88671
0.88671
0.885866
0.885866
0.885161
0.885161
0.885615
0.885615
0.886434
0.886434
0.88621
0.88621
0.886352
0.886352
0.883463
0.883463
0.885041
0.885041
0.88518
0.88518
0.884326
0.884326
0.882981
0.882981
0.882985
0.882985
0.883193
0.883193
0.882777
0.882777
0.88384
0.88384
0.884001
0.884001
0.885045
0.885045
0.88384
0.88384
0.884001
0.884001
0.885828
0.885828
0.886789
0.886789
0.886798
0.886798
0.887125
0.887125
0.887461
0.887461
0.88786
0.88786
0.887307
0.887307
0.887351
0.887351
0.887404
0.887404
0.887756
0.887756
0.886541
0.886541
0.887751
0.887751
0.88627
0.88627
0.887639
0.887639
0.886198
0.886198
0.886323
0.886323
0.886133
0.886133
0.886194
0.886194
0.886603
0.886603
0.885692
0.885692
0.88526
0.88526
0.886142
0.886142
0.886147
0.886147
0.886058
0.886058
0.886153
0.886153
0.886165
0.886165
0.886032
0.886032
0.886149
0.886149
0.885457
0.885457
0.886154
0.886154
0.886181
0.886181
0.88619
0.88619
0.88615
0.88615
0.887478
0.887478
0.88731
0.88731
0.886192
0.886192
0.887562
0.887562
0.886186
0.886186
0.887134
0.887134
0.886179
0.886179
0.886633
0.886633
0.886172
0.886172
0.886661
0.886661
0.886159
0.886159
0.885794
0.885794
0.886148
0.886148
0.886092
0.886092
0.886138
0.886138
0.885688
0.885688
0.886135
0.886135
0.885362
0.885362
0.885688
0.885688
0.886135
0.886135
0.886137
0.886137
0.884988
0.884988
0.88614
0.88614
0.884329
0.884329
0.885183
0.885183
0.882988
0.882988
0.882778
0.882778
0.884001
0.884001
0.885832
0.885832
0.884001
0.884001
0.886793
0.886793
0.887455
0.887455
0.887302
0.887302
0.887397
0.887397
0.886536
0.886536
0.886268
0.886268
0.886833
0.886833
0.886674
0.886674
0.886692
0.886692
0.886607
0.886607
0.886072
0.886072
0.885868
0.885868
0.885703
0.885703
0.886072
0.886072
0.886219
0.886219
0.886072
0.886072
0.886006
0.886006
0.885935
0.885935
0.886072
0.886072
0.886072
0.886072
0.886072
0.886072
0.886779
0.886779
0.886852
0.886852
0.886072
0.886072
0.886447
0.886447
0.886072
0.886072
0.886548
0.886548
0.886072
0.886072
0.886574
0.886574
0.886072
0.886072
0.886458
0.886458
0.886072
0.886072
0.886305
0.886305
0.886072
0.886072
0.886575
0.886575
0.886072
0.886072
0.886427
0.886427
0.886072
0.886072
0.886072
0.886072
0.886427
0.886427
0.886016
0.886016
0.886072
0.886072
0.886034
0.886034
0.886072
0.886072
0.886412
0.886412
0.886131
0.886131
0.88604
0.88604
0.887224
0.887224
0.887337
0.887337
0.887237
0.887237
0.886143
0.886143
0.886143
0.886143
0.886143
0.886143
0.884559
0.884559
0.884352
0.884352
0.8832
0.8832
0.884117
0.884117
0.885967
0.885967
0.886073
0.886073
0.886073
0.886073
0.886073
0.886073
0.886368
0.886368
0.886587
0.886587
0.886903
0.886903
0.886781
0.886781
0.886143
0.886143
0.887656
0.887656
0.887704
0.887704
0.886143
0.886143
0.886143
0.886143
0.886143
0.886143
0.886143
0.886143
0.886143
0.886143
0.883523
0.883523
0.88392
0.88392
0.884002
0.884002
0.883773
0.883773
0.886309
0.886309
0.886426
0.886426
0.886072
0.886072
0.886072
0.886072
0.886072
0.886072
0.886072
0.886072
0.886072
0.886072
0.886072
0.886072
0.887903
0.887903
0.886758
0.886758
0.886636
0.886636
0.886624
0.886624
0.886143
0.886143
0.886143
0.886143
0.886143
0.886143
0.886143
0.886143
0.885472
0.885472
0.88533
0.88533
0.886143
0.886143
0.886143
0.886143
0.884531
0.884531
0.883771
0.883771
0.883388
0.883388
0.883077
0.883077
0.886072
0.886072
0.886072
0.886072
0.886072
0.886072
0.886072
0.886072
0.886568
0.886568
0.886072
0.886072
0.886072
0.886072
0.886421
0.886421
0.88782
0.88782
0.886433
0.886433
0.887631
0.887631
0.886789
0.886789
0.886143
0.886143
0.886143
0.886143
0.885686
0.885686
0.886143
0.886143
0.885741
0.885741
0.88472
0.88472
0.882927
0.882927
0.884728
0.884728
0.883765
0.883765
0.886072
0.886072
0.886072
0.886072
0.886779
0.886779
0.886072
0.886072
0.886982
0.886982
0.887923
0.887923
0.887923
0.887923
0.88732
0.88732
0.88732
0.88732
0.88694
0.88694
0.88694
0.88694
0.88732
0.88732
0.88732
0.88732
0.886259
0.886259
0.886193
0.886193
0.886447
0.886447
0.886904
0.886904
0.88659
0.88659
0.887547
0.887547
0.887614
0.887614
0.886143
0.886143
0.88659
0.88659
0.88659
0.88659
0.886143
0.886143
0.886143
0.886143
0.885839
0.885839
0.884815
0.884815
0.883831
0.883831
0.884002
0.884002
0.886484
0.886484
0.886342
0.886342
0.886426
0.886426
0.886072
0.886072
0.886484
0.886484
0.886484
0.886484
0.886072
0.886072
0.886072
0.886072
0.88778
0.88778
0.887686
0.887686
0.886903
0.886903
0.886903
0.886903
0.886143
0.886143
0.886143
0.886143
0.885799
0.885799
0.886143
0.886143
0.88579
0.88579
0.885088
0.885088
0.884926
0.884926
0.884002
0.884002
0.884002
0.884002
0.886072
0.886072
0.886072
0.886072
0.886869
0.886869
0.886943
0.886943
0.886072
0.886072
0.887068
0.887068
0.88723
0.88723
0.886143
0.886143
0.886143
0.886143
0.885347
0.885347
0.886143
0.886143
0.884061
0.884061
0.884108
0.884108
0.886072
0.886072
0.886072
0.886072
0.886571
0.886571
0.886072
0.886072
0.884493
0.884493
0.884326
0.884326
0.88518
0.88518
0.885863
0.885863
0.884415
0.884415
0.882985
0.882985
0.884453
0.884453
0.882777
0.882777
0.884991
0.884991
0.884001
0.884001
0.88689
0.88689
0.885828
0.885828
0.884001
0.884001
0.884991
0.884991
0.886751
0.886751
0.886798
0.886798
0.887109
0.887109
0.887461
0.887461
0.886994
0.886994
0.887307
0.887307
0.886316
0.886316
0.887404
0.887404
0.886244
0.886244
0.886541
0.886541
0.886435
0.886435
0.88627
0.88627
0.886665
0.886665
0.886161
0.886161
0.886318
0.886318
0.886603
0.886603
0.886165
0.886165
0.88633
0.88633
0.887265
0.887265
0.886437
0.886437
0.88723
0.88723
0.887119
0.887119
0.885778
0.885778
0.884537
0.884537
0.884108
0.884108
0.884237
0.884237
0.886505
0.886505
0.886632
0.886632
0.886617
0.886617
0.886174
0.886174
0.883136
0.883136
0.883069
0.883069
0.883368
0.883368
0.882902
0.882902
0.886304
0.886304
0.886402
0.886402
0.883241
0.883241
0.882875
0.882875
0.88732
0.88732
0.88732
0.88732
0.887379
0.887379
0.88738
0.88738
0.88732
0.88732
0.88732
0.88732
0.887504
0.887504
0.887422
0.887422
0.886224
0.886224
0.886257
0.886257
0.886902
0.886902
0.886903
0.886903
0.885839
0.885839
0.885839
0.885839
0.884002
0.884002
0.884002
0.884002
0.886203
0.886203
0.886258
0.886258
0.886903
0.886903
0.886493
0.886493
0.885534
0.885534
0.885839
0.885839
0.884002
0.884002
0.883854
0.883854
0.887223
0.887223
0.886051
0.886051
0.884118
0.884118
0.883139
0.883139
0.887346
0.887346
0.887346
0.887346
0.887321
0.887321
0.886257
0.886257
0.886258
0.886258
0.886903
0.886903
0.886902
0.886902
0.88732
0.88732
0.88732
0.88732
0.885839
0.885839
0.884002
0.884002
0.887379
0.887379
0.88732
0.88732
0.887503
0.887503
0.887503
0.887503
0.88732
0.88732
0.885839
0.885839
0.885839
0.885839
0.884002
0.884002
0.884002
0.884002
0.88732
0.88732
0.88732
0.88732
0.886259
0.886259
0.886904
0.886904
0.887422
0.887422
0.88732
0.88732
0.885378
0.885378
0.88664
0.88664
0.886318
0.886318
0.886743
0.886743
0.887169
0.887169
0.887804
0.887804
0.887753
0.887753
0.888045
0.888045
0.887192
0.887192
0.886322
0.886322
0.887744
0.887744
0.886728
0.886728
0.887328
0.887328
0.886731
0.886731
0.886574
0.886574
0.887817
0.887817
0.886402
0.886402
0.886411
0.886411
0.887491
0.887491
0.887813
0.887813
0.887157
0.887157
0.885887
0.885887
0.887212
0.887212
0.886858
0.886858
0.886258
0.886258
0.887379
0.887379
0.88659
0.88659
0.88659
0.88659
0.887923
0.887923
0.88659
0.88659
0.885839
0.885839
0.887503
0.887503
0.886484
0.886484
0.886484
0.886484
0.88694
0.88694
0.886484
0.886484
0.88738
0.88738
0.887923
0.887923
0.887923
0.887923
0.887923
0.887923
0.887503
0.887503
0.88694
0.88694
0.88694
0.88694
0.88694
0.88694
0.886786
0.886786
0.887833
0.887833
0.885755
0.885755
0.885097
0.885097
0.887648
0.887648
0.886498
0.886498
0.887379
0.887379
0.887422
0.887422
0.887561
0.887561
0.88753
0.88753
0.887448
0.887448
0.887276
0.887276
0.886572
0.886572
0.886096
0.886096
0.886121
0.886121
0.886042
0.886042
0.885885
0.885885
0.886903
0.886903
0.886904
0.886904
0.886143
0.886143
0.886143
0.886143
0.885794
0.885794
0.886143
0.886143
0.884002
0.884002
0.884002
0.884002
0.886072
0.886072
0.886072
0.886072
0.886827
0.886827
0.886072
0.886072
0.886903
0.886903
0.886902
0.886902
0.884002
0.884002
0.884002
0.884002
0.886902
0.886902
0.88511
0.88511
0.884002
0.884002
0.884002
0.884002
0.88782
0.88782
0.886904
0.886904
0.886431
0.886431
0.887654
0.887654
0.883845
0.883845
0.886465
0.886465
0.886143
0.886143
0.887302
0.887302
0.88787
0.88787
0.887933
0.887933
0.887302
0.887302
0.887445
0.887445
0.887302
0.887302
0.887234
0.887234
0.887302
0.887302
0.886745
0.886745
0.887302
0.887302
0.886474
0.886474
0.887302
0.887302
0.886859
0.886859
0.887302
0.887302
0.887353
0.887353
0.887302
0.887302
0.886967
0.886967
0.887302
0.887302
0.887637
0.887637
0.887302
0.887302
0.887263
0.887263
0.887302
0.887302
0.887412
0.887412
0.887302
0.887302
0.887933
0.887933
0.887808
0.887808
0.887589
0.887589
0.887837
0.887837
0.88683
0.88683
0.88658
0.88658
0.886475
0.886475
0.886559
0.886559
0.887015
0.887015
0.886625
0.886625
0.886688
0.886688
0.886452
0.886452
0.886725
0.886725
0.887589
0.887589
0.887993
0.887993
0.88671
0.88671
0.888188
0.888188
0.886501
0.886501
0.886808
0.886808
0.886823
0.886823
0.886352
0.886352
0.886199
0.886199
0.886505
0.886505
0.885615
0.885615
0.885191
0.885191
0.885854
0.885854
0.88671
0.88671
0.887302
0.887302
0.88787
0.88787
0.887933
0.887933
0.887302
0.887302
0.887445
0.887445
0.887302
0.887302
0.887234
0.887234
0.887302
0.887302
0.886745
0.886745
0.887302
0.887302
0.886454
0.886454
0.887302
0.887302
0.886859
0.886859
0.887302
0.887302
0.887334
0.887334
0.887302
0.887302
0.886967
0.886967
0.887302
0.887302
0.887637
0.887637
0.887302
0.887302
0.887263
0.887263
0.887302
0.887302
0.887412
0.887412
0.887302
0.887302
0.887933
0.887933
0.887771
0.887771
0.887589
0.887589
0.887837
0.887837
0.88683
0.88683
0.88658
0.88658
0.886475
0.886475
0.886559
0.886559
0.887015
0.887015
0.886661
0.886661
0.886688
0.886688
0.886452
0.886452
0.886689
0.886689
0.887589
0.887589
0.887921
0.887921
0.88671
0.88671
0.88823
0.88823
0.886501
0.886501
0.886766
0.886766
0.886823
0.886823
0.886352
0.886352
0.88624
0.88624
0.886505
0.886505
0.885615
0.885615
0.885232
0.885232
0.885866
0.885866
0.88671
0.88671
