4
2500
0.885167
0.885167
0.885167
0.885167
0.885167
0.885167
0.885167
0.885167
0.88574
0.88574
0.88574
0.88574
0.886143
0.886143
0.886143
0.886143
0.885539
0.885539
0.885539
0.885539
0.884469
0.884469
0.884469
0.884469
0.887414
0.887414
0.886143
0.886143
0.887387
0.887387
0.884199
0.884199
0.884173
0.884173
0.886594
0.886594
0.887637
0.887637
0.886805
0.886805
0.885308
0.885308
0.885183
0.885183
0.885183
0.885183
0.885183
0.885183
0.885183
0.885183
0.887302
0.887302
0.887302
0.887302
0.887302
0.887302
0.887302
0.887302
0.884001
0.884001
0.884001
0.884001
0.884001
0.884001
0.884001
0.884001
0.885183
0.885183
0.884329
0.884329
0.8839
0.8839
0.885183
0.885183
0.882778
0.882778
0.883046
0.883046
0.887302
0.887302
0.887126
0.887126
0.887101
0.887101
0.887302
0.887302
0.886022
0.886022
0.886046
0.886046
0.885798
0.885798
0.885505
0.885505
0.887551
0.887551
0.887419
0.887419
0.884258
0.884258
0.884994
0.884994
0.883878
0.883878
0.887921
0.887921
0.887921
0.887921
0.883902
0.883902
0.883902
0.883902
0.883216
0.883216
0.883635
0.883635
0.88289
0.88289
0.887428
0.887428
0.884994
0.884994
0.886322
0.886322
0.884709
0.884709
0.887482
0.887482
0.886808
0.886808
0.886143
0.886143
0.885939
0.885939
0.885939
0.885939
0.884239
0.884239
0.88565
0.88565
0.884804
0.884804
0.886594
0.886594
0.886438
0.886438
0.885937
0.885937
0.885937
0.885937
0.886925
0.886925
0.886925
0.886925
0.887511
0.887511
0.886072
0.886072
0.886072
0.886072
0.886072
0.886072
0.886072
0.886072
0.886072
0.886072
0.886072
0.886072
0.885718
0.885718
0.885718
0.885718
0.886486
0.886486
0.886486
0.886486
0.886486
0.886486
0.885718
0.885718
0.886499
0.886499
0.886452
0.886452
0.88628
0.88628
0.885812
0.885812
0.886631
0.886631
0.886629
0.886629
0.88629
0.88629
0.886022
0.886022
0.885937
0.885937
0.886925
0.886925
0.885113
0.885113
0.885067
0.885067
0.884629
0.884629
0.884486
0.884486
0.886326
0.886326
0.886365
0.886365
0.886903
0.886903
0.887212
0.887212
0.887833
0.887833
0.886901
0.886901
0.886901
0.886901
0.88787
0.88787
0.887677
0.887677
0.886901
0.886901
0.886901
0.886901
0.888785
0.888785
0.886491
0.886491
0.886901
0.886901
0.886901
0.886901
0.88653
0.88653
0.886833
0.886833
0.886392
0.886392
0.886901
0.886901
0.886901
0.886901
0.886901
0.886901
0.886412
0.886412
0.886486
0.886486
0.886901
0.886901
0.888172
0.888172
0.886901
0.886901
0.886901
0.886901
0.887438
0.887438
0.886767
0.886767
0.886901
0.886901
0.886901
0.886901
0.887087
0.887087
0.888192
0.888192
0.888045
0.888045
0.886901
0.886901
0.886901
0.886901
0.886656
0.886656
0.886656
0.886656
0.88643
0.88643
0.88643
0.88643
0.886417
0.886417
0.885888
0.885888
0.886622
0.886622
0.886372
0.886372
0.887361
0.887361
0.887361
0.887361
0.885794
0.885794
0.885794
0.885794
0.886092
0.886092
0.886384
0.886384
0.883687
0.883687
0.884243
0.884243
0.886959
0.886959
0.884797
0.884797
0.887793
0.887793
0.885975
0.885975
0.88728
0.88728
0.887126
0.887126
0.88724
0.88724
0.887004
0.887004
0.886155
0.886155
0.886046
0.886046
0.88427
0.88427
0.884404
0.884404
0.887117
0.887117
0.886446
0.886446
0.887111
0.887111
0.887263
0.887263
0.885197
0.885197
0.884001
0.884001
0.884001
0.884001
0.885241
0.885241
0.884121
0.884121
0.884001
0.884001
0.885638
0.885638
0.884001
0.884001
0.883881
0.883881
0.884001
0.884001
0.884001
0.884001
0.883921
0.883921
0.883298
0.883298
0.884001
0.884001
0.884001
0.884001
0.883222
0.883222
0.883378
0.883378
0.884001
0.884001
0.883775
0.883775
0.884001
0.884001
0.88462
0.88462
0.886721
0.886721
0.884001
0.884001
0.884001
0.884001
0.883204
0.883204
0.883308
0.883308
0.884001
0.884001
0.884001
0.884001
0.885838
0.885838
0.884001
0.884001
0.884001
0.884001
0.886687
0.886687
0.886397
0.886397
0.886072
0.886072
0.886072
0.886072
0.88643
0.88643
0.885822
0.885822
0.885718
0.885718
0.886486
0.886486
0.886512
0.886512
0.88579
0.88579
0.886143
0.886143
0.886143
0.886143
0.885794
0.885794
0.883586
0.883586
0.884994
0.884994
0.885183
0.885183
0.884281
0.884281
0.88574
0.88574
0.884602
0.884602
0.88587
0.88587
0.886594
0.886594
0.887241
0.887241
0.887302
0.887302
0.887921
0.887921
0.887187
0.887187
0.88427
0.88427
0.885183
0.885183
0.885937
0.885937
0.88457
0.88457
0.887145
0.887145
0.886925
0.886925
0.887302
0.887302
0.887295
0.887295
0.886072
0.886072
0.886072
0.886072
0.886627
0.886627
0.886603
0.886603
0.885718
0.885718
0.886029
0.886029
0.886486
0.886486
0.88631
0.88631
0.886143
0.886143
0.886143
0.886143
0.886846
0.886846
0.886817
0.886817
0.885183
0.885183
0.884994
0.884994
0.886357
0.886357
0.886203
0.886203
0.88574
0.88574
0.886634
0.886634
0.886594
0.886594
0.887573
0.887573
0.887921
0.887921
0.887302
0.887302
0.887192
0.887192
0.88739
0.88739
0.885937
0.885937
0.885183
0.885183
0.886202
0.886202
0.886307
0.886307
0.887302
0.887302
0.886925
0.886925
0.886345
0.886345
0.88717
0.88717
0.88639
0.88639
0.886435
0.886435
0.886901
0.886901
0.886901
0.886901
0.886706
0.886706
0.886901
0.886901
0.886697
0.886697
0.886901
0.886901
0.88818
0.88818
0.88823
0.88823
0.886901
0.886901
0.886901
0.886901
0.887825
0.887825
0.888269
0.888269
0.886901
0.886901
0.886901
0.886901
0.888418
0.888418
0.886901
0.886901
0.887848
0.887848
0.886901
0.886901
0.887408
0.887408
0.886173
0.886173
0.886901
0.886901
0.886901
0.886901
0.887101
0.887101
0.887788
0.887788
0.886901
0.886901
0.886901
0.886901
0.886165
0.886165
0.886233
0.886233
0.886901
0.886901
0.886901
0.886901
0.886901
0.886901
0.886491
0.886491
0.886492
0.886492
0.886307
0.886307
0.886338
0.886338
0.887832
0.887832
0.887834
0.887834
0.888035
0.888035
0.888201
0.888201
0.888068
0.888068
0.887208
0.887208
0.886833
0.886833
0.886531
0.886531
0.888192
0.888192
0.886805
0.886805
0.886658
0.886658
0.886796
0.886796
0.885381
0.885381
0.887676
0.887676
0.885772
0.885772
0.88565
0.88565
0.886901
0.886901
0.886901
0.886901
0.886901
0.886901
0.886901
0.886901
0.886901
0.886901
0.886901
0.886901
0.886901
0.886901
0.886901
0.886901
0.886901
0.886901
0.886901
0.886901
0.886901
0.886901
0.886901
0.886901
0.886901
0.886901
0.886901
0.886901
0.886901
0.886901
0.886901
0.886901
0.885202
0.885202
0.885197
0.885197
0.884808
0.884808
0.886516
0.886516
0.883881
0.883881
0.883881
0.883881
0.882804
0.882804
0.883258
0.883258
0.883551
0.883551
0.884302
0.884302
0.88666
0.88666
0.886112
0.886112
0.883245
0.883245
0.883562
0.883562
0.88656
0.88656
0.88672
0.88672
0.884001
0.884001
0.884001
0.884001
0.884001
0.884001
0.884001
0.884001
0.884001
0.884001
0.884001
0.884001
0.884001
0.884001
0.884001
0.884001
0.884001
0.884001
0.884001
0.884001
0.884001
0.884001
0.884001
0.884001
0.884001
0.884001
0.884001
0.884001
0.884001
0.884001
0.884001
0.884001
0.886143
0.886143
0.886143
0.886143
0.886143
0.886143
0.886143
0.886143
0.886594
0.886594
0.886594
0.886594
0.88574
0.88574
0.88574
0.88574
0.887668
0.887668
0.887668
0.887668
0.887588
0.887588
0.886686
0.886686
0.885803
0.885803
0.885803
0.885803
0.885889
0.885889
0.884759
0.884759
0.887921
0.887921
0.887921
0.887921
0.887302
0.887302
0.887302
0.887302
0.884994
0.884994
0.884994
0.884994
0.885183
0.885183
0.885183
0.885183
0.886371
0.886371
0.886607
0.886607
0.887499
0.887499
0.887397
0.887397
0.887828
0.887828
0.887828
0.887828
0.886901
0.886901
0.886901
0.886901
0.887805
0.887805
0.886268
0.886268
0.888742
0.888742
0.887699
0.887699
0.887227
0.887227
0.887455
0.887455
0.883639
0.883639
0.884329
0.884329
0.883835
0.883835
0.883835
0.883835
0.884001
0.884001
0.884001
0.884001
0.884869
0.884869
0.885832
0.885832
0.882989
0.882989
0.882778
0.882778
