4
2500
0.887594
0.887594
0.88758
0.88758
0.886727
0.886727
0.88673
0.88673
0.886288
0.886288
0.886349
0.886349
0.886083
0.886083
0.886101
0.886101
0.885164
0.885164
0.885148
0.885148
0.884438
0.884438
0.884463
0.884463
0.885149
0.885149
0.885151
0.885151
0.88652
0.88652
0.886544
0.886544
0.887846
0.887846
0.887895
0.887895
0.8876
0.8876
0.887179
0.887179
0.886834
0.886834
0.886817
0.886817
0.886305
0.886305
0.886321
0.886321
0.88619
0.88619
0.886144
0.886144
0.885035
0.885035
0.88509
0.88509
0.884282
0.884282
0.884424
0.884424
0.885204
0.885204
0.885106
0.885106
0.886775
0.886775
0.886522
0.886522
0.887927
0.887927
0.887972
0.887972
0.886828
0.886828
0.886627
0.886627
0.886483
0.886483
0.886309
0.886309
0.88452
0.88452
0.884383
0.884383
0.885172
0.885172
0.886964
0.886964
0.888038
0.888038
0.886646
0.886646
0.886496
0.886496
0.886687
0.886687
0.886178
0.886178
0.884871
0.884871
0.884293
0.884293
0.885127
0.885127
0.887059
0.887059
0.88801
0.88801
0.886379
0.886379
0.886494
0.886494
0.886842
0.886842
0.886299
0.886299
0.884701
0.884701
0.883581
0.883581
0.885137
0.885137
0.8869
0.8869
0.888155
0.888155
0.88655
0.88655
0.886308
0.886308
0.88692
0.88692
0.8865
0.8865
0.884616
0.884616
0.882898
0.882898
0.885136
0.885136
0.887048
0.887048
0.887901
0.887901
0.886853
0.886853
0.886285
0.886285
0.887067
0.887067
0.886175
0.886175
0.884578
0.884578
0.882767
0.882767
0.885069
0.885069
0.887367
0.887367
0.887907
0.887907
0.886632
0.886632
0.886355
0.886355
0.887198
0.887198
0.886233
0.886233
0.884311
0.884311
0.882589
0.882589
0.885115
0.885115
0.887547
0.887547
0.887595
0.887595
0.88649
0.88649
0.886358
0.886358
0.887171
0.887171
0.886565
0.886565
0.883375
0.883375
0.882866
0.882866
0.885097
0.885097
0.887538
0.887538
0.887587
0.887587
0.886251
0.886251
0.88645
0.88645
0.887324
0.887324
0.886455
0.886455
0.883272
0.883272
0.882814
0.882814
0.885011
0.885011
0.88731
0.88731
0.887642
0.887642
0.885962
0.885962
0.886453
0.886453
0.887253
0.887253
0.886842
0.886842
0.883614
0.883614
0.883146
0.883146
0.885052
0.885052
0.887366
0.887366
0.887283
0.887283
0.885993
0.885993
0.88647
0.88647
0.88727
0.88727
0.886733
0.886733
0.883628
0.883628
0.883367
0.883367
0.885011
0.885011
0.887631
0.887631
0.887234
0.887234
0.886046
0.886046
0.886452
0.886452
0.887219
0.887219
0.886705
0.886705
0.88365
0.88365
0.883448
0.883448
0.885015
0.885015
0.887593
0.887593
0.887162
0.887162
0.888357
0.888357
0.888179
0.888179
0.887764
0.887764
0.8877
0.8877
0.886334
0.886334
0.886397
0.886397
0.884524
0.884524
0.884435
0.884435
0.883565
0.883565
0.883839
0.883839
0.885336
0.885336
0.885453
0.885453
0.886109
0.886109
0.886068
0.886068
0.886868
0.886868
0.886964
0.886964
0.886518
0.886518
0.886599
0.886599
0.887759
0.887759
0.887691
0.887691
0.886156
0.886156
0.884435
0.884435
0.883178
0.883178
0.885226
0.885226
0.88605
0.88605
0.886544
0.886544
0.886709
0.886709
0.887917
0.887917
0.887708
0.887708
0.886039
0.886039
0.884131
0.884131
0.883118
0.883118
0.885189
0.885189
0.886101
0.886101
0.88649
0.88649
0.886357
0.886357
0.887903
0.887903
0.887831
0.887831
0.885883
0.885883
0.884286
0.884286
0.882683
0.882683
0.884762
0.884762
0.886056
0.886056
0.886732
0.886732
0.88635
0.88635
0.887421
0.887421
0.888017
0.888017
0.885765
0.885765
0.884264
0.884264
0.883112
0.883112
0.88437
0.88437
0.886087
0.886087
0.886967
0.886967
0.886233
0.886233
0.886681
0.886681
0.888168
0.888168
0.885855
0.885855
0.884548
0.884548
0.88276
0.88276
0.884121
0.884121
0.886071
0.886071
0.887009
0.887009
0.886765
0.886765
0.886332
0.886332
0.888091
0.888091
0.885984
0.885984
0.884802
0.884802
0.882614
0.882614
0.883649
0.883649
0.886056
0.886056
0.886935
0.886935
0.886913
0.886913
0.886422
0.886422
0.887877
0.887877
0.88608
0.88608
0.884398
0.884398
0.882327
0.882327
0.883996
0.883996
0.886117
0.886117
0.886882
0.886882
0.886767
0.886767
0.886735
0.886735
0.888034
0.888034
0.886226
0.886226
0.884803
0.884803
0.882823
0.882823
0.884429
0.884429
0.886103
0.886103
0.886852
0.886852
0.886568
0.886568
0.887293
0.887293
0.887982
0.887982
0.886239
0.886239
0.884638
0.884638
0.882911
0.882911
0.884706
0.884706
0.886165
0.886165
0.886942
0.886942
0.886279
0.886279
0.887053
0.887053
0.887956
0.887956
0.886204
0.886204
0.884418
0.884418
0.883598
0.883598
0.885216
0.885216
0.886131
0.886131
0.886548
0.886548
0.886529
0.886529
0.887162
0.887162
0.888018
0.888018
0.88629
0.88629
0.884814
0.884814
0.883957
0.883957
0.88539
0.88539
0.886077
0.886077
0.886265
0.886265
0.886479
0.886479
0.88717
0.88717
0.887164
0.887164
0.888081
0.888081
0.888097
0.888097
0.886412
0.886412
0.886439
0.886439
0.885042
0.885042
0.885037
0.885037
0.883899
0.883899
0.883921
0.883921
0.885378
0.885378
0.885427
0.885427
0.886036
0.886036
0.886061
0.886061
0.886359
0.886359
0.886379
0.886379
0.886532
0.886532
0.886531
0.886531
0.885658
0.885658
0.886331
0.886331
0.886353
0.886353
0.885627
0.885627
0.88616
0.88616
0.886118
0.886118
0.886606
0.886606
0.886607
0.886607
0.887389
0.887389
0.887324
0.887324
0.887736
0.887736
0.887766
0.887766
0.887358
0.887358
0.887405
0.887405
0.887071
0.887071
0.88702
0.88702
0.886906
0.886906
0.886954
0.886954
0.885741
0.885741
0.886367
0.886367
0.886354
0.886354
0.885936
0.885936
0.88615
0.88615
0.885926
0.885926
0.886625
0.886625
0.886439
0.886439
0.887338
0.887338
0.886984
0.886984
0.887792
0.887792
0.88782
0.88782
0.887498
0.887498
0.887746
0.887746
0.887236
0.887236
0.887519
0.887519
0.887043
0.887043
0.887199
0.887199
0.886345
0.886345
0.886388
0.886388
0.885878
0.885878
0.886495
0.886495
0.887455
0.887455
0.887807
0.887807
0.888037
0.888037
0.887692
0.887692
0.887124
0.887124
0.886322
0.886322
0.88658
0.88658
0.885993
0.885993
0.886667
0.886667
0.887561
0.887561
0.887535
0.887535
0.888195
0.888195
0.887754
0.887754
0.887682
0.887682
0.886312
0.886312
0.886674
0.886674
0.885823
0.885823
0.88643
0.88643
0.887431
0.887431
0.887349
0.887349
0.888122
0.888122
0.888302
0.888302
0.887595
0.887595
0.886358
0.886358
0.886391
0.886391
0.885742
0.885742
0.886537
0.886537
0.88697
0.88697
0.88744
0.88744
0.888002
0.888002
0.888547
0.888547
0.887606
0.887606
0.886349
0.886349
0.886395
0.886395
0.88554
0.88554
0.886451
0.886451
0.886771
0.886771
0.887339
0.887339
0.888
0.888
0.888066
0.888066
0.888133
0.888133
0.886341
0.886341
0.886655
0.886655
0.88544
0.88544
0.886219
0.886219
0.886945
0.886945
0.887206
0.887206
0.887885
0.887885
0.887775
0.887775
0.888272
0.888272
0.886333
0.886333
0.886938
0.886938
0.885272
0.885272
0.885444
0.885444
0.886928
0.886928
0.88709
0.88709
0.887845
0.887845
0.888045
0.888045
0.888209
0.888209
0.886325
0.886325
0.887277
0.887277
0.8852
0.8852
0.884841
0.884841
0.886273
0.886273
0.88716
0.88716
0.887768
0.887768
0.888271
0.888271
0.887622
0.887622
0.886329
0.886329
0.887283
0.887283
0.885061
0.885061
0.88436
0.88436
0.885188
0.885188
0.887179
0.887179
0.887831
0.887831
0.887909
0.887909
0.887179
0.887179
0.8864
0.8864
0.887296
0.887296
0.88496
0.88496
0.883623
0.883623
0.885078
0.885078
0.88724
0.88724
0.88777
0.88777
0.887575
0.887575
0.88692
0.88692
0.88634
0.88634
0.887184
0.887184
0.884864
0.884864
0.883366
0.883366
0.885139
0.885139
0.887143
0.887143
0.887748
0.887748
0.887578
0.887578
0.88687
0.88687
0.887851
0.887851
0.885335
0.885335
0.885276
0.885276
0.887885
0.887885
0.884024
0.884024
0.88411
0.88411
0.883517
0.883517
0.883676
0.883676
0.886538
0.886538
0.886655
0.886655
0.886806
0.886806
0.88684
0.88684
0.886235
0.886235
0.886296
0.886296
0.886361
0.886361
0.886453
0.886453
0.8872
0.8872
0.88731
0.88731
0.8853
0.8853
0.887639
0.887639
0.884244
0.884244
0.883856
0.883856
0.886906
0.886906
0.886939
0.886939
0.886333
0.886333
0.886598
0.886598
0.887396
0.887396
0.885245
0.885245
0.88726
0.88726
0.884648
0.884648
0.883831
0.883831
0.886569
0.886569
0.887023
0.887023
0.886181
0.886181
0.886706
0.886706
0.887593
0.887593
0.885285
0.885285
0.887401
0.887401
0.885041
0.885041
0.884233
0.884233
0.886557
0.886557
0.887181
0.887181
0.886378
0.886378
0.886653
0.886653
0.887659
0.887659
0.885298
0.885298
0.887201
0.887201
0.885306
0.885306
0.884763
0.884763
0.886554
0.886554
0.887046
0.887046
0.886452
0.886452
0.886561
0.886561
0.888145
0.888145
0.885313
0.885313
0.886782
0.886782
0.885303
0.885303
0.885414
0.885414
0.88667
0.88667
0.887102
0.887102
0.886588
0.886588
0.886672
0.886672
0.887891
0.887891
0.885346
0.885346
0.886545
0.886545
0.885683
0.885683
0.88604
0.88604
0.887348
0.887348
0.887213
0.887213
0.886563
0.886563
0.886746
0.886746
0.887274
0.887274
0.885354
0.885354
0.886284
0.886284
0.885697
0.885697
0.886573
0.886573
0.88747
0.88747
0.886862
0.886862
0.886555
0.886555
0.886669
0.886669
0.886853
0.886853
0.885295
0.885295
0.886236
0.886236
0.88597
0.88597
0.886717
0.886717
0.887822
0.887822
0.886696
0.886696
0.886612
0.886612
0.886514
0.886514
0.88654
0.88654
0.885378
0.885378
0.886191
0.886191
0.886101
0.886101
0.886966
0.886966
0.887559
0.887559
0.886766
0.886766
0.886541
0.886541
0.886165
0.886165
0.885967
0.885967
0.885393
0.885393
0.886328
0.886328
0.886107
0.886107
0.886989
0.886989
0.887278
0.887278
0.887007
0.887007
0.886416
0.886416
0.886233
0.886233
0.886276
0.886276
0.885405
0.885405
0.886105
0.886105
0.886244
0.886244
0.887774
0.887774
0.886989
0.886989
0.887049
0.887049
0.886434
0.886434
0.886256
0.886256
0.886378
0.886378
0.88594
0.88594
0.885363
0.885363
0.885375
0.885375
0.885939
0.885939
0.886165
0.886165
0.886203
0.886203
0.888067
0.888067
0.888012
0.888012
0.886969
0.886969
0.887028
0.887028
0.887059
0.887059
0.887065
0.887065
0.886432
0.886432
0.886389
0.886389
0.886309
0.886309
0.886315
0.886315
0.886333
0.886333
0.886272
0.886272
0.886753
0.886753
0.886418
0.886418
0.886418
0.886418
0.886296
0.886296
0.886736
0.886736
0.886418
0.886418
0.887368
0.887368
0.886444
0.886444
0.887162
0.887162
0.886418
0.886418
0.887887
0.887887
0.886425
0.886425
0.888125
0.888125
0.886418
0.886418
0.886855
0.886855
0.886418
0.886418
0.886785
0.886785
0.886418
0.886418
0.886441
0.886441
0.887566
0.887566
0.887566
0.887566
0.887426
0.887426
0.886442
0.886442
0.887566
0.887566
0.886578
0.886578
0.887566
0.887566
0.886541
0.886541
0.887548
0.887548
0.888031
0.888031
0.887548
0.887548
0.887676
0.887676
0.887566
0.887566
0.887956
0.887956
0.887566
0.887566
0.888157
0.888157
0.887555
0.887555
0.88632
0.88632
0.88702
0.88702
0.886233
0.886233
0.886233
0.886233
0.886761
0.886761
0.886233
0.886233
0.886786
0.886786
0.886233
0.886233
0.886243
0.886243
0.886233
0.886233
0.886413
0.886413
0.886233
0.886233
0.88683
0.88683
0.886233
0.886233
0.886429
0.886429
0.886233
0.886233
0.886647
0.886647
0.88624
0.88624
0.888367
0.888367
0.886581
0.886581
0.886581
0.886581
0.88832
0.88832
0.888085
0.888085
0.886599
0.886599
0.887911
0.887911
0.886599
0.886599
0.886754
0.886754
0.886599
0.886599
0.88622
0.88622
0.886599
0.886599
0.886111
0.886111
0.886599
0.886599
0.88655
0.88655
0.886599
0.886599
0.887194
0.887194
0.886599
0.886599
0.885814
0.885814
0.886585
0.886585
0.888119
0.888119
0.887762
0.887762
0.886247
0.886247
0.885636
0.885636
0.88633
0.88633
0.886114
0.886114
0.886564
0.886564
0.887709
0.887709
0.88718
0.88718
0.885812
0.885812
0.885734
0.885734
0.886197
0.886197
0.886499
0.886499
0.887131
0.887131
0.886522
0.886522
0.88657
0.88657
0.88686
0.88686
0.886503
0.886503
0.886123
0.886123
0.886528
0.886528
0.886855
0.886855
0.887435
0.887435
0.887784
0.887784
0.888162
0.888162
0.887683
0.887683
0.886448
0.886448
0.886574
0.886574
0.886722
0.886722
0.886746
0.886746
0.886648
0.886648
0.887051
0.887051
0.88797
0.88797
0.887274
0.887274
0.886823
0.886823
