4
2500
0.886901
0.886901
0.886901
0.886901
0.886901
0.886901
0.886901
0.886901
0.884001
0.884001
0.884001
0.884001
0.884001
0.884001
0.884001
0.884001
0.886143
0.886143
0.886143
0.886143
0.886143
0.886143
0.886143
0.886143
0.886143
0.886143
0.886143
0.886143
0.886143
0.886143
0.886143
0.886143
0.885183
0.885183
0.885183
0.885183
0.885183
0.885183
0.885183
0.885183
0.886072
0.886072
0.886072
0.886072
0.886072
0.886072
0.886072
0.886072
0.886072
0.886072
0.886072
0.886072
0.886072
0.886072
0.886072
0.886072
0.887302
0.887302
0.887302
0.887302
0.887302
0.887302
0.887302
0.887302
0.886536
0.886536
0.886536
0.886536
0.886536
0.886536
0.886536
0.886536
0.887344
0.887344
0.887344
0.887344
0.887344
0.887344
0.887344
0.887344
0.882988
0.882988
0.882988
0.882988
0.882988
0.882988
0.882988
0.882988
0.886793
0.886793
0.886793
0.886793
0.886793
0.886793
0.886793
0.886793
0.886901
0.886901
0.886901
0.886901
0.886901
0.886901
0.886901
0.886901
0.884001
0.884001
0.884001
0.884001
0.884001
0.884001
0.884001
0.884001
0.886143
0.886143
0.886143
0.886143
0.886143
0.886143
0.886143
0.886143
0.886143
0.886143
0.886143
0.886143
0.886143
0.886143
0.886143
0.886143
0.885183
0.885183
0.885183
0.885183
0.885183
0.885183
0.885183
0.885183
0.886072
0.886072
0.886072
0.886072
0.886072
0.886072
0.886072
0.886072
0.886072
0.886072
0.886072
0.886072
0.886072
0.886072
0.886072
0.886072
0.887302
0.887302
0.887302
0.887302
0.887302
0.887302
0.887302
0.887302
0.886536
0.886536
0.886536
0.886536
0.886536
0.886536
0.886536
0.886536
0.887344
0.887344
0.887344
0.887344
0.887344
0.887344
0.887344
0.887344
0.882988
0.882988
0.882988
0.882988
0.882988
0.882988
0.882988
0.882988
0.886793
0.886793
0.886793
0.886793
0.886793
0.886793
0.886793
0.886793
0.886901
0.886901
0.886901
0.886901
0.886901
0.886901
0.886901
0.886901
0.884001
0.884001
0.884001
0.884001
0.884001
0.884001
0.884001
0.884001
0.886143
0.886143
0.886143
0.886143
0.886143
0.886143
0.886143
0.886143
0.886143
0.886143
0.886143
0.886143
0.886143
0.886143
0.886143
0.886143
0.885183
0.885183
0.885183
0.885183
0.885183
0.885183
0.885183
0.885183
0.886072
0.886072
0.886072
0.886072
0.886072
0.886072
0.886072
0.886072
0.886072
0.886072
0.886072
0.886072
0.886072
0.886072
0.886072
0.886072
0.887302
0.887302
0.887302
0.887302
0.887302
0.887302
0.887302
0.887302
0.886536
0.886536
0.886536
0.886536
0.886536
0.886536
0.886536
0.886536
0.887344
0.887344
0.887344
0.887344
0.887344
0.887344
0.887344
0.887344
0.882988
0.882988
0.882988
0.882988
0.882988
0.882988
0.882988
0.882988
0.886793
0.886793
0.886793
0.886793
0.886793
0.886793
0.886793
0.886793
0.886901
0.886901
0.886901
0.886901
0.886901
0.886901
0.886901
0.886901
0.884001
0.884001
0.884001
0.884001
0.884001
0.884001
0.884001
0.884001
0.887298
0.887298
0.887298
0.887298
0.887298
0.887298
0.887298
0.887298
0.887298
0.887298
0.887298
0.887298
0.887298
0.887298
0.887298
0.887298
0.886434
0.886434
0.886434
0.886434
0.886434
0.886434
0.886434
0.886434
0.885195
0.885195
0.885195
0.885195
0.885195
0.885195
0.885195
0.885195
0.885195
0.885195
0.885195
0.885195
0.885195
0.885195
0.885195
0.885195
0.886192
0.886192
0.886192
0.886192
0.886192
0.886192
0.886192
0.886192
0.886897
0.886897
0.886897
0.886897
0.886897
0.886897
0.886897
0.886897
0.888524
0.888524
0.888524
0.888524
0.888524
0.888524
0.888524
0.888524
0.885097
0.885097
0.885097
0.885097
0.885097
0.885097
0.885097
0.885097
0.88637
0.88637
0.88637
0.88637
0.88637
0.88637
0.88637
0.88637
0.886901
0.886901
0.886901
0.886901
0.886901
0.886901
0.886901
0.886901
0.884001
0.884001
0.884001
0.884001
0.884001
0.884001
0.884001
0.884001
0.887298
0.887298
0.887298
0.887298
0.887298
0.887298
0.887298
0.887298
0.887298
0.887298
0.887298
0.887298
0.887298
0.887298
0.887298
0.887298
0.886434
0.886434
0.886434
0.886434
0.886434
0.886434
0.886434
0.886434
0.885195
0.885195
0.885195
0.885195
0.885195
0.885195
0.885195
0.885195
0.885195
0.885195
0.885195
0.885195
0.885195
0.885195
0.885195
0.885195
0.886192
0.886192
0.886192
0.886192
0.886192
0.886192
0.886192
0.886192
0.886897
0.886897
0.886897
0.886897
0.886897
0.886897
0.886897
0.886897
0.888524
0.888524
0.888524
0.888524
0.888524
0.888524
0.888524
0.888524
0.885097
0.885097
0.885097
0.885097
0.885097
0.885097
0.885097
0.885097
0.88637
0.88637
0.88637
0.88637
0.88637
0.88637
0.88637
0.88637
0.886901
0.886901
0.886901
0.886901
0.886901
0.886901
0.886901
0.886901
0.884001
0.884001
0.884001
0.884001
0.884001
0.884001
0.884001
0.884001
0.887298
0.887298
0.887298
0.887298
0.887298
0.887298
0.887298
0.887298
0.887298
0.887298
0.887298
0.887298
0.887298
0.887298
0.887298
0.887298
0.886434
0.886434
0.886434
0.886434
0.886434
0.886434
0.886434
0.886434
0.885195
0.885195
0.885195
0.885195
0.885195
0.885195
0.885195
0.885195
0.885195
0.885195
0.885195
0.885195
0.885195
0.885195
0.885195
0.885195
0.886192
0.886192
0.886192
0.886192
0.886192
0.886192
0.886192
0.886192
0.886897
0.886897
0.886897
0.886897
0.886897
0.886897
0.886897
0.886897
0.888524
0.888524
0.888524
0.888524
0.888524
0.888524
0.888524
0.888524
0.885097
0.885097
0.885097
0.885097
0.885097
0.885097
0.885097
0.885097
0.88637
0.88637
0.88637
0.88637
0.88637
0.88637
0.88637
0.88637
