4
2500
0.885183
0.885183
0.885794
0.885794
0.885794
0.885794
0.885183
0.885183
0.886435
0.886435
0.886435
0.886435
0.88587
0.88587
0.88587
0.88587
0.886203
0.886203
0.886203
0.886203
0.886265
0.886265
0.886265
0.886265
0.886265
0.886265
0.886439
0.886439
0.886439
0.886439
0.886265
0.886265
0.88656
0.88656
0.88656
0.88656
0.887195
0.887195
0.887195
0.887195
0.887302
0.887302
0.887302
0.887302
0.887809
0.887809
0.887809
0.887809
0.888104
0.888104
0.888104
0.888104
0.88699
0.88699
0.88699
0.88699
0.886641
0.886641
0.886641
0.886641
0.885967
0.885967
0.885967
0.885967
0.885441
0.885441
0.885441
0.885441
0.884982
0.884982
0.884982
0.884982
0.885228
0.885228
0.885228
0.885228
0.886901
0.886901
0.886901
0.886901
0.886901
0.886901
0.886901
0.886901
0.886901
0.886901
0.886901
0.886901
0.886901
0.886901
0.886901
0.886901
0.886901
0.886901
0.886901
0.886901
0.886901
0.886901
0.886901
0.886901
0.886901
0.886901
0.886901
0.886901
0.886901
0.886901
0.886901
0.886901
0.886901
0.886901
0.886901
0.886901
0.886901
0.886901
0.886901
0.886901
0.886901
0.886901
0.886901
0.886901
0.886901
0.886901
0.886901
0.886901
0.886901
0.886901
0.886901
0.886901
0.886901
0.886901
0.886901
0.886901
0.886901
0.886901
0.886901
0.886901
0.886901
0.886901
0.886901
0.886901
0.886901
0.886901
0.886901
0.886901
0.886901
0.886901
0.886901
0.886901
0.886901
0.886901
0.886901
0.886901
0.886901
0.886901
0.886901
0.886901
0.886901
0.886901
0.886901
0.886901
0.886901
0.886901
0.886901
0.886901
0.886901
0.886901
0.886901
0.886901
0.886901
0.886901
0.886901
0.886901
0.886901
0.886901
0.886901
0.886901
0.886901
0.886901
0.886901
0.886901
0.886901
0.886901
0.886901
0.886901
0.886901
0.886901
0.886836
0.886836
0.886836
0.886836
0.886836
0.886836
0.886836
0.886836
0.886623
0.886623
0.886623
0.886623
0.886623
0.886623
0.886623
0.886623
0.886162
0.886162
0.886162
0.886162
0.886162
0.886162
0.886162
0.886162
0.885979
0.885979
0.885979
0.885979
0.885979
0.885979
0.885979
0.885979
0.886321
0.886321
0.886321
0.886321
0.886321
0.886321
0.886321
0.886321
0.886452
0.886452
0.886452
0.886452
0.886452
0.886452
0.886452
0.886452
0.88648
0.88648
0.88648
0.88648
0.88648
0.88648
0.88648
0.88648
0.886596
0.886596
0.886596
0.886596
0.886596
0.886596
0.886596
0.886596
0.886449
0.886449
0.886449
0.886449
0.886449
0.886449
0.886449
0.886449
0.887962
0.887962
0.887962
0.887962
0.887962
0.887962
0.887962
0.887962
0.888098
0.888098
0.888098
0.888098
0.888098
0.888098
0.888098
0.888098
0.888298
0.888298
0.888298
0.888298
0.888298
0.888298
0.888298
0.888298
0.888615
0.888615
0.888615
0.888615
0.888615
0.888615
0.888615
0.888615
0.888736
0.888736
0.888736
0.888736
0.888736
0.888736
0.888736
0.888736
0.887866
0.887866
0.887866
0.887866
0.887866
0.887866
0.887866
0.887866
0.887659
0.887659
0.887659
0.887659
0.887659
0.887659
0.887659
0.887659
0.887996
0.887996
0.887996
0.887996
0.887996
0.887996
0.887996
0.887996
0.88776
0.88776
0.88776
0.88776
0.88776
0.88776
0.88776
0.88776
0.886901
0.886901
0.886901
0.886901
0.886901
0.886901
0.886901
0.886901
0.886901
0.886901
0.886901
0.886901
0.886901
0.886901
0.886901
0.886901
0.886901
0.886901
0.886901
0.886901
0.886901
0.886901
0.886901
0.886901
0.886901
0.886901
0.886901
0.886901
0.886901
0.886901
0.886901
0.886901
0.886901
0.886901
0.886901
0.886901
0.885183
0.885183
0.885794
0.885794
0.885794
0.885794
0.885183
0.885183
0.886435
0.886435
0.886435
0.886435
0.88587
0.88587
0.88587
0.88587
0.886203
0.886203
0.886203
0.886203
0.886265
0.886265
0.886265
0.886265
0.886265
0.886265
0.886439
0.886439
0.886439
0.886439
0.886265
0.886265
0.88656
0.88656
0.88656
0.88656
0.887195
0.887195
0.887195
0.887195
0.887302
0.887302
0.887302
0.887302
0.887809
0.887809
0.887809
0.887809
0.888104
0.888104
0.888104
0.888104
0.88699
0.88699
0.88699
0.88699
0.886641
0.886641
0.886641
0.886641
0.885967
0.885967
0.885967
0.885967
0.885441
0.885441
0.885441
0.885441
0.884982
0.884982
0.884982
0.884982
0.885228
0.885228
0.885228
0.885228
0.886901
0.886901
0.886901
0.886901
0.886901
0.886901
0.886901
0.886901
0.886901
0.886901
0.886901
0.886901
0.886901
0.886901
0.886901
0.886901
0.886901
0.886901
0.886901
0.886901
0.886901
0.886901
0.886901
0.886901
0.886901
0.886901
0.886901
0.886901
0.886901
0.886901
0.886901
0.886901
0.886901
0.886901
0.886901
0.886901
0.886901
0.886901
0.886901
0.886901
0.886901
0.886901
0.886901
0.886901
0.886901
0.886901
0.886901
0.886901
0.886901
0.886901
0.886901
0.886901
0.886901
0.886901
0.886901
0.886901
0.886901
0.886901
0.886901
0.886901
0.886901
0.886901
0.886901
0.886901
0.886901
0.886901
0.886901
0.886901
0.886901
0.886901
0.886901
0.886901
0.886901
0.886901
0.886901
0.886901
0.886901
0.886901
0.886901
0.886901
0.886901
0.886901
0.886901
0.886901
0.886901
0.886901
0.886901
0.886901
0.886901
0.886901
0.886901
0.886901
0.886901
0.886901
0.886901
0.886901
0.886901
0.886901
0.886901
0.886901
0.886901
0.886901
0.886901
0.886901
0.886901
0.886901
0.886901
0.886901
0.886901
0.886901
0.886836
0.886836
0.886836
0.886836
0.886836
0.886836
0.886836
0.886836
0.886623
0.886623
0.886623
0.886623
0.886623
0.886623
0.886623
0.886623
0.886162
0.886162
0.886162
0.886162
0.886162
0.886162
0.886162
0.886162
0.885979
0.885979
0.885979
0.885979
0.885979
0.885979
0.885979
0.885979
0.886321
0.886321
0.886321
0.886321
0.886321
0.886321
0.886321
0.886321
0.886452
0.886452
0.886452
0.886452
0.886452
0.886452
0.886452
0.886452
0.88648
0.88648
0.88648
0.88648
0.88648
0.88648
0.88648
0.88648
0.886596
0.886596
0.886596
0.886596
0.886596
0.886596
0.886596
0.886596
0.886449
0.886449
0.886449
0.886449
0.886449
0.886449
0.886449
0.886449
0.887962
0.887962
0.887962
0.887962
0.887962
0.887962
0.887962
0.887962
0.888098
0.888098
0.888098
0.888098
0.888098
0.888098
0.888098
0.888098
0.888298
0.888298
0.888298
0.888298
0.888298
0.888298
0.888298
0.888298
0.888615
0.888615
0.888615
0.888615
0.888615
0.888615
0.888615
0.888615
0.888736
0.888736
0.888736
0.888736
0.888736
0.888736
0.888736
0.888736
0.887866
0.887866
0.887866
0.887866
0.887866
0.887866
0.887866
0.887866
0.887659
0.887659
0.887659
0.887659
0.887659
0.887659
0.887659
0.887659
0.887996
0.887996
0.887996
0.887996
0.887996
0.887996
0.887996
0.887996
0.88776
0.88776
0.88776
0.88776
0.88776
0.88776
0.88776
0.88776
0.886901
0.886901
0.886901
0.886901
0.886901
0.886901
0.886901
0.886901
0.886901
0.886901
0.886901
0.886901
0.886901
0.886901
0.886901
0.886901
0.886901
0.886901
0.886901
0.886901
0.886901
0.886901
0.886901
0.886901
0.886901
0.886901
0.886901
0.886901
0.886901
0.886901
0.886901
0.886901
0.886901
0.886901
0.886901
0.886901
0.885183
0.885183
0.885794
0.885794
0.885794
0.885794
0.885183
0.885183
0.886435
0.886435
0.886435
0.886435
0.88587
0.88587
0.88587
0.88587
0.886203
0.886203
0.886203
0.886203
0.886265
0.886265
0.886265
0.886265
0.886265
0.886265
0.886439
0.886439
0.886439
0.886439
0.886265
0.886265
0.88656
0.88656
0.88656
0.88656
0.887195
0.887195
0.887195
0.887195
0.887302
0.887302
0.887302
0.887302
0.887809
0.887809
0.887809
0.887809
0.888104
0.888104
0.888104
0.888104
0.88699
0.88699
0.88699
0.88699
0.886641
0.886641
0.886641
0.886641
0.885967
0.885967
0.885967
0.885967
0.885441
0.885441
0.885441
0.885441
0.884982
0.884982
0.884982
0.884982
0.885228
0.885228
0.885228
0.885228
0.886901
0.886901
0.886901
0.886901
0.886901
0.886901
0.886901
0.886901
0.886901
0.886901
0.886901
0.886901
0.886901
0.886901
0.886901
0.886901
0.886901
0.886901
0.886901
0.886901
0.886901
0.886901
0.886901
0.886901
0.886901
0.886901
0.886901
0.886901
0.886901
0.886901
0.886901
0.886901
0.886901
0.886901
0.886901
0.886901
0.886901
0.886901
0.886901
0.886901
0.886901
0.886901
0.886901
0.886901
0.886901
0.886901
0.886901
0.886901
0.886901
0.886901
0.886901
0.886901
0.886901
0.886901
0.886901
0.886901
0.886901
0.886901
0.886901
0.886901
0.886901
0.886901
0.886901
0.886901
0.886901
0.886901
0.886901
0.886901
0.886901
0.886901
0.886901
0.886901
0.886901
0.886901
0.886901
0.886901
0.886901
0.886901
0.886901
0.886901
0.886901
0.886901
0.886901
0.886901
0.886901
0.886901
0.886901
0.886901
0.886901
0.886901
0.886901
0.886901
0.886901
0.886901
0.886901
0.886901
0.886901
0.886901
0.886901
0.886901
0.886901
0.886901
0.886901
0.886901
0.886901
0.886901
0.886901
0.886901
0.886901
0.886901
0.886836
0.886836
0.886836
0.886836
0.886836
0.886836
0.886836
0.886836
0.886623
0.886623
0.886623
0.886623
0.886623
0.886623
0.886623
0.886623
0.886162
0.886162
0.886162
0.886162
0.886162
0.886162
0.886162
0.886162
0.885979
0.885979
0.885979
0.885979
0.885979
0.885979
0.885979
0.885979
0.886321
0.886321
0.886321
0.886321
0.886321
0.886321
0.886321
0.886321
0.886452
0.886452
0.886452
0.886452
0.886452
0.886452
0.886452
0.886452
0.88648
0.88648
0.88648
0.88648
0.88648
0.88648
0.88648
0.88648
0.886596
0.886596
0.886596
0.886596
0.886596
0.886596
0.886596
0.886596
0.886449
0.886449
0.886449
0.886449
0.886449
0.886449
0.886412
0.886412
0.886412
0.886412
0.886412
0.886412
0.887962
0.887962
0.887962
0.887962
0.887962
0.887962
0.887962
0.887962
0.888098
0.888098
0.888098
0.888098
0.888098
0.888098
0.888098
0.888098
0.888298
0.888298
0.888298
0.888298
0.888298
0.888298
0.888298
0.888298
0.888615
0.888615
0.888615
0.888615
0.888615
0.888615
0.888615
0.888615
0.888736
0.888736
0.888736
0.888736
0.888736
0.888736
0.888736
0.888736
0.887866
0.887866
0.887866
0.887866
0.887866
0.887866
0.887866
0.887866
0.887659
0.887659
0.887659
0.887659
0.887659
0.887659
0.887659
0.887659
0.887996
0.887996
0.887996
0.887996
0.887996
0.887996
0.887996
0.887996
0.88776
0.88776
0.88776
0.88776
0.88776
0.88776
0.88776
0.88776
0.886901
0.886901
0.886901
0.886901
0.886901
0.886901
0.886901
0.886901
0.886901
0.886901
0.886901
0.886901
0.886901
0.886901
0.886901
0.886901
0.886901
0.886901
0.886901
0.886901
0.886901
0.886901
0.886901
0.886901
0.886901
0.886901
0.886901
0.886901
0.886901
0.886901
0.886901
0.886901
0.886901
0.886901
0.886901
0.886901
0.885183
0.885183
0.885794
0.885794
0.885794
0.885794
0.885183
0.885183
0.886435
0.886435
0.886435
0.886435
0.88587
0.88587
0.88587
0.88587
0.886203
0.886203
0.886203
0.886203
0.886265
0.886265
0.886265
0.886265
0.886265
0.886265
0.886439
0.886439
0.886439
0.886439
0.886265
0.886265
0.88656
0.88656
0.88656
0.88656
0.887195
0.887195
0.887195
0.887195
0.887302
0.887302
0.887302
0.887302
0.887809
0.887809
0.887809
0.887809
0.888104
0.888104
0.888104
0.888104
0.88699
0.88699
0.88699
0.88699
0.886641
0.886641
0.886641
0.886641
0.885967
0.885967
0.885967
0.885967
0.885441
0.885441
0.885441
0.885441
0.884982
0.884982
0.884982
0.884982
0.885228
0.885228
0.885228
0.885228
0.886901
0.886901
0.886901
0.886901
0.886901
0.886901
0.886901
0.886901
0.886901
0.886901
0.886901
0.886901
0.886901
0.886901
0.886901
0.886901
0.886901
0.886901
0.886901
0.886901
0.886901
0.886901
0.886901
0.886901
0.886901
0.886901
0.886901
0.886901
0.886901
0.886901
0.886901
0.886901
0.886901
0.886901
0.886901
0.886901
0.886901
0.886901
0.886901
0.886901
0.886901
0.886901
0.886901
0.886901
0.886901
0.886901
0.886901
0.886901
0.886901
0.886901
0.886901
0.886901
0.886901
0.886901
0.886901
0.886901
0.886901
0.886901
0.886901
0.886901
0.886901
0.886901
0.886901
0.886901
0.886901
0.886901
0.886901
0.886901
0.886901
0.886901
0.886901
0.886901
0.886901
0.886901
0.886901
0.886901
0.886901
0.886901
0.886901
0.886901
0.886901
0.886901
0.886901
0.886901
0.886901
0.886901
0.886901
0.886901
0.886901
0.886901
0.886901
0.886901
0.886901
0.886901
0.886901
0.886901
0.886901
0.886901
0.886901
0.886901
0.886901
0.886901
0.886901
0.886901
0.886901
0.886901
0.886901
0.886901
0.886901
0.886901
0.886836
0.886836
0.886836
0.886836
0.886836
0.886836
0.886836
0.886836
0.886623
0.886623
0.886623
0.886623
0.886623
0.886623
0.886623
0.886623
0.886162
0.886162
0.886162
0.886162
0.886162
0.886162
0.886162
0.886162
0.885979
0.885979
0.885979
0.885979
0.885979
0.885979
0.885979
0.885979
0.886321
0.886321
0.886321
0.886321
0.886321
0.886321
0.886321
0.886321
0.886452
0.886452
0.886452
0.886452
0.886452
0.886452
0.886452
0.886452
0.88648
0.88648
0.88648
0.88648
0.88648
0.88648
0.88648
0.88648
0.886596
0.886596
0.886596
0.886596
0.886596
0.886596
0.886596
0.886596
0.886491
0.886491
0.886491
0.886491
0.886491
0.886491
0.886449
0.886449
0.886449
0.886449
0.886449
0.886449
0.887962
0.887962
0.887962
0.887962
0.887962
0.887962
0.88804
0.88804
0.88804
0.88804
0.88804
0.88804
0.888098
0.888098
0.888098
0.888098
0.888098
0.888098
0.888098
0.888098
0.888298
0.888298
0.888298
0.888298
0.888298
0.888298
0.888298
0.888298
0.888615
0.888615
0.888615
0.888615
0.888615
0.888615
0.888615
0.888615
0.888736
0.888736
0.888736
0.888736
0.888736
0.888736
0.888736
0.888736
0.887866
0.887866
0.887866
0.887866
0.887866
0.887866
0.887866
0.887866
0.887659
0.887659
0.887659
0.887659
0.887659
0.887659
0.887659
0.887659
0.887996
0.887996
0.887996
0.887996
0.887996
0.887996
0.887996
0.887996
0.88776
0.88776
0.88776
0.88776
0.88776
0.88776
0.88776
0.88776
0.886901
0.886901
0.886901
0.886901
0.886901
0.886901
0.886901
0.886901
0.886901
0.886901
0.886901
0.886901
0.886901
0.886901
0.886901
0.886901
0.886901
0.886901
0.886901
0.886901
0.886901
0.886901
0.886901
0.886901
0.886901
0.886901
0.886901
0.886901
0.886901
0.886901
0.886901
0.886901
0.886901
0.886901
0.886901
0.886901
0.885183
0.885183
0.885794
0.885794
0.885794
0.885794
0.885183
0.885183
0.886435
0.886435
0.886435
0.886435
0.88587
0.88587
0.88587
0.88587
0.886203
0.886203
0.886203
0.886203
0.886265
0.886265
0.886265
0.886265
0.886265
0.886265
0.886439
0.886439
0.886439
0.886439
0.886265
0.886265
0.88656
0.88656
0.88656
0.88656
0.887195
0.887195
0.887195
0.887195
0.887302
0.887302
0.887302
0.887302
0.887809
0.887809
0.887809
0.887809
0.888104
0.888104
0.888104
0.888104
0.88699
0.88699
0.88699
0.88699
0.886641
0.886641
0.886641
0.886641
0.885967
0.885967
0.885967
0.885967
0.885441
0.885441
0.885441
0.885441
0.884982
0.884982
0.884982
0.884982
0.885228
0.885228
0.885228
0.885228
0.886901
0.886901
0.886901
0.886901
0.886901
0.886901
0.886901
0.886901
0.886901
0.886901
0.886901
0.886901
0.886901
0.886901
0.886901
0.886901
0.886901
0.886901
0.886901
0.886901
0.886901
0.886901
0.886901
0.886901
0.886901
0.886901
0.886901
0.886901
0.886901
0.886901
0.886901
0.886901
0.886901
0.886901
0.886901
0.886901
0.886901
0.886901
0.886901
0.886901
0.886901
0.886901
0.886901
0.886901
0.886901
0.886901
0.886901
0.886901
0.886901
0.886901
0.886901
0.886901
0.886901
0.886901
0.886901
0.886901
0.886901
0.886901
0.886901
0.886901
0.886901
0.886901
0.886901
0.886901
0.886901
0.886901
0.886901
0.886901
0.886901
0.886901
0.886901
0.886901
0.886901
0.886901
0.886901
0.886901
0.886901
0.886901
0.886901
0.886901
0.886901
0.886901
0.886901
0.886901
0.886901
0.886901
0.886901
0.886901
0.886901
0.886901
0.886901
0.886901
0.886901
0.886901
0.886901
0.886901
0.886901
0.886901
0.886901
0.886901
0.886901
0.886901
0.886901
0.886901
0.886901
0.886901
0.886901
0.886901
0.886901
0.886901
0.886836
0.886836
0.886836
0.886836
0.886836
0.886836
0.886836
0.886836
0.886623
0.886623
0.886623
0.886623
0.886623
0.886623
0.886623
0.886623
0.886162
0.886162
0.886162
0.886162
0.886162
0.886162
0.886162
0.886162
0.885979
0.885979
0.885979
0.885979
0.885979
0.885979
0.885979
0.885979
0.886321
0.886321
0.886321
0.886321
0.886321
0.886321
0.886321
0.886321
0.886452
0.886452
0.886452
0.886452
0.886452
0.886452
0.886452
0.886452
0.88648
0.88648
0.88648
0.88648
0.88648
0.88648
0.88648
0.88648
0.886596
0.886596
0.886596
0.886596
0.886596
0.886596
0.886596
0.886596
0.886491
0.886491
0.886491
0.886491
0.886491
0.886491
0.886449
0.886449
0.886449
0.886449
0.886449
0.886449
0.887962
0.887962
0.887962
0.887962
0.887962
0.887962
0.88804
0.88804
0.88804
0.88804
0.88804
0.88804
0.888098
0.888098
0.888098
0.888098
0.888098
0.888098
0.888098
0.888098
0.888298
0.888298
0.888298
0.888298
0.888298
0.888298
0.888298
0.888298
0.888615
0.888615
0.888615
0.888615
0.888615
0.888615
0.888615
0.888615
0.888736
0.888736
0.888736
0.888736
0.888736
0.888736
0.888736
0.888736
0.887866
0.887866
0.887866
0.887866
0.887866
0.887866
0.887866
0.887866
0.887659
0.887659
0.887659
0.887659
0.887659
0.887659
0.887659
0.887659
0.887996
0.887996
0.887996
0.887996
0.887996
0.887996
0.887996
0.887996
0.88776
0.88776
0.88776
0.88776
0.88776
0.88776
0.88776
0.88776
0.886901
0.886901
0.886901
0.886901
0.886901
0.886901
0.886901
0.886901
0.886901
0.886901
0.886901
0.886901
0.886901
0.886901
0.886901
0.886901
0.886901
0.886901
0.886901
0.886901
0.886901
0.886901
0.886901
0.886901
0.886901
0.886901
0.886901
0.886901
0.886901
0.886901
0.886901
0.886901
0.886901
0.886901
0.886901
0.886901
