4
2500
0.885183
0.885183
0.885794
0.885794
0.885794
0.885794
0.885183
0.885183
0.886435
0.886435
0.886435
0.886435
0.88587
0.88587
0.88587
0.88587
0.886203
0.886203
0.886203
0.886203
0.886265
0.886265
0.886265
0.886265
0.886265
0.886265
0.886439
0.886439
0.886439
0.886439
0.886265
0.886265
0.88656
0.88656
0.88656
0.88656
0.887195
0.887195
0.887195
0.887195
0.887302
0.887302
0.887302
0.887302
0.887809
0.887809
0.887809
0.887809
0.888104
0.888104
0.888104
0.888104
0.88699
0.88699
0.88699
0.88699
0.886641
0.886641
0.886641
0.886641
0.885967
0.885967
0.885967
0.885967
0.885441
0.885441
0.885441
0.885441
0.884982
0.884982
0.884982
0.884982
0.885228
0.885228
0.885228
0.885228
0.885794
0.885794
0.885183
0.885183
0.886435
0.886435
0.88587
0.88587
0.886203
0.886203
0.886265
0.886265
0.886439
0.886439
0.886265
0.886265
0.88656
0.88656
0.887195
0.887195
0.887302
0.887302
0.887809
0.887809
0.888104
0.888104
0.88699
0.88699
0.886641
0.886641
0.885967
0.885967
0.885441
0.885441
0.884982
0.884982
0.885228
0.885228
0.885794
0.885794
0.885183
0.885183
0.886435
0.886435
0.88587
0.88587
0.886203
0.886203
0.886265
0.886265
0.886439
0.886439
0.886265
0.886265
0.88656
0.88656
0.887195
0.887195
0.887302
0.887302
0.887809
0.887809
0.888104
0.888104
0.88699
0.88699
0.886641
0.886641
0.885967
0.885967
0.885441
0.885441
0.884982
0.884982
0.885228
0.885228
0.885794
0.885794
0.885183
0.885183
0.886435
0.886435
0.88587
0.88587
0.886203
0.886203
0.886265
0.886265
0.886439
0.886439
0.886265
0.886265
0.88656
0.88656
0.887195
0.887195
0.887302
0.887302
0.887809
0.887809
0.888104
0.888104
0.88699
0.88699
0.886641
0.886641
0.885967
0.885967
0.885441
0.885441
0.884982
0.884982
0.885228
0.885228
0.885794
0.885794
0.885183
0.885183
0.886435
0.886435
0.88587
0.88587
0.886203
0.886203
0.886265
0.886265
0.886439
0.886439
0.886265
0.886265
0.88656
0.88656
0.887195
0.887195
0.887302
0.887302
0.887809
0.887809
0.888104
0.888104
0.88699
0.88699
0.886641
0.886641
0.885967
0.885967
0.885441
0.885441
0.884982
0.884982
0.885228
0.885228
0.886901
0.886901
0.886901
0.886901
0.886901
0.886901
0.886901
0.886901
0.886901
0.886901
0.886901
0.886901
0.886901
0.886901
0.886901
0.886901
0.886901
0.886901
0.886901
0.886901
0.886901
0.886901
0.886901
0.886901
0.886901
0.886901
0.886901
0.886901
0.886901
0.886901
0.886901
0.886901
0.886901
0.886901
0.886901
0.886901
0.886901
0.886901
0.886901
0.886901
0.886901
0.886901
0.886901
0.886901
0.886901
0.886901
0.886901
0.886901
0.886901
0.886901
0.886901
0.886901
0.886901
0.886901
0.886901
0.886901
0.886901
0.886901
0.886901
0.886901
0.886901
0.886901
0.886901
0.886901
0.886901
0.886901
0.886901
0.886901
0.886901
0.886901
0.886901
0.886901
0.886901
0.886901
0.886901
0.886901
0.884001
0.884001
0.884001
0.884001
0.884001
0.884001
0.884001
0.884001
0.884001
0.884001
0.884001
0.884001
0.884001
0.884001
0.884001
0.884001
0.884001
0.884001
0.884001
0.884001
0.884001
0.884001
0.884001
0.884001
0.884001
0.884001
0.884001
0.884001
0.884001
0.884001
0.884001
0.884001
0.884001
0.884001
0.884001
0.884001
0.884001
0.884001
0.884001
0.884001
0.884001
0.884001
0.884001
0.884001
0.884001
0.884001
0.884001
0.884001
0.884001
0.884001
0.884001
0.884001
0.884001
0.884001
0.884001
0.884001
0.884001
0.884001
0.884001
0.884001
0.884001
0.884001
0.884001
0.884001
0.884001
0.884001
0.884001
0.884001
0.884001
0.884001
0.884001
0.884001
0.884001
0.884001
0.884001
0.884001
0.88699
0.88699
0.888104
0.888104
0.888104
0.888104
0.88699
0.88699
0.887809
0.887809
0.887809
0.887809
0.887302
0.887302
0.887302
0.887302
0.887195
0.887195
0.887195
0.887195
0.88656
0.88656
0.88656
0.88656
0.886439
0.886439
0.886439
0.886439
0.886265
0.886265
0.886265
0.886265
0.886203
0.886203
0.886203
0.886203
0.88587
0.88587
0.88587
0.88587
0.886435
0.886435
0.886435
0.886435
0.885794
0.885794
0.885794
0.885794
0.885183
0.885183
0.885183
0.885183
0.885228
0.885228
0.885228
0.885228
0.884982
0.884982
0.884982
0.884982
0.885441
0.885441
0.885441
0.885441
0.885967
0.885967
0.885967
0.885967
0.886641
0.886641
0.886641
0.886641
0.886641
0.886641
0.886641
0.886641
