4
2500
0.886213
0.886213
0.886653
0.886653
0.886723
0.886723
0.886324
0.886324
0.885761
0.885761
0.885614
0.885614
0.887147
0.887147
0.886559
0.886559
0.886107
0.886107
0.886649
0.886649
0.883204
0.883204
0.887003
0.887003
0.886054
0.886054
0.885044
0.885044
0.887241
0.887241
0.887092
0.887092
0.887031
0.887031
0.887325
0.887325
0.887417
0.887417
0.887072
0.887072
0.887111
0.887111
0.887196
0.887196
0.887299
0.887299
0.887216
0.887216
0.887418
0.887418
0.88505
0.88505
0.884392
0.884392
0.885716
0.885716
0.884368
0.884368
0.888158
0.888158
0.888353
0.888353
0.886078
0.886078
0.888193
0.888193
0.886796
0.886796
0.886415
0.886415
0.886137
0.886137
0.886445
0.886445
0.886198
0.886198
0.886897
0.886897
0.886987
0.886987
0.886804
0.886804
0.886858
0.886858
0.886849
0.886849
0.886904
0.886904
0.887016
0.887016
0.886513
0.886513
0.886532
0.886532
0.887205
0.887205
0.887408
0.887408
0.887114
0.887114
0.887392
0.887392
0.884448
0.884448
0.884257
0.884257
0.88606
0.88606
0.884012
0.884012
0.884859
0.884859
0.886259
0.886259
0.885978
0.885978
0.885484
0.885484
0.885946
0.885946
0.885073
0.885073
0.88666
0.88666
0.885906
0.885906
0.887222
0.887222
0.885863
0.885863
0.887672
0.887672
0.886556
0.886556
0.88614
0.88614
0.886464
0.886464
0.886124
0.886124
0.884118
0.884118
0.883882
0.883882
0.883161
0.883161
0.884058
0.884058
0.886164
0.886164
0.887235
0.887235
0.887121
0.887121
0.886991
0.886991
0.887199
0.887199
0.886798
0.886798
0.885015
0.885015
0.885699
0.885699
0.884358
0.884358
0.882763
0.882763
0.884045
0.884045
0.883544
0.883544
0.88381
0.88381
0.882851
0.882851
0.883672
0.883672
0.882899
0.882899
0.887843
0.887843
0.887658
0.887658
0.886235
0.886235
0.887084
0.887084
0.887601
0.887601
0.887181
0.887181
0.887213
0.887213
0.887318
0.887318
0.886883
0.886883
0.886844
0.886844
0.886387
0.886387
0.885911
0.885911
0.88617
0.88617
0.887663
0.887663
0.887662
0.887662
0.886377
0.886377
0.887752
0.887752
0.887407
0.887407
0.88703
0.88703
0.886246
0.886246
0.88628
0.88628
0.88729
0.88729
0.887089
0.887089
0.887764
0.887764
0.885096
0.885096
0.886025
0.886025
0.886811
0.886811
0.886622
0.886622
0.886636
0.886636
0.886601
0.886601
0.886578
0.886578
0.886397
0.886397
0.887262
0.887262
0.887142
0.887142
0.886986
0.886986
0.886883
0.886883
0.887302
0.887302
0.887133
0.887133
0.887159
0.887159
0.884012
0.884012
0.883784
0.883784
0.884648
0.884648
0.883763
0.883763
0.884052
0.884052
0.884099
0.884099
0.885707
0.885707
0.884835
0.884835
0.885768
0.885768
0.884642
0.884642
0.884719
0.884719
0.884057
0.884057
0.883814
0.883814
0.883741
0.883741
0.884849
0.884849
0.883164
0.883164
0.884502
0.884502
0.884374
0.884374
0.883525
0.883525
0.883153
0.883153
0.886537
0.886537
0.886797
0.886797
0.887149
0.887149
0.886562
0.886562
0.887232
0.887232
0.887156
0.887156
0.88728
0.88728
0.887452
0.887452
0.887341
0.887341
0.887288
0.887288
0.887221
0.887221
0.887531
0.887531
0.887111
0.887111
0.884184
0.884184
0.884326
0.884326
0.88645
0.88645
0.886438
0.886438
0.88375
0.88375
0.883902
0.883902
0.885702
0.885702
0.883892
0.883892
0.883962
0.883962
0.884771
0.884771
0.883992
0.883992
0.885607
0.885607
0.886739
0.886739
0.882946
0.882946
0.883873
0.883873
0.883897
0.883897
0.883196
0.883196
0.887144
0.887144
0.885764
0.885764
0.886589
0.886589
0.885381
0.885381
0.886393
0.886393
0.886206
0.886206
0.886503
0.886503
0.886934
0.886934
0.88602
0.88602
0.88633
0.88633
0.887082
0.887082
0.885779
0.885779
0.887014
0.887014
0.886283
0.886283
0.887073
0.887073
0.887867
0.887867
0.887517
0.887517
0.887819
0.887819
0.886201
0.886201
0.886229
0.886229
0.886106
0.886106
0.887164
0.887164
0.887504
0.887504
0.887933
0.887933
0.887844
0.887844
0.887531
0.887531
0.88586
0.88586
0.886808
0.886808
0.886167
0.886167
0.88671
0.88671
0.887518
0.887518
0.886675
0.886675
0.886187
0.886187
0.885954
0.885954
0.886105
0.886105
0.886159
0.886159
0.886147
0.886147
0.886072
0.886072
0.886444
0.886444
0.886591
0.886591
0.88667
0.88667
0.887434
0.887434
0.886259
0.886259
0.885889
0.885889
0.88809
0.88809
0.887294
0.887294
0.886407
0.886407
0.886232
0.886232
0.887985
0.887985
0.886889
0.886889
0.888372
0.888372
0.88738
0.88738
0.885334
0.885334
0.885761
0.885761
0.886668
0.886668
0.888336
0.888336
0.886205
0.886205
0.887034
0.887034
0.886433
0.886433
0.886689
0.886689
0.886845
0.886845
0.886422
0.886422
0.886531
0.886531
0.886348
0.886348
0.886324
0.886324
0.886371
0.886371
0.886454
0.886454
0.885836
0.885836
0.886973
0.886973
0.887302
0.887302
0.88727
0.88727
0.886534
0.886534
0.886848
0.886848
0.886193
0.886193
0.886917
0.886917
0.887179
0.887179
0.886762
0.886762
0.886804
0.886804
0.886907
0.886907
0.886817
0.886817
0.883975
0.883975
0.884015
0.884015
0.883706
0.883706
0.883638
0.883638
0.884515
0.884515
0.884444
0.884444
0.883172
0.883172
0.883029
0.883029
0.88397
0.88397
0.884074
0.884074
0.884987
0.884987
0.884082
0.884082
0.884047
0.884047
0.887143
0.887143
0.887166
0.887166
0.887136
0.887136
0.887179
0.887179
0.883895
0.883895
0.88371
0.88371
0.884265
0.884265
0.882975
0.882975
0.884101
0.884101
0.884074
0.884074
0.883836
0.883836
0.883936
0.883936
0.886989
0.886989
0.883037
0.883037
0.883677
0.883677
0.884114
0.884114
0.884705
0.884705
0.883685
0.883685
0.885577
0.885577
0.886985
0.886985
0.885279
0.885279
0.883135
0.883135
0.883548
0.883548
0.88671
0.88671
0.886635
0.886635
0.886245
0.886245
0.886686
0.886686
0.88624
0.88624
0.886602
0.886602
0.886005
0.886005
0.884173
0.884173
0.884685
0.884685
0.884641
0.884641
0.886697
0.886697
0.886457
0.886457
0.886914
0.886914
0.88743
0.88743
0.887903
0.887903
0.88683
0.88683
0.88608
0.88608
0.886211
0.886211
0.885855
0.885855
0.886813
0.886813
0.886444
0.886444
0.8878
0.8878
0.887294
0.887294
0.887104
0.887104
0.887596
0.887596
0.886758
0.886758
0.886554
0.886554
0.887436
0.887436
0.887689
0.887689
0.886715
0.886715
0.88738
0.88738
0.88754
0.88754
0.886628
0.886628
0.886513
0.886513
0.886762
0.886762
0.887081
0.887081
0.887024
0.887024
0.887022
0.887022
0.885005
0.885005
0.884889
0.884889
0.887066
0.887066
0.88555
0.88555
0.887104
0.887104
0.888117
0.888117
0.887234
0.887234
0.886903
0.886903
0.887151
0.887151
0.886606
0.886606
0.885728
0.885728
0.886478
0.886478
0.886022
0.886022
0.886987
0.886987
0.886691
0.886691
0.886852
0.886852
0.886883
0.886883
0.886587
0.886587
0.886817
0.886817
0.88593
0.88593
0.886171
0.886171
0.885963
0.885963
0.887001
0.887001
0.885944
0.885944
0.886086
0.886086
0.885918
0.885918
0.88692
0.88692
0.887331
0.887331
0.88714
0.88714
0.88295
0.88295
0.885228
0.885228
0.886437
0.886437
0.886874
0.886874
0.885833
0.885833
0.887846
0.887846
0.883622
0.883622
0.884888
0.884888
0.884575
0.884575
0.887312
0.887312
0.886164
0.886164
0.886653
0.886653
0.886309
0.886309
0.887005
0.887005
0.884797
0.884797
0.886234
0.886234
0.888253
0.888253
0.884677
0.884677
0.884525
0.884525
0.885917
0.885917
0.884375
0.884375
0.884439
0.884439
0.88653
0.88653
0.886043
0.886043
0.884885
0.884885
0.886966
0.886966
0.888134
0.888134
0.886745
0.886745
0.886411
0.886411
0.888106
0.888106
0.883352
0.883352
0.887905
0.887905
0.884761
0.884761
