4
2500
0.884001
0.884001
0.884001
0.884001
0.884001
0.884001
0.884001
0.884001
0.886024
0.886024
0.886024
0.886024
0.886024
0.886024
0.886024
0.886024
0.886901
0.886901
0.886901
0.886901
0.886901
0.886901
0.886901
0.886901
0.88774
0.88774
0.88774
0.88774
0.88774
0.88774
0.88774
0.88774
0.884001
0.884001
0.884001
0.884001
0.884001
0.884001
0.884001
0.884001
0.88785
0.88785
0.88785
0.88785
0.88785
0.88785
0.88785
0.88785
0.886901
0.886901
0.886901
0.886901
0.886901
0.886901
0.886901
0.886901
0.886763
0.886763
0.886763
0.886763
0.886763
0.886763
0.886763
0.886763
0.884982
0.884982
0.884982
0.884982
0.884982
0.884982
0.884982
0.884982
0.884982
0.884982
0.884982
0.884982
0.884982
0.884982
0.884982
0.884982
0.88656
0.88656
0.88656
0.88656
0.88656
0.88656
0.88656
0.88656
0.88656
0.88656
0.88656
0.88656
0.88656
0.88656
0.88656
0.88656
0.884001
0.884001
0.884001
0.884001
0.884001
0.884001
0.884001
0.884001
0.886974
0.886974
0.886974
0.886974
0.886974
0.886974
0.886974
0.886974
0.886901
0.886901
0.886901
0.886901
0.886901
0.886901
0.886901
0.886901
0.885014
0.885014
0.885014
0.885014
0.885014
0.885014
0.885014
0.885014
0.884001
0.884001
0.884001
0.884001
0.884001
0.884001
0.884001
0.884001
0.885836
0.885836
0.885836
0.885836
0.885836
0.885836
0.885836
0.885836
0.886901
0.886901
0.886901
0.886901
0.886901
0.886901
0.886901
0.886901
0.887001
0.887001
0.887001
0.887001
0.887001
0.887001
0.887001
0.887001
0.886182
0.886182
0.886182
0.886182
0.886182
0.886182
0.886182
0.886182
0.886182
0.886182
0.886182
0.886182
0.886182
0.886182
0.886182
0.886182
0.887598
0.887598
0.887598
0.887598
0.887598
0.887598
0.887598
0.887598
0.887598
0.887598
0.887598
0.887598
0.887598
0.887598
0.887598
0.887598
