4
2500
0.886869
0.886869
0.886327
0.886327
0.886785
0.886785
0.886834
0.886834
0.886266
0.886266
0.886592
0.886592
0.886013
0.886013
0.886601
0.886601
0.886639
0.886639
0.887223
0.887223
0.886848
0.886848
0.887795
0.887795
0.887989
0.887989
0.887698
0.887698
0.887726
0.887726
0.887421
0.887421
0.887782
0.887782
0.886828
0.886828
0.886955
0.886955
0.886591
0.886591
0.886513
0.886513
0.885875
0.885875
0.887471
0.887471
0.886376
0.886376
0.886012
0.886012
0.886337
0.886337
0.88688
0.88688
0.886625
0.886625
0.886501
0.886501
0.886002
0.886002
0.886866
0.886866
0.886392
0.886392
0.886666
0.886666
0.886702
0.886702
0.886345
0.886345
0.886179
0.886179
0.886748
0.886748
0.887954
0.887954
0.888087
0.888087
0.887845
0.887845
0.888178
0.888178
0.888176
0.888176
0.887789
0.887789
0.887894
0.887894
0.887551
0.887551
0.886818
0.886818
0.8869
0.8869
0.886339
0.886339
0.886901
0.886901
0.886901
0.886901
0.886901
0.886901
0.886901
0.886901
0.886901
0.886901
0.886901
0.886901
0.886901
0.886901
0.886901
0.886901
0.886901
0.886901
0.886901
0.886901
0.886901
0.886901
0.886901
0.886901
0.886901
0.886901
0.886901
0.886901
0.886901
0.886901
